0.00000000099999999993 0.00000000099999999993 0.00000000099999999993 0.00000000099999999993 0.00000000099999999993 0.00000000099999999993 0.99999999399999994765 
0.00000000099999999991 0.00000000099999999991 0.00000000099999999991 0.00000000099999999991 0.00000000099999999991 0.00000000099999999991 0.99999999400000005867 
0.00000000099999999994 0.00000000099999999994 0.00000000099999999994 0.00000000099999999994 0.00000000099999999994 0.00000000099999999994 0.99999999400000005867 
0.00000000099999999993 0.00000000099999999993 0.00000000099999999993 0.00000000099999999993 0.00000000099999999993 0.00000000099999999993 0.99999999399999994765 
0.00000000099999999993 0.00000000099999999993 0.00000000099999999993 0.00000000099999999993 0.00000000099999999993 0.00000000099999999993 0.99999999400000005867 
0.33768505271125492939 0.00000000099999999998 0.00000000099999999998 0.09650731113751728762 0.00000000099999999998 0.00000000099999999998 0.56580763215122775733 
0.31160064710273738253 0.00000000099999999999 0.07627518226567867043 0.08676353402675433812 0.00000000099999999999 0.00000000099999999999 0.52536063360482943008 
0.00000000099999999986 0.00000000099999999986 0.00000000099999999986 0.00000000099999999986 0.00000000099999999986 0.00000000099999999986 0.99999999399999994765 
0.34102109352326859248 0.00000000100000000000 0.04753398759792793610 0.11360901744833003246 0.00000000100000000000 0.02818986848856276650 0.46964603094191054167 
0.29617678889356102712 0.00000000100000000000 0.05150630842586022273 0.10625976191152652905 0.00272513062872534835 0.00000000100000000000 0.54333200814032678316 
0.00000000099999999994 0.00000000099999999994 0.99999999400000005867 0.00000000099999999994 0.00000000099999999994 0.00000000099999999994 0.00000000099999999994 
0.00000000099999999996 0.00000000099999999996 0.99999999400000005867 0.00000000099999999996 0.00000000099999999996 0.00000000099999999996 0.00000000099999999996 
0.00000000099999999996 0.00000000099999999996 0.99999999399999994765 0.00000000099999999996 0.00000000099999999996 0.00000000099999999996 0.00000000099999999996 
0.00000000099999999996 0.00000000099999999996 0.99999999399999994765 0.00000000099999999996 0.00000000099999999996 0.00000000099999999996 0.00000000099999999996 
0.00000000099999999999 0.00000000099999999999 0.91769981557425295282 0.00000000099999999999 0.00000000099999999999 0.03917706583458752806 0.04312311459115959061 
0.00000000099999999996 0.00000000099999999996 0.99999999399999994765 0.00000000099999999996 0.00000000099999999996 0.00000000099999999996 0.00000000099999999996 
0.00000000099999999997 0.00000000099999999997 0.99999999076044587820 0.00000000099999999997 0.00000000099999999997 0.00000000423955407970 0.00000000099999999997 
0.00000000099999999998 0.00000000099999999998 0.94597668229982179167 0.00000000099999999998 0.05402331270017826648 0.00000000099999999998 0.00000000099999999998 
0.00000000100000000000 0.09277908441277032958 0.77639640067670701029 0.00000000100000000000 0.00024521152254428536 0.04583794664325678558 0.08474135474472151153 
0.00000000099999999996 0.00000000099999999996 0.99999999400000005867 0.00000000099999999996 0.00000000099999999996 0.00000000099999999996 0.00000000099999999996 
0.53635833093405083094 0.00000000100000000000 0.00000000100000000000 0.00000000100000000000 0.09463234127095775106 0.00647022307313235064 0.36253910172185899174 
0.51238426855721863618 0.02123899704048838599 0.06673899605226608911 0.00728569262901798860 0.03475388042251210952 0.01147284752737322625 0.34612531777112348630 
0.99999999400000016969 0.00000000099999999983 0.00000000099999999983 0.00000000099999999983 0.00000000099999999983 0.00000000099999999983 0.00000000099999999983 
0.43454239505976366420 0.03086500366376785862 0.00000000100000000000 0.02831697752334906906 0.06771941141543555420 0.01580397845581170760 0.42275223288187213644 
0.48181706582615868584 0.00000000100000000000 0.08868982936485117485 0.00000000100000000000 0.01538641011296651775 0.00000000100000000000 0.41410669169602370987 
0.52348026355775345575 0.00000000100000000000 0.09182565599245359755 0.00000000100000000000 0.00000000100000000000 0.00000000100000000000 0.38469407644979303207 
0.48391577000612334691 0.00000000100000000000 0.08124094274903821689 0.05156426493217575874 0.06316126076903023912 0.00000000100000000000 0.32011775954363247410 
0.99999999400000016969 0.00000000099999999986 0.00000000099999999986 0.00000000099999999986 0.00000000099999999986 0.00000000099999999986 0.00000000099999999986 
0.52701627320812038935 0.00000000099999999999 0.10877579463965479645 0.00000000099999999999 0.00000000099999999999 0.00000000099999999999 0.36420792815222502448 
0.99999999400000016969 0.00000000099999999982 0.00000000099999999982 0.00000000099999999982 0.00000000099999999982 0.00000000099999999982 0.00000000099999999982 
0.00000000099999999961 0.00000000099999999961 0.00000000099999999961 0.99999999400000005867 0.00000000099999999961 0.00000000099999999961 0.00000000099999999961 
0.00000000099999999966 0.00000000099999999966 0.00000000099999999966 0.99999999399999994765 0.00000000099999999966 0.00000000099999999966 0.00000000099999999966 
0.00000000099999999963 0.00000000099999999963 0.00000000099999999963 0.99999999399999994765 0.00000000099999999963 0.00000000099999999963 0.00000000099999999963 
0.00000000099999999965 0.00000000099999999965 0.00000000099999999965 0.99999999400000005867 0.00000000099999999965 0.00000000099999999965 0.00000000099999999965 
0.00000000099999999965 0.00000000099999999965 0.00000000099999999965 0.99999999399999994765 0.00000000099999999965 0.00000000099999999965 0.00000000099999999965 
0.00000000099999999961 0.00000000099999999961 0.00000000099999999961 0.99999999400000005867 0.00000000099999999961 0.00000000099999999961 0.00000000099999999961 
0.00000000099999999963 0.00000000099999999963 0.00000000099999999963 0.99999999399999994765 0.00000000099999999963 0.00000000099999999963 0.00000000099999999963 
0.00000000099999999968 0.00000000099999999968 0.00000000099999999968 0.99999999399999994765 0.00000000099999999968 0.00000000099999999968 0.00000000099999999968 
0.00000000099999999965 0.00000000099999999965 0.00000000099999999965 0.99999999399999994765 0.00000000099999999965 0.00000000099999999965 0.00000000099999999965 
0.00000000099999999963 0.00000000099999999963 0.00000000099999999963 0.99999999400000005867 0.00000000099999999963 0.00000000099999999963 0.00000000099999999963 
0.00000000099999999988 0.00000000099999999988 0.00000000099999999988 0.99999999399999994765 0.00000000099999999988 0.00000000099999999988 0.00000000099999999988 
0.00000000099999999997 0.00000000099999999997 0.00000000099999999997 0.95198233861961534252 0.04801765638038458378 0.00000000099999999997 0.00000000099999999997 
0.00000000099999999974 0.00000000099999999974 0.00000000099999999974 0.99999999399999994765 0.00000000099999999974 0.00000000099999999974 0.00000000099999999974 
0.00000000099999999972 0.00000000099999999972 0.00000000099999999972 0.99999999400000005867 0.00000000099999999972 0.00000000099999999972 0.00000000099999999972 
0.00000000099999999972 0.00000000099999999972 0.00000000099999999972 0.99999999400000005867 0.00000000099999999972 0.00000000099999999972 0.00000000099999999972 
0.00000000099999999976 0.00000000099999999976 0.00000000099999999976 0.99999999399999994765 0.00000000099999999976 0.00000000099999999976 0.00000000099999999976 
0.00000000099999999972 0.00000000099999999972 0.00000000099999999972 0.99999999400000005867 0.00000000099999999972 0.00000000099999999972 0.00000000099999999972 
0.00000000099999999971 0.00000000099999999971 0.00000000099999999971 0.99999999400000005867 0.00000000099999999971 0.00000000099999999971 0.00000000099999999971 
0.00000000099999999973 0.00000000099999999973 0.00000000099999999973 0.99999999400000005867 0.00000000099999999973 0.00000000099999999973 0.00000000099999999973 
0.00000000099999999972 0.00000000099999999972 0.00000000099999999972 0.99999999399999994765 0.00000000099999999972 0.00000000099999999972 0.00000000099999999972 
0.00000000099999999988 0.00000000099999999988 0.00000000099999999988 0.00000000099999999988 0.99999999399999994765 0.00000000099999999988 0.00000000099999999988 
0.00000000099999999985 0.00000000099999999985 0.00000000099999999985 0.00000000099999999985 0.99999999399999994765 0.00000000099999999985 0.00000000099999999985 
0.00000000099999999979 0.00000000099999999979 0.00000000099999999979 0.00000000099999999979 0.99999999400000005867 0.00000000099999999979 0.00000000099999999979 
0.00000000099999999976 0.99999999400000005867 0.00000000099999999976 0.00000000099999999976 0.00000000099999999976 0.00000000099999999976 0.00000000099999999976 
0.00000000099999999984 0.00000000099999999984 0.00000000099999999984 0.00000000099999999984 0.99999999400000005867 0.00000000099999999984 0.00000000099999999984 
0.00000000099999999998 0.27539452045376749956 0.35869681869265690466 0.00000000099999999998 0.31911025041512053324 0.04679840743845493922 0.00000000099999999998 
0.00000000099999999993 0.99999999400000005867 0.00000000099999999993 0.00000000099999999993 0.00000000099999999993 0.00000000099999999993 0.00000000099999999993 
0.00000000099999999949 0.00000000099999999949 0.00000000099999999949 0.00000000099999999949 0.00000000099999999949 0.99999999399999994765 0.00000000099999999949 
0.00000000099999999984 0.00000000099999999984 0.00000000099999999984 0.00000000099999999984 0.00000000099999999984 0.99999999400000005867 0.00000000099999999984 
0.00000000099999999999 0.34475173272011699899 0.27984425030007314961 0.00000000099999999999 0.33217293792902469196 0.04323107605078511245 0.00000000099999999999 
0.00000000099999999979 0.00000000099999999979 0.00000000099999999979 0.00000000099999999979 0.99999999399999994765 0.00000000099999999979 0.00000000099999999979 
0.00000000099999999997 0.38799304391653888224 0.28347967935869688993 0.00000000099999999997 0.26831230007085871136 0.06021497365390553191 0.00000000099999999997 
0.00000000099999999993 0.35284547983428476980 0.00000000099999999993 0.00000000099999999993 0.64715451516571509405 0.00000000099999999993 0.00000000099999999993 
0.00000000099999999982 0.99999999400000016969 0.00000000099999999982 0.00000000099999999982 0.00000000099999999982 0.00000000099999999982 0.00000000099999999982 
0.00000000099999999999 0.27590985116641625341 0.30212349969860091692 0.00000000099999999999 0.36774810296736754056 0.05421854316761519355 0.00000000099999999999 
0.00000000099999999997 0.27269740072204762260 0.34738943021848012194 0.00000000099999999997 0.34082549520427940504 0.03908767085519277568 0.00000000099999999997 
0.00000000099999999948 0.00000000099999999948 0.00000000099999999948 0.00000000099999999948 0.00000000099999999948 0.99999999400000005867 0.00000000099999999948 
0.00000000099999999976 0.99999999400000016969 0.00000000099999999976 0.00000000099999999976 0.00000000099999999976 0.00000000099999999976 0.00000000099999999976 
0.00000000099999999985 0.99999999400000005867 0.00000000099999999985 0.00000000099999999985 0.00000000099999999985 0.00000000099999999985 0.00000000099999999985 
0.00000000099999999999 0.28678333372898301423 0.32888261316833600212 0.00000000099999999999 0.34171225326179327508 0.04262179684088768933 0.00000000099999999999 
0.00000000099999999999 0.20554090787364631687 0.36330466064641303570 0.00000000099999999999 0.41281132324885022600 0.01834310523109041607 0.00000000099999999999 
