0.95493856813206012824 0.04506143086793971964 0.00000000099999999999 
0.88516165638291899320 0.11483834261708099345 0.00000000099999999999 
0.92139906722190267896 0.07860093177809725218 0.00000000099999999999 
0.87080266222214608440 0.12919733677785386061 0.00000000099999999999 
0.88582621168261999056 0.11417378731738000996 0.00000000099999999999 
0.85948637098676305968 0.14051362801323685758 0.00000000099999999999 
0.89546966068559907814 0.10453033831440079748 0.00000000099999999999 
0.86557348879121676077 0.13442651020878315649 0.00000000099999999999 
0.88122428320517187661 0.11877571579482808228 0.00000000100000000000 
0.87804621830973272889 0.12195378069026716061 0.00000000099999999999 
0.13794411346414298114 0.00000000100000000000 0.86205588553585710265 
0.15099025689221276525 0.00000000100000000000 0.84900974210778712425 
0.16424366619489452757 0.00000000100000000000 0.83575633280510552847 
0.13210225430810543235 0.00000000100000000000 0.86789774469189451267 
0.18092232249545264766 0.00000000099999999999 0.81907767650454732511 
0.15251745749340492320 0.00000000100000000000 0.84748254150659518835 
0.16405164471473293597 0.00000000099999999999 0.83594835428526714782 
0.14694101811429408078 0.00000000100000000000 0.85305898088570586424 
0.18461444202054169694 0.00000000100000000000 0.81538555697945824807 
0.17793049202426983180 0.00000000100000000000 0.82206950697573011322 
0.99999999800000005656 0.00000000100000000000 0.00000000100000000000 
0.99816750493576567038 0.00000000100000000000 0.00183249406423448952 
0.99999999799999994554 0.00000000099999999999 0.00000000099999999999 
0.99999999799999994554 0.00000000100000000000 0.00000000100000000000 
0.99999999799999994554 0.00000000099999999999 0.00000000099999999999 
0.99999999799999994554 0.00000000099999999999 0.00000000099999999999 
0.96414186278504632188 0.00008580666676752728 0.03577233054818621666 
0.99999999799999994554 0.00000000099999999999 0.00000000099999999999 
0.99999999800000005656 0.00000000099999999999 0.00000000099999999999 
0.99999999799999994554 0.00000000099999999999 0.00000000099999999999 
0.00000000099999999988 0.99999999800000005656 0.00000000099999999988 
0.00000000099999999989 0.99999999800000005656 0.00000000099999999989 
0.00000000099999999989 0.99999999800000005656 0.00000000099999999989 
0.00000000099999999989 0.99999999800000005656 0.00000000099999999989 
0.00000000099999999989 0.99999999800000005656 0.00000000099999999989 
0.00000000099999999988 0.99999999799999994554 0.00000000099999999988 
0.00000000099999999989 0.99999999800000005656 0.00000000099999999989 
0.00000000099999999990 0.99999999799999994554 0.00000000099999999990 
0.00000000099999999989 0.99999999799999994554 0.00000000099999999989 
0.00000000099999999989 0.99999999799999994554 0.00000000099999999989 
0.00000000099999999995 0.99999999799999994554 0.00000000099999999995 
0.00000000099999999997 0.99999999800000005656 0.00000000099999999997 
0.00000000099999999992 0.99999999799999994554 0.00000000099999999992 
0.00000000099999999992 0.99999999800000005656 0.00000000099999999992 
0.00000000099999999991 0.99999999799999994554 0.00000000099999999991 
0.00000000099999999993 0.99999999799999994554 0.00000000099999999993 
0.00000000099999999993 0.99999999800000005656 0.00000000099999999993 
0.00000000099999999992 0.99999999799999994554 0.00000000099999999992 
0.00000000099999999992 0.99999999800000005656 0.00000000099999999992 
0.00000000099999999991 0.99999999799999994554 0.00000000099999999991 
0.08011073496267702432 0.00000000099999999999 0.91988926403732296233 
0.02199161360724933775 0.00000000100000000000 0.97800838539275058992 
0.00000000099999999999 0.00000000099999999999 0.99999999800000005656 
0.00000000099999999998 0.00000000099999999998 0.99999999799999994554 
0.00000000099999999999 0.00000000099999999999 0.99999999800000005656 
0.00000000100000000000 0.00000000531964640009 0.99999999368035352720 
0.00000000100000000000 0.01120859400838343511 0.98879140499161655153 
0.00000000099999999998 0.00000000099999999998 0.99999999800000005656 
0.00000000099999999999 0.00000000099999999999 0.99999999799999994554 
0.04446558888753290861 0.00000000100000000000 0.95553441011246709191 
0.00000000099999999999 0.00000000099999999999 0.99999999799999994554 
0.00000000100000000000 0.00000000100000000000 0.99999999800000005656 
0.00000000099999999999 0.00000000099999999999 0.99999999799999994554 
0.00000000099999999999 0.00000000099999999999 0.99999999799999994554 
0.02287648628156190023 0.00000000100000000000 0.97712351271843811418 
0.00000000099999999999 0.00000000099999999999 0.99999999800000005656 
0.00000000099999999998 0.00000000099999999998 0.99999999800000005656 
0.00000000099999999998 0.00000000099999999998 0.99999999800000005656 
0.00000000099999999999 0.00000000099999999999 0.99999999799999994554 
0.00000156771269611455 0.00000225875513408045 0.99999617353216985194 
0.06084297444016333045 0.00000000100000000000 0.93915702455983662844 
