0.00000000099999999996 0.00000000099999999996 0.99999999399999994765 0.00000000099999999996 0.00000000099999999996 0.00000000099999999996 0.00000000099999999996 
0.00000000099999999995 0.00000000099999999995 0.99999999399999994765 0.00000000099999999995 0.00000000099999999995 0.00000000099999999995 0.00000000099999999995 
0.00000000099999999997 0.00000000099999999997 0.99999999399999994765 0.00000000099999999997 0.00000000099999999997 0.00000000099999999997 0.00000000099999999997 
0.00000000099999999996 0.00000063834934437538 0.99578696894922735794 0.00421238870142840935 0.00000000099999999996 0.00000000099999999996 0.00000000099999999996 
0.00000000099999999997 0.00000000099999999997 0.99999999399999994765 0.00000000099999999997 0.00000000099999999997 0.00000000099999999997 0.00000000099999999997 
0.00000000099999999996 0.00000000099999999996 0.97902774512023360565 0.02097224987976639698 0.00000000099999999996 0.00000000099999999996 0.00000000099999999996 
0.00000000099999999996 0.00000000099999999996 0.99999999400000005867 0.00000000099999999996 0.00000000099999999996 0.00000000099999999996 0.00000000099999999996 
0.00000000099999999993 0.00000028504000395212 0.99986632542708009375 0.00013338553291601017 0.00000000099999999993 0.00000000099999999993 0.00000000099999999993 
0.00000000099999999999 0.00865311519151679837 0.99128307023277950627 0.00006381057570389027 0.00000000099999999999 0.00000000099999999999 0.00000000099999999999 
0.00000000099999999997 0.00000002269319963723 0.99965997066313616592 0.00034000264366417854 0.00000000099999999997 0.00000000099999999997 0.00000000099999999997 
0.99999999400000005867 0.00000000099999999993 0.00000000099999999993 0.00000000099999999993 0.00000000099999999993 0.00000000099999999993 0.00000000099999999993 
0.99999999400000005867 0.00000000099999999993 0.00000000099999999993 0.00000000099999999993 0.00000000099999999993 0.00000000099999999993 0.00000000099999999993 
0.99999999400000016969 0.00000000099999999994 0.00000000099999999994 0.00000000099999999994 0.00000000099999999994 0.00000000099999999994 0.00000000099999999994 
0.99999999400000005867 0.00000000099999999994 0.00000000099999999994 0.00000000099999999994 0.00000000099999999994 0.00000000099999999994 0.00000000099999999994 
0.99999999400000016969 0.00000000099999999996 0.00000000099999999996 0.00000000099999999996 0.00000000099999999996 0.00000000099999999996 0.00000000099999999996 
0.99999999400000005867 0.00000000099999999994 0.00000000099999999994 0.00000000099999999994 0.00000000099999999994 0.00000000099999999994 0.00000000099999999994 
0.99999999400000005867 0.00000000099999999995 0.00000000099999999995 0.00000000099999999995 0.00000000099999999995 0.00000000099999999995 0.00000000099999999995 
0.99999999400000016969 0.00000000099999999995 0.00000000099999999995 0.00000000099999999995 0.00000000099999999995 0.00000000099999999995 0.00000000099999999995 
0.68311962532672498849 0.00000000100000000000 0.00000000100000000000 0.02462039055320616732 0.29225998012006892957 0.00000000100000000000 0.00000000100000000000 
0.99999999400000016969 0.00000000099999999995 0.00000000099999999995 0.00000000099999999995 0.00000000099999999995 0.00000000099999999995 0.00000000099999999995 
0.12250356471708721828 0.00000000100000000000 0.82575332229661990713 0.00000000100000000000 0.00000000100000000000 0.05174310868502610822 0.00000000130126696145 
0.19331171164576355093 0.00000000099999999999 0.80668828311116980156 0.00000000099999999999 0.00000000099999999999 0.00000000099999999999 0.00000000124306683283 
0.19079429592615179678 0.00000000099999999999 0.80920569907384831687 0.00000000099999999999 0.00000000099999999999 0.00000000099999999999 0.00000000099999999999 
0.00000000099999999999 0.00000000099999999999 0.85728583918490897098 0.00000000099999999999 0.14271415581509092063 0.00000000099999999999 0.00000000099999999999 
0.14975376382391475394 0.00000000099999999999 0.85024623117608533196 0.00000000099999999999 0.00000000099999999999 0.00000000099999999999 0.00000000099999999999 
0.00000000099999999999 0.00000000099999999999 0.88249669610896708249 0.00000000099999999999 0.11750329889103285075 0.00000000099999999999 0.00000000099999999999 
0.22229218144789261724 0.00000000099999999999 0.75920691057591627171 0.01850090397619118601 0.00000000099999999999 0.00000000099999999999 0.00000000099999999999 
0.00000000099999999999 0.00000000099999999999 0.86183818450717863957 0.00000000099999999999 0.13816181049282139082 0.00000000099999999999 0.00000000099999999999 
0.17569227789302227505 0.00000000099999999998 0.82430771710697781085 0.00000000099999999998 0.00000000099999999998 0.00000000099999999998 0.00000000099999999998 
0.15477841981938098015 0.00000000099999999999 0.84522157518061902248 0.00000000099999999999 0.00000000099999999999 0.00000000099999999999 0.00000000099999999999 
0.00000000099999999966 0.54192644248311050426 0.00000000099999999966 0.45807355251688952613 0.00000000099999999966 0.00000000099999999966 0.00000000099999999966 
0.00000000099999999965 0.00000000099999999965 0.00000000099999999965 0.99999999400000005867 0.00000000099999999965 0.00000000099999999965 0.00000000099999999965 
0.00000000099999999961 0.99999999400000016969 0.00000000099999999961 0.00000000099999999961 0.00000000099999999961 0.00000000099999999961 0.00000000099999999961 
0.00000000099999999964 0.00000000099999999964 0.00000000099999999964 0.99999999400000005867 0.00000000099999999964 0.00000000099999999964 0.00000000099999999964 
0.00000000099999999962 0.99999999400000005867 0.00000000099999999962 0.00000000099999999962 0.00000000099999999962 0.00000000099999999962 0.00000000099999999962 
0.00000000099999999962 0.00000000099999999962 0.00000000099999999962 0.99999999400000005867 0.00000000099999999962 0.00000000099999999962 0.00000000099999999962 
0.00000000099999999964 0.00000000099999999964 0.00000000099999999964 0.99999999400000005867 0.00000000099999999964 0.00000000099999999964 0.00000000099999999964 
0.00000000099999999965 0.00000000099999999965 0.00000000099999999965 0.99999999399999994765 0.00000000099999999965 0.00000000099999999965 0.00000000099999999965 
0.00000000099999999964 0.00000000099999999964 0.00000000099999999964 0.99999999400000005867 0.00000000099999999964 0.00000000099999999964 0.00000000099999999964 
0.00000000099999999963 0.00000000099999999963 0.00000000099999999963 0.99999999399999994765 0.00000000099999999963 0.00000000099999999963 0.00000000099999999963 
0.00000000099999999974 0.00000000099999999974 0.00000000099999999974 0.99999999399999994765 0.00000000099999999974 0.00000000099999999974 0.00000000099999999974 
0.00000000099999999973 0.99999999400000005867 0.00000000099999999973 0.00000000099999999973 0.00000000099999999973 0.00000000099999999973 0.00000000099999999973 
0.00000000099999999969 0.00000000099999999969 0.00000000099999999969 0.99999999399999994765 0.00000000099999999969 0.00000000099999999969 0.00000000099999999969 
0.00000000099999999966 0.99999999400000016969 0.00000000099999999966 0.00000000099999999966 0.00000000099999999966 0.00000000099999999966 0.00000000099999999966 
0.00000000099999999965 0.99999999400000016969 0.00000000099999999965 0.00000000099999999965 0.00000000099999999965 0.00000000099999999965 0.00000000099999999965 
0.00000000099999999971 0.00000000099999999971 0.00000000099999999971 0.99999999399999994765 0.00000000099999999971 0.00000000099999999971 0.00000000099999999971 
0.00000000099999999966 0.99999999400000005867 0.00000000099999999966 0.00000000099999999966 0.00000000099999999966 0.00000000099999999966 0.00000000099999999966 
0.00000000099999999965 0.99999999400000005867 0.00000000099999999965 0.00000000099999999965 0.00000000099999999965 0.00000000099999999965 0.00000000099999999965 
0.00000000099999999965 0.99999999400000016969 0.00000000099999999965 0.00000000099999999965 0.00000000099999999965 0.00000000099999999965 0.00000000099999999965 
0.00000000099999999976 0.31803764431475584074 0.00000000099999999976 0.68196235068524402312 0.00000000099999999976 0.00000000099999999976 0.00000000099999999976 
0.37158126248742573416 0.00000000099999999999 0.00000000099999999999 0.00000000099999999999 0.62841873251257429622 0.00000000099999999999 0.00000000099999999999 
0.38756665442411974976 0.00000000099999999999 0.00000000099999999999 0.00000000099999999999 0.61243334057588028063 0.00000000099999999999 0.00000000099999999999 
0.00000000099999999982 0.00000000099999999982 0.00000000099999999982 0.00000000099999999982 0.00000000099999999982 0.99999999399999994765 0.00000000099999999982 
0.00000000099999999978 0.00000000099999999978 0.00000000099999999978 0.00000000099999999978 0.00000000099999999978 0.99999999400000005867 0.00000000099999999978 
0.00000000099999999995 0.00000000099999999995 0.00000000099999999995 0.00000000099999999995 0.99999999400000005867 0.00000000099999999995 0.00000000099999999995 
0.00000000099999999997 0.00000000099999999997 0.00000000099999999997 0.00000000099999999997 0.99999999399999994765 0.00000000099999999997 0.00000000099999999997 
0.31734542147400190970 0.00000000099999999999 0.00000000099999999999 0.00000000099999999999 0.67678620510387144105 0.00000000099999999999 0.00586836942212662447 
0.00000000099999999944 0.00000000099999999944 0.00000000099999999944 0.00000000099999999944 0.00000000099999999944 0.00000000099999999944 0.99999999400000005867 
0.00000000099999999994 0.00000000099999999994 0.00000000099999999994 0.00000000099999999994 0.99999999399999994765 0.00000000099999999994 0.00000000099999999994 
0.00000000099999999996 0.00000000099999999996 0.00000000099999999996 0.00000000099999999996 0.99999999400000005867 0.00000000099999999996 0.00000000099999999996 
0.00000000099999999984 0.00000000099999999984 0.00000000099999999984 0.00000000099999999984 0.00000000099999999984 0.99999999400000005867 0.00000000099999999984 
0.00000000099999999996 0.00000000099999999996 0.00000000099999999996 0.00000000099999999996 0.99999999399999994765 0.00000000099999999996 0.00000000099999999996 
0.28741513943341850945 0.00000000099999999998 0.00000000099999999998 0.00000000099999999998 0.71258485520789716094 0.00000000135868413033 0.00000000099999999998 
0.00000000099999999990 0.00000000099999999990 0.00000000099999999990 0.00000000099999999990 0.99999999399999994765 0.00000000099999999990 0.00000000099999999990 
0.29096182930936581590 0.00000000099999999999 0.00000000099999999999 0.00000000099999999999 0.70207115503458139560 0.00000194796178750813 0.00696506469426517831 
0.33116928267833245503 0.00000000099999999997 0.00000000099999999997 0.00000000099999999997 0.66736254634857616885 0.00000000099999999997 0.00146816697309125723 
0.00000000099999999946 0.00000000099999999946 0.00000000099999999946 0.00000000099999999946 0.00000000099999999946 0.00000000099999999946 0.99999999400000005867 
0.00000000099999999977 0.00000000099999999977 0.00000000099999999977 0.00000000099999999977 0.00000000099999999977 0.99999999399999994765 0.00000000099999999977 
0.00000000099999999995 0.00000000099999999995 0.00000000099999999995 0.00000000099999999995 0.99999999400000005867 0.00000000099999999995 0.00000000099999999995 
0.00000000099999999995 0.00000000099999999995 0.00000000099999999995 0.00000000099999999995 0.99999999399999994765 0.00000000099999999995 0.00000000099999999995 
0.38256299620116568372 0.00000000100000000000 0.00000000100000000000 0.00000000100000000000 0.56753311937474593130 0.03719995656020567282 0.01270392486388262354 
