0.00000000099999999998 0.04018060213988720181 0.95981939586011288945 0.00000000099999999998 
0.00000000099999999998 0.11055220290657986892 0.88944779509342009050 0.00000000099999999998 
0.00000000099999999998 0.07445055805347730593 0.92554943994652261186 0.00000000099999999998 
0.00000000099999999998 0.12510572754131873974 0.87489427045868117805 0.00000000099999999998 
0.00000000099999999999 0.11009552423326512960 0.88990447376673487145 0.00000000099999999999 
0.00000000099999999998 0.13664384643453866830 0.86335615156546141602 0.00000000099999999998 
0.00000000099999999998 0.10043817819978341499 0.89956181980021643341 0.00000000099999999998 
0.00000000099999999997 0.12998840498913438735 0.87001159301086550268 0.00000000099999999997 
0.00000000099999999999 0.11523825084167045596 0.88476174715832955897 0.00000000099999999999 
0.00000000099999999999 0.11804807955390991814 0.88195191844608999965 0.00000000099999999999 
0.89598377330827039255 0.00000000100000000000 0.10401622469172966401 0.00000000100000000000 
0.88480224038045207635 0.00000000099999999999 0.11519775761954796633 0.00000000099999999999 
0.86480748991972011819 0.00000000100000000000 0.13519250808027974409 0.00000000100000000000 
0.89822286035307519203 0.00000000100000000000 0.10177713764692483678 0.00000000100000000000 
0.83692473602771644270 0.00000000100000000000 0.16028124319830558409 0.00279401977397795509 
0.87621923506844745511 0.00000000099999999999 0.12378076293155264309 0.00000000099999999999 
0.86283959101903895395 0.00000000099999999999 0.13716040698096093609 0.00000000099999999999 
0.87960157161908780754 0.00000000100000000000 0.12039839728849903444 0.00000003009241313632 
0.83028108618276652564 0.00000000100000000000 0.16389411345453563928 0.00582479936269789372 
0.85166043384065415189 0.00000000099999999999 0.14833956415934584916 0.00000000099999999999 
0.00000008515451986286 0.00000000100000000000 0.99893053684755550581 0.00106937699792476922 
0.00001366792950500561 0.00000000100000000000 0.99175626032560937340 0.00823007074488557415 
0.00000000099999999999 0.00000000099999999999 0.99999999699999997382 0.00000000099999999999 
0.00000000100000000000 0.00000000100000000000 0.99878538070668021476 0.00121461729331971474 
0.00000000099999999999 0.00000000099999999999 0.99999999699999986280 0.00000000099999999999 
0.00000000099999999999 0.00000000099999999999 0.99999999699999986280 0.00000000099999999999 
0.04940516990581775292 0.00359756854192252009 0.94699726055225974530 0.00000000100000000000 
0.00000000099999999999 0.00000000099999999999 0.99999999699999997382 0.00000000099999999999 
0.00000000099999999999 0.00000000099999999999 0.99999999699999997382 0.00000000099999999999 
0.00000000099999999999 0.00000000099999999999 0.99999999699999986280 0.00000000099999999999 
0.00000000099999999981 0.99999999700000008485 0.00000000099999999981 0.00000000099999999981 
0.00000000099999999983 0.99999999699999997382 0.00000000099999999983 0.00000000099999999983 
0.00000000099999999982 0.99999999699999997382 0.00000000099999999982 0.00000000099999999982 
0.00000000099999999983 0.99999999700000008485 0.00000000099999999983 0.00000000099999999983 
0.00000000099999999983 0.99999999700000008485 0.00000000099999999983 0.00000000099999999983 
0.00000000099999999981 0.99999999700000008485 0.00000000099999999981 0.00000000099999999981 
0.00000000099999999982 0.99999999700000008485 0.00000000099999999982 0.00000000099999999982 
0.00000000099999999983 0.99999999700000008485 0.00000000099999999983 0.00000000099999999983 
0.00000000099999999982 0.99999999700000008485 0.00000000099999999982 0.00000000099999999982 
0.00000000099999999982 0.99999999699999997382 0.00000000099999999982 0.00000000099999999982 
0.00000000099999999991 0.99999999699999997382 0.00000000099999999991 0.00000000099999999991 
0.00000000099999999996 0.99999999700000008485 0.00000000099999999996 0.00000000099999999996 
0.00000000099999999986 0.99999999699999997382 0.00000000099999999986 0.00000000099999999986 
0.00000000099999999987 0.99999999699999997382 0.00000000099999999987 0.00000000099999999987 
0.00000000099999999986 0.99999999699999997382 0.00000000099999999986 0.00000000099999999986 
0.00000000099999999989 0.99999999699999997382 0.00000000099999999989 0.00000000099999999989 
0.00000000099999999988 0.99999999700000008485 0.00000000099999999988 0.00000000099999999988 
0.00000000099999999986 0.99999999700000008485 0.00000000099999999986 0.00000000099999999986 
0.00000000099999999987 0.99999999699999997382 0.00000000099999999987 0.00000000099999999987 
0.00000000099999999986 0.99999999700000008485 0.00000000099999999986 0.00000000099999999986 
0.93799009746379879982 0.00000000099999999999 0.06200990053620120818 0.00000000099999999999 
0.99504295375863482942 0.00000000100000000000 0.00000000100000000000 0.00495704424136525577 
0.97040468239424282348 0.00000000099999999999 0.00000000099999999999 0.02959531560575725043 
0.99999999699999997382 0.00000000099999999997 0.00000000099999999997 0.00000000099999999997 
0.94324847834306646543 0.00000000099999999999 0.00000000099999999999 0.05675151965693367440 
0.98930353980671270619 0.00000000100000000000 0.00000000100000000000 0.01069645819328734343 
0.96983615665994571398 0.00511709420209402032 0.00000000100000000000 0.02504674813796020291 
0.00000000099999999972 0.00000000099999999972 0.00000000099999999972 0.99999999699999997382 
0.99999999699999997382 0.00000000099999999999 0.00000000099999999999 0.00000000099999999999 
0.92920689880211393419 0.00000000100000000000 0.03883644786138400196 0.03195665233650208520 
0.99469776203380810831 0.00000000099999999999 0.00000000099999999999 0.00530223596619188928 
0.97845291460697236818 0.00000000099999999999 0.00000000099999999999 0.02154708339302775430 
0.99177741539035935148 0.00000000099999999999 0.00000000099999999999 0.00822258260964075366 
0.99999999700000008485 0.00000000099999999998 0.00000000099999999998 0.00000000099999999998 
0.97455743492029234254 0.00000000100000000000 0.00094798749284435524 0.02449457658686338135 
0.98369005012815324829 0.00000000099999999999 0.00000000099999999999 0.01630994787184672154 
0.00000000099999999973 0.00000000099999999973 0.00000000099999999973 0.99999999699999997382 
0.99999999700000008485 0.00000000099999999998 0.00000000099999999998 0.00000000099999999998 
0.97137510016393313617 0.00000000099999999999 0.00000000099999999999 0.02862489783606686836 
0.99040326924549393350 0.00000000100000000000 0.00000000100000000000 0.00959672875450606234 
0.93222983476980014750 0.00000000100000000000 0.04305816042944500543 0.02471200380075500719 
