0.00000000099999999999 0.00000000099999999999 0.00000000099999999999 0.03692907686292316860 0.96307091913707687514 0.00000000099999999999 
0.01773938858592770049 0.00000000099999999997 0.00000000099999999997 0.00000000099999999997 0.98226060741407217325 0.00000000099999999997 
0.06266367596289268427 0.00000000099999999999 0.00000000099999999999 0.08010842613723030692 0.85722789489987694100 0.00000000099999999999 
0.04563488280443491613 0.00000000099999999999 0.00000000099999999999 0.00000000099999999999 0.95436511319556494026 0.00000000099999999999 
0.05637767683767865023 0.00000000099999999999 0.00000000099999999999 0.00000000099999999999 0.94362231916232142126 0.00000000099999999999 
0.06038913762984730871 0.00000000099999999997 0.00000000099999999997 0.00000000099999999997 0.93961085837015256850 0.00000000099999999997 
0.05856527851836050569 0.07604791804587325565 0.00000000099999999999 0.00000000099999999999 0.86538680043576621248 0.00000000099999999999 
0.04590344119344610951 0.00000000099999999996 0.00000000099999999996 0.00000000099999999996 0.95409655480655375381 0.00000000099999999996 
0.09678281735126720298 0.06645944365374582830 0.00000000100000000000 0.00000000100000000000 0.81046904073721970363 0.02628869625776742228 
0.08131570162296047899 0.02306192248388660646 0.02733864257507551826 0.00000000100000000000 0.86489928658041737020 0.00338444573765996765 
0.00000000099999999995 0.99999999500000014141 0.00000000099999999995 0.00000000099999999995 0.00000000099999999995 0.00000000099999999995 
0.00000000099999999997 0.99999999500000014141 0.00000000099999999997 0.00000000099999999997 0.00000000099999999997 0.00000000099999999997 
0.00000000099999999996 0.99999999500000003039 0.00000000099999999996 0.00000000099999999996 0.00000000099999999996 0.00000000099999999996 
0.00000000099999999997 0.99999999500000003039 0.00000000099999999997 0.00000000099999999997 0.00000000099999999997 0.00000000099999999997 
0.00000000099999999999 0.98838289716959848441 0.00000000099999999999 0.00000000099999999999 0.01161125915618811157 0.00000584067421365868 
0.00000000099999999997 0.99999999500000014141 0.00000000099999999997 0.00000000099999999997 0.00000000099999999997 0.00000000099999999997 
0.00000000099999999998 0.99999999500000003039 0.00000000099999999998 0.00000000099999999998 0.00000000099999999998 0.00000000099999999998 
0.00000000099999999998 0.99999999500000014141 0.00000000099999999998 0.00000000099999999998 0.00000000099999999998 0.00000000099999999998 
0.00000000100000000000 0.75373392939409999958 0.01229203936004511638 0.11341384901190601497 0.08979805941100732491 0.03076212182294180489 
0.00000000099999999997 0.99999999500000003039 0.00000000099999999997 0.00000000099999999997 0.00000000099999999997 0.00000000099999999997 
0.00000000100000000000 0.00000000100000000000 0.02404291157841027815 0.12785787049546021299 0.83496736412201122413 0.01313185180411833089 
0.00000000100000000000 0.07822158830845998834 0.01658372216422889303 0.07975115543979074961 0.80992452717097740411 0.01551900591654304003 
0.00000000099999999999 0.00000000099999999999 0.00000000099999999999 0.13431656047176360191 0.86568343552823634468 0.00000000099999999999 
0.01834110427416861880 0.00000000100000000000 0.02932276868058019542 0.10672406630657867155 0.82995772286563052056 0.01565433687304201155 
0.00000000100000000000 0.10262700291824930487 0.00000002895132178593 0.03809502746854943889 0.84223557410165472703 0.01704236556022485638 
0.00000000100000000000 0.10733860968217813492 0.03326866156271982705 0.01092046093655978274 0.84847226581854229277 0.00000000100000000000 
0.04044878423881048679 0.12802310744970452072 0.03415667862350865724 0.02779800894794073191 0.76149314765987852205 0.00808027308015701884 
0.00000000100000000000 0.01841304528332757609 0.00364695576760514341 0.10099562293543516700 0.86307386767355276369 0.01387050734007932128 
0.00000000099999999999 0.16945282000380171294 0.00000000099999999999 0.00000000099999999999 0.83054717599619820589 0.00000000099999999999 
0.00000000100000000000 0.05104253456610680084 0.02618773087054603044 0.03823759978048249519 0.86961326080085332713 0.01491887298201131050 
0.99999999500000003039 0.00000000099999999966 0.00000000099999999966 0.00000000099999999966 0.00000000099999999966 0.00000000099999999966 
0.99999999500000014141 0.00000000099999999970 0.00000000099999999970 0.00000000099999999970 0.00000000099999999970 0.00000000099999999970 
0.99999999500000003039 0.00000000099999999967 0.00000000099999999967 0.00000000099999999967 0.00000000099999999967 0.00000000099999999967 
0.99999999500000003039 0.00000000099999999969 0.00000000099999999969 0.00000000099999999969 0.00000000099999999969 0.00000000099999999969 
0.99999999500000003039 0.00000000099999999969 0.00000000099999999969 0.00000000099999999969 0.00000000099999999969 0.00000000099999999969 
0.99999999500000003039 0.00000000099999999966 0.00000000099999999966 0.00000000099999999966 0.00000000099999999966 0.00000000099999999966 
0.99999999500000003039 0.00000000099999999967 0.00000000099999999967 0.00000000099999999967 0.00000000099999999967 0.00000000099999999967 
0.99999999500000003039 0.00000000099999999971 0.00000000099999999971 0.00000000099999999971 0.00000000099999999971 0.00000000099999999971 
0.99999999500000014141 0.00000000099999999969 0.00000000099999999969 0.00000000099999999969 0.00000000099999999969 0.00000000099999999969 
0.99999999500000003039 0.00000000099999999967 0.00000000099999999967 0.00000000099999999967 0.00000000099999999967 0.00000000099999999967 
0.99999999500000014141 0.00000000099999999989 0.00000000099999999989 0.00000000099999999989 0.00000000099999999989 0.00000000099999999989 
0.95229163936519511946 0.00000000099999999997 0.04770835663480489652 0.00000000099999999997 0.00000000099999999997 0.00000000099999999997 
0.99999999500000003039 0.00000000099999999977 0.00000000099999999977 0.00000000099999999977 0.00000000099999999977 0.00000000099999999977 
0.99999999500000003039 0.00000000099999999975 0.00000000099999999975 0.00000000099999999975 0.00000000099999999975 0.00000000099999999975 
0.99999999500000003039 0.00000000099999999975 0.00000000099999999975 0.00000000099999999975 0.00000000099999999975 0.00000000099999999975 
0.99999999500000003039 0.00000000099999999979 0.00000000099999999979 0.00000000099999999979 0.00000000099999999979 0.00000000099999999979 
0.99999999500000014141 0.00000000099999999975 0.00000000099999999975 0.00000000099999999975 0.00000000099999999975 0.00000000099999999975 
0.99999999500000003039 0.00000000099999999974 0.00000000099999999974 0.00000000099999999974 0.00000000099999999974 0.00000000099999999974 
0.99999999500000014141 0.00000000099999999976 0.00000000099999999976 0.00000000099999999976 0.00000000099999999976 0.00000000099999999976 
0.99999999500000003039 0.00000000099999999975 0.00000000099999999975 0.00000000099999999975 0.00000000099999999975 0.00000000099999999975 
0.00000000099999999999 0.29530839226185534585 0.08440824527114450249 0.60965660842496716132 0.01062675204203293242 0.00000000099999999999 
0.00000000099999999998 0.26014417762538366574 0.10062027642015623774 0.63657183746646373024 0.00000000099999999998 0.00266370648799641547 
0.00000000099999999978 0.00000000099999999978 0.99999999499999991937 0.00000000099999999978 0.00000000099999999978 0.00000000099999999978 
0.00000000099999999974 0.00000000099999999974 0.99999999500000003039 0.00000000099999999974 0.00000000099999999974 0.00000000099999999974 
0.00000000099999999992 0.00000000099999999992 0.00000000099999999992 0.99999999500000003039 0.00000000099999999992 0.00000000099999999992 
0.00000000099999999999 0.33410659924642638341 0.10809563361383213442 0.53457791897809570081 0.00000000099999999999 0.02321984616164561588 
0.00000000099999999999 0.38584580988400807300 0.07231872670669306502 0.51564538281792615670 0.00000000099999999999 0.02619007859137267163 
0.00000000099999999942 0.00000000099999999942 0.00000000099999999942 0.00000000099999999942 0.00000000099999999942 0.99999999500000003039 
0.00000000099999999997 0.00000000099999999997 0.14994844149329319971 0.85005155450670688566 0.00000000099999999997 0.00000000099999999997 
0.00000000099999999995 0.00000000099999999995 0.00000000099999999995 0.99999999500000003039 0.00000000099999999995 0.00000000099999999995 
0.00000000099999999979 0.00000000099999999979 0.99999999500000003039 0.00000000099999999979 0.00000000099999999979 0.00000000099999999979 
0.00000000099999999998 0.23478229468954461834 0.12898280269974718437 0.61112402501816864842 0.00000000099999999998 0.02511087559253956034 
0.00000000099999999992 0.00000000099999999992 0.00000000099999999992 0.99999999499999991937 0.00000000099999999992 0.00000000099999999992 
0.00000000099999999990 0.00000000099999999990 0.00000000099999999990 0.99999999500000003039 0.00000000099999999990 0.00000000099999999990 
0.00000000099999999995 0.00000000099999999995 0.00000000099999999995 0.99999999500000003039 0.00000000099999999995 0.00000000099999999995 
0.00000000099999999996 0.00000000099999999996 0.00000000099999999996 0.99999999499999991937 0.00000000099999999996 0.00000000099999999996 
0.00000000099999999943 0.00000000099999999943 0.00000000099999999943 0.00000000099999999943 0.00000000099999999943 0.99999999499999991937 
0.00000000099999999973 0.00000000099999999973 0.99999999499999991937 0.00000000099999999973 0.00000000099999999973 0.00000000099999999973 
0.00000000099999999996 0.00000000099999999996 0.12811687011844324902 0.87188312588155680860 0.00000000099999999996 0.00000000099999999996 
0.00000000099999999996 0.00000000099999999996 0.00000000099999999996 0.99999999499999991937 0.00000000099999999996 0.00000000099999999996 
0.00000000099999999999 0.36303540979207954420 0.11396306944213570322 0.50762295442772020770 0.00000000099999999999 0.01537856433806438633 
