0.00000000099999999999 0.97962243041307273117 0.02037756658692726000 0.00000000099999999999 0.00000000099999999999 
0.00000000099999999998 0.97080193067456466149 0.00000000099999999998 0.00000000099999999998 0.02919806632543546498 
0.00000000100000000000 0.85208044388078163500 0.04875859318371811302 0.03045544644899430761 0.06870551548650596918 
0.00000000099999999999 0.94404102267068590315 0.00000000099999999999 0.00000000099999999999 0.05595897432931420945 
0.00000000099999999999 0.93391380512980615158 0.00000000099999999999 0.00000000099999999999 0.06608619187019382224 
0.00000000099999999998 0.92924863298105742082 0.00000000099999999998 0.00000000099999999998 0.07075136401894269178 
0.00000000099999999999 0.86966440010646683945 0.00000000099999999999 0.06805778363590532509 0.06227781425762797529 
0.00000000099999999997 0.94293238159455772252 0.00000000099999999997 0.00000000099999999997 0.05706761540544232764 
0.02462577269890388679 0.81380011025078424769 0.00000000100000000000 0.06121112117883081155 0.10036299487148113430 
0.00253838514040625541 0.85656453456689374271 0.00802396125680027855 0.04391092115919291439 0.08896219787670675561 
0.00000000099999999997 0.00000000099999999997 0.00000000099999999997 0.99999999600000000211 0.00000000099999999997 
0.00000000099999999997 0.00000000099999999997 0.00000000099999999997 0.99999999600000000211 0.00000000099999999997 
0.00000000099999999997 0.00000000099999999997 0.00000000099999999997 0.99999999600000000211 0.00000000099999999997 
0.00000000099999999997 0.00000000099999999997 0.00000000099999999997 0.99999999600000000211 0.00000000099999999997 
0.00000000099999999999 0.00013772833956872854 0.00000000099999999999 0.99986226866043126371 0.00000000099999999999 
0.00000000099999999997 0.00000000099999999997 0.00000000099999999997 0.99999999599999989108 0.00000000099999999997 
0.00000000099999999998 0.00000000099999999998 0.00000000099999999998 0.99999999599999989108 0.00000000099999999998 
0.00000000099999999998 0.00000000099999999998 0.00000000099999999998 0.99999999599999989108 0.00000000099999999998 
0.02792709874121978783 0.08241728408909633485 0.10326397327115076352 0.78235380052099889880 0.00403784337753422453 
0.00000000099999999997 0.00000000099999999997 0.00000000099999999997 0.99999999600000000211 0.00000000099999999997 
0.01375945115848285945 0.84844279646036135922 0.13779775038115577024 0.00000000100000000000 0.00000000100000000000 
0.01586874679207040534 0.81896764124166609999 0.08080305946007937390 0.08436055150618407272 0.00000000100000000000 
0.00000000099999999999 0.87861464941231104397 0.12138534758768902699 0.00000000099999999999 0.00000000099999999999 
0.01429821812327393762 0.84381914691902359937 0.12450061739287562879 0.00000000100000000000 0.01738201656482669596 
0.01651924909141818179 0.85065969076568104246 0.02026362969922357316 0.11255742944367716496 0.00000000100000000000 
0.00000000100000000000 0.85622003079111841384 0.03849102672009391962 0.10528894048878778555 0.00000000100000000000 
0.00706358990412928739 0.76127119138753296390 0.06263664045706086869 0.12342350314725535065 0.04560507510402143916 
0.01376724460391576081 0.86971392258093505045 0.07432024021557501192 0.04219859159957425193 0.00000000100000000000 
0.00000000099999999999 0.84265273503216742146 0.00000000099999999999 0.15734726196783258012 0.00000000099999999999 
0.01424713552815108294 0.88322439242345351929 0.07634024412804675530 0.02618822692034867075 0.00000000100000000000 
0.00000000099999999973 0.00000000099999999973 0.00000000099999999973 0.00000000099999999973 0.99999999599999989108 
0.00000000099999999976 0.00000000099999999976 0.00000000099999999976 0.00000000099999999976 0.99999999600000000211 
0.00000000099999999975 0.00000000099999999975 0.00000000099999999975 0.00000000099999999975 0.99999999599999989108 
0.00000000099999999976 0.00000000099999999976 0.00000000099999999976 0.00000000099999999976 0.99999999599999989108 
0.00000000099999999975 0.00000000099999999975 0.00000000099999999975 0.00000000099999999975 0.99999999599999989108 
0.00000000099999999973 0.00000000099999999973 0.00000000099999999973 0.00000000099999999973 0.99999999600000000211 
0.00000000099999999975 0.00000000099999999975 0.00000000099999999975 0.00000000099999999975 0.99999999600000000211 
0.00000000099999999977 0.00000000099999999977 0.00000000099999999977 0.00000000099999999977 0.99999999599999989108 
0.00000000099999999976 0.00000000099999999976 0.00000000099999999976 0.00000000099999999976 0.99999999600000000211 
0.00000000099999999974 0.00000000099999999974 0.00000000099999999974 0.00000000099999999974 0.99999999599999989108 
0.00000000099999999992 0.00000000099999999992 0.00000000099999999992 0.00000000099999999992 0.99999999600000000211 
0.00000000099999999998 0.00000000099999999998 0.04785621109457304651 0.00000000099999999998 0.95214378590542692038 
0.00000000099999999982 0.00000000099999999982 0.00000000099999999982 0.00000000099999999982 0.99999999599999989108 
0.00000000099999999981 0.00000000099999999981 0.00000000099999999981 0.00000000099999999981 0.99999999600000000211 
0.00000000099999999981 0.00000000099999999981 0.00000000099999999981 0.00000000099999999981 0.99999999599999989108 
0.00000000099999999984 0.00000000099999999984 0.00000000099999999984 0.00000000099999999984 0.99999999600000000211 
0.00000000099999999981 0.00000000099999999981 0.00000000099999999981 0.00000000099999999981 0.99999999599999989108 
0.00000000099999999980 0.00000000099999999980 0.00000000099999999980 0.00000000099999999980 0.99999999600000000211 
0.00000000099999999982 0.00000000099999999982 0.00000000099999999982 0.00000000099999999982 0.99999999599999989108 
0.00000000099999999981 0.00000000099999999981 0.00000000099999999981 0.00000000099999999981 0.99999999599999989108 
0.00010499304764859440 0.01308117642050900947 0.58367324575285550736 0.40314058377898687180 0.00000000099999999999 
0.01071215389193672096 0.00000000099999999998 0.61403753170577135556 0.37525031240229184126 0.00000000099999999998 
0.00000000099999999995 0.00000000099999999995 0.99999999599999989108 0.00000000099999999995 0.00000000099999999995 
0.00000000099999999993 0.00000000099999999993 0.99999999599999989108 0.00000000099999999993 0.00000000099999999993 
0.01278144938787702592 0.00000000099999999995 0.98721854761212302076 0.00000000099999999995 0.00000000099999999995 
0.03073858416742687380 0.00000000099999999999 0.54946567951048874701 0.41979573432208450168 0.00000000099999999999 
0.03166758730588467574 0.00000000099999999999 0.48574110793464969626 0.48259130275946549027 0.00000000099999999999 
0.99999999600000000211 0.00000000099999999952 0.00000000099999999952 0.00000000099999999952 0.00000000099999999952 
0.00000000099999999996 0.00000000099999999996 0.99999999599999989108 0.00000000099999999996 0.00000000099999999996 
0.03037933132025041894 0.00000000099999999999 0.60944992363393246659 0.36017074304581697675 0.00000000099999999999 
0.00000000099999999995 0.00000000099999999995 0.99999999599999989108 0.00000000099999999995 0.00000000099999999995 
0.02724867060212101538 0.00000000099999999998 0.64806460993013903504 0.32468671746773991593 0.00000000099999999998 
0.00000000099999999994 0.00000000099999999994 0.99999999600000000211 0.00000000099999999994 0.00000000099999999994 
0.00000000099999999995 0.00000000099999999995 0.99999999600000000211 0.00000000099999999995 0.00000000099999999995 
0.02911365611678952761 0.00000000099999999999 0.61628128803626214260 0.35460505384694840370 0.00000000099999999999 
0.02112421641755875268 0.00000000099999999998 0.57157773995268335021 0.40729804162975780102 0.00000000099999999998 
0.99999999600000000211 0.00000000099999999953 0.00000000099999999953 0.00000000099999999953 0.00000000099999999953 
0.00000000099999999989 0.00000000099999999989 0.99999999600000000211 0.00000000099999999989 0.00000000099999999989 
0.03415411185165785624 0.00000000099999999997 0.70916708794167349073 0.25667879820666872348 0.00000000099999999997 
0.01306372753299420326 0.00000000099999999999 0.59851932772607319144 0.38841694274093246930 0.00000000099999999999 
0.01970493704775296701 0.00000000099999999999 0.53455502833328261136 0.44574003261896438799 0.00000000099999999999 
