0.00390601445347674462 0.00000000100000000000 0.99609398454652320343 
0.07643234674308491128 0.00000000099999999999 0.92356765225691517252 
0.08924983307595212023 0.05504587780233695382 0.85570428912171092595 
0.09818194533552518366 0.00000000100000000000 0.90181805366447476136 
0.10606819990153744382 0.00000000100000000000 0.89393179909846254283 
0.11317752167330054347 0.00000000099999999999 0.88682247732669949869 
0.05379292805376257453 0.00000000100000000000 0.94620707094623757172 
0.10087475366426069956 0.00000000099999999999 0.89912524533573934260 
0.11987183881178688216 0.05898307890166497314 0.82114508228654814470 
0.11755269245432811709 0.03910905708148078308 0.84333825046419108595 
0.00000000099999999999 0.80592746929053804550 0.19407252970946187176 
0.00000000100000000000 0.80883401520244835314 0.19116598379755167514 
0.00000000099999999999 0.78236987305105898383 0.21763012594894096119 
0.00000000100000000000 0.83038091412362913246 0.16961908487637089582 
0.00000000099999999999 0.76929887675244823519 0.23070112224755170982 
0.00000000099999999999 0.79636916339321006664 0.20363083560678985062 
0.00000000100000000000 0.79940811510978448950 0.20059188389021559429 
0.00000000100000000000 0.82085070158339057400 0.17914929741660953755 
0.00000000100000000000 0.75933874909993381852 0.24066124990006629303 
0.00000000100000000000 0.78736257833459843969 0.21263742066540156084 
0.02411851551706699348 0.14315835449910338517 0.83272312998382969074 
0.02505474207345882026 0.15526030377262756144 0.81968495415391351422 
0.00000000100000000000 0.09333892836151848338 0.90666107063848155878 
0.05054944372454814316 0.13505687498755716835 0.81439368128789468848 
0.00000000100000000000 0.09748375098852254950 0.90251624801147745103 
0.00000000100000000000 0.10026921365153586285 0.89973078534846417931 
0.06423765781064286196 0.15829984804836547130 0.77746249414099166675 
0.02207811776940234519 0.11402042894493671921 0.86390145328566092520 
0.00000000100000000000 0.09329623594952156374 0.90670376305047839516 
0.00000000100000000000 0.08687326040214407574 0.91312673859785598030 
0.99999999799999994554 0.00000000099999999988 0.00000000099999999988 
0.99999999800000005656 0.00000000099999999989 0.00000000099999999989 
0.99999999799999994554 0.00000000099999999988 0.00000000099999999988 
0.99999999800000005656 0.00000000099999999989 0.00000000099999999989 
0.99999999799999994554 0.00000000099999999989 0.00000000099999999989 
0.99999999800000005656 0.00000000099999999988 0.00000000099999999988 
0.99999999800000005656 0.00000000099999999989 0.00000000099999999989 
0.99999999799999994554 0.00000000099999999990 0.00000000099999999990 
0.99999999799999994554 0.00000000099999999989 0.00000000099999999989 
0.99999999799999994554 0.00000000099999999988 0.00000000099999999988 
0.99999999799999994554 0.00000000099999999997 0.00000000099999999997 
0.95258817704764686685 0.04741182195235309899 0.00000000099999999999 
0.99999999799999994554 0.00000000099999999992 0.00000000099999999992 
0.99999999799999994554 0.00000000099999999991 0.00000000099999999991 
0.99999999800000005656 0.00000000099999999991 0.00000000099999999991 
0.99999999800000005656 0.00000000099999999993 0.00000000099999999993 
0.99999999799999994554 0.00000000099999999991 0.00000000099999999991 
0.99999999800000005656 0.00000000099999999991 0.00000000099999999991 
0.99999999800000005656 0.00000000099999999992 0.00000000099999999992 
0.99999999800000005656 0.00000000099999999991 0.00000000099999999991 
0.00000000099999999999 0.93419288904338493307 0.06580710995661497031 
0.00000000100000000000 0.99999999799999994554 0.00000000100000000000 
0.00000000099999999998 0.99999999799999994554 0.00000000099999999998 
0.00000000099999999997 0.99999999799999994554 0.00000000099999999997 
0.00000000099999999997 0.99999999800000005656 0.00000000099999999997 
0.00000000100000000000 0.98091622300353698005 0.01908377599646307946 
0.00000000100000000000 0.94542158415082999667 0.05457841484917011488 
0.00930105480952851151 0.99069894419047144218 0.00000000100000000000 
0.00000000099999999999 0.99999999799999994554 0.00000000099999999999 
0.00000000100000000000 0.97082116304445198463 0.02917883595554810611 
0.00000000099999999999 0.99999999800000005656 0.00000000099999999999 
0.00000000099999999999 0.99999999799999994554 0.00000000099999999999 
0.00000000099999999997 0.99999999799999994554 0.00000000099999999997 
0.00000000099999999999 0.99999999800000005656 0.00000000099999999999 
0.00000000100000000000 0.98862732636646377671 0.01137267263353624290 
0.00000000099999999999 0.99999999800000005656 0.00000000099999999999 
0.00000000099999999997 0.99999999800000005656 0.00000000099999999997 
0.00000000099999999996 0.99999999799999994554 0.00000000099999999996 
0.00000000099999999997 0.99999999800000005656 0.00000000099999999997 
0.00000000100000000000 0.95179945834817325512 0.04820054065182687031 
0.00000000100000000000 0.94587418869936523702 0.05412581030063484677 
