     1.05603     0.047678    0.0313627   0.00727069    0.0069969    0.0119346   0.00813988    0.0266844  3.17009e-05    0.0189827   -0.0218934    -0.023957   -0.0277416   -0.0267631   -0.0210234   -0.0210794   -0.0329909   -0.0231726   -0.0252195   -0.0261341  -0.00767142  -0.00462329  -0.00787911  -0.00419924  -0.00485467  -0.00584919  -0.00733837  -0.00729458  -0.00606898   -0.0113081  -0.00924441   -0.0136507   -0.0127487    -0.011362   -0.0112159  -0.00821112   -0.0141637   -0.0083617    -0.012026  -0.00823789   -0.0114709   -0.0170787   -0.0142997   -0.0122819    -0.014252   -0.0175313   -0.0154597   -0.0144139    -0.014479   -0.0155667   -0.0268095   -0.0268244   -0.0308768   -0.0318046   -0.0299092    -0.028011    -0.027649   -0.0359669   -0.0265672   -0.0316928   -0.0335471   -0.0292929   -0.0290678   -0.0261516   -0.0291974   -0.0268088   -0.0326117   -0.0303097   -0.0318515   -0.0277738   -0.0226823
    0.047678      1.05717   0.00920604   0.00696236   0.00776202    0.0125356     0.014566    0.0237526   0.00473802    0.0167858    -0.024794   -0.0210829   -0.0293681   -0.0281437   -0.0226181   -0.0205575   -0.0357292   -0.0251977   -0.0281815   -0.0264933  -0.00730985   -0.0109674  -0.00429353   -0.0044656  -0.00396664  -0.00452451  -0.00741358  -0.00704441  -0.00333546   -0.0105025  -0.00954878  -0.00939285  -0.00934116   -0.0103895  -0.00603659  -0.00837361  -0.00988157  -0.00861903  -0.00824384  -0.00729746    -0.012394  -0.00832411   -0.0135073  -0.00999265  -0.00845315    -0.014565   -0.0129474   -0.0103006   -0.0108652  -0.00929969   -0.0295968   -0.0274417   -0.0332797   -0.0311153   -0.0299506   -0.0309663   -0.0258867   -0.0376784   -0.0303383   -0.0318325   -0.0371514   -0.0347389   -0.0308825   -0.0324126   -0.0275713   -0.0273003   -0.0358088   -0.0316669   -0.0284292   -0.0263653   -0.0247373
   0.0313627   0.00920604      1.07201   0.00394143    0.0155193   0.00633329    0.0101613     0.155757   0.00533736    0.0109657   -0.0331011   -0.0271065   -0.0315141   -0.0267133    -0.028054   -0.0271318   -0.0175053   -0.0292365   -0.0275507   -0.0205642   -0.0130237   -0.0163451   -0.0155852    -0.011646   -0.0152075   -0.0135594   -0.0129927   -0.0164914   -0.0169413   -0.0166727   -0.0105378   -0.0115504   -0.0114331   -0.0133125   -0.0129918    -0.014293  -0.00915979  -0.00927112   -0.0105544   -0.0105708   -0.0125965   -0.0137067   -0.0128892   -0.0128569   -0.0122375    -0.011983   -0.0142333   -0.0133879   -0.0158985   -0.0107077   -0.0279206   -0.0256475   -0.0288398   -0.0327308   -0.0348051   -0.0322837   -0.0277219   -0.0368783   -0.0305245   -0.0289286   -0.0268061   -0.0293457   -0.0310591   -0.0334697   -0.0322262   -0.0261566   -0.0324738   -0.0332109   -0.0303182   -0.0292104   -0.0247965
  0.00727069   0.00696236   0.00394143      1.07373   0.00976366    0.0125271   0.00801407   0.00554521   0.00962414   0.00506674   -0.0292562   -0.0275122   -0.0210009   -0.0252297   -0.0279646   -0.0267305   -0.0284996   -0.0299453   -0.0212757   -0.0296634 -0.000247404   -0.0032865  -0.00363709  -0.00468331  -0.00152874  -0.00352657  -0.00014148  -0.00458571 -8.22657e-05  -0.00325161  -0.00565215  -0.00699098  -0.00885786  -0.00708107  -0.00987655  -0.00671445   -0.0101839  -0.00956508   -0.0104048  -0.00895673  -0.00891491   -0.0089696   -0.0104883   -0.0115216   -0.0117196   -0.0107729   -0.0104697  -0.00770675  -0.00951949  -0.00873124   -0.0261411   -0.0248263    -0.034696   -0.0391045   -0.0292493   -0.0319667    -0.029466   -0.0361734   -0.0280332   -0.0326437   -0.0350511   -0.0285591   -0.0275464   -0.0208079   -0.0280068   -0.0278774   -0.0342263   -0.0384921   -0.0307867   -0.0294842   -0.0281854
   0.0069969   0.00776202    0.0155193   0.00976366      1.05178   0.00862447   0.00445224    0.0125364   0.00385314   0.00697798   -0.0242571   -0.0272714   -0.0271778   -0.0280819   -0.0259789   -0.0219338   -0.0301362   -0.0233038   -0.0216304   -0.0278837  -0.00222167  -0.00355167  -0.00180109  -0.00164227  -0.00370774  -0.00504114  -0.00472526  -0.00453799  -0.00248662   -0.0046278  -0.00782722  -0.00896193  -0.00702027  -0.00972088  -0.00924607  -0.00812187  -0.00850984  -0.00679721  -0.00944393  -0.00630929  -0.00997443   -0.0096324   -0.0125765  -0.00877698   -0.0103307    -0.011717   -0.0106674  -0.00781281   -0.0113933  -0.00961173   -0.0265793   -0.0276043   -0.0300167   -0.0340453   -0.0276392   -0.0293245   -0.0304203   -0.0325091   -0.0284076   -0.0316755   -0.0308886   -0.0263285    -0.028385   -0.0280879   -0.0302915   -0.0269566   -0.0306128   -0.0328977   -0.0282821   -0.0236718   -0.0256107
   0.0119346    0.0125356   0.00633329    0.0125271   0.00862447      1.05583   0.00710795    0.0157014   0.00837814    0.0115253   -0.0255623   -0.0267862   -0.0293584   -0.0234844   -0.0283563   -0.0280628    -0.029513   -0.0272692   -0.0269012   -0.0274973  -0.00573437  -0.00599847  -0.00711118  -0.00345275  -0.00483231  -0.00189982  -0.00682394  -0.00383852  -0.00585742  -0.00548415  -0.00707162  -0.00605435  -0.00538592  -0.00451761  -0.00718557  -0.00769985  -0.00398061   -0.0068875  -0.00747261  -0.00756725  -0.00955971  -0.00879857  -0.00785349  -0.00894296   -0.0102236  -0.00824816   -0.0080204  -0.00841441  -0.00816047  -0.00763248   -0.0266654   -0.0268316   -0.0309041   -0.0322257   -0.0321067   -0.0281087   -0.0264024   -0.0343256   -0.0349077    -0.032741   -0.0287679   -0.0329118   -0.0314171     -0.03649   -0.0266031   -0.0322061   -0.0336273   -0.0329545   -0.0329074   -0.0268874   -0.0268675
  0.00813988     0.014566    0.0101613   0.00801407   0.00445224   0.00710795      1.05709    0.0174687   0.00546394    0.0064478   -0.0237444   -0.0255638   -0.0237625    -0.022746   -0.0246156   -0.0250076   -0.0308731   -0.0230304   -0.0274602   -0.0240693  -0.00540756  -0.00490086   -0.0053863  -0.00495161  -0.00321522   -0.0037291  -0.00270372  -0.00397545  -0.00224324   -0.0047652  -0.00838971   -0.0108597   -0.0117445   -0.0090152  -0.00978347   -0.0103738  -0.00701048   -0.0109944  -0.00882177  -0.00816439   -0.0114468  -0.00919262  -0.00936945   -0.0118127   -0.0094441   -0.0128889   -0.0101219   -0.0094171   -0.0102337   -0.0126518    -0.026905   -0.0242439    -0.033274   -0.0329093   -0.0288116    -0.028343   -0.0262441   -0.0338747   -0.0311524   -0.0271333   -0.0292673   -0.0301205   -0.0292231   -0.0320756   -0.0291702   -0.0277364    -0.033816   -0.0338202   -0.0306625   -0.0295379   -0.0240757
   0.0266844    0.0237526     0.155757   0.00554521    0.0125364    0.0157014    0.0174687      1.07509   0.00533461   0.00313824   -0.0331475   -0.0333842   -0.0281233   -0.0275202   -0.0303093   -0.0305821   -0.0216143   -0.0307287   -0.0335632   -0.0238948   -0.0143927   -0.0157375   -0.0145154  -0.00900955    -0.016896   -0.0125413   -0.0164356   -0.0148373   -0.0182302   -0.0154852   -0.0111633  -0.00637205   -0.0096181  -0.00861455  -0.00778951  -0.00800484   -0.0113851   -0.0059499  -0.00814672  -0.00913869  -0.00731179   -0.0123151  -0.00870196   -0.0101973   -0.0100777   -0.0110877   -0.0102198   -0.0112421    -0.010611  -0.00957676   -0.0302176   -0.0341982   -0.0301015   -0.0348921   -0.0374636   -0.0318218   -0.0317386   -0.0377817   -0.0340277   -0.0326112   -0.0291803   -0.0322229   -0.0331595   -0.0350158   -0.0329683   -0.0289455   -0.0326871   -0.0353925   -0.0340117   -0.0322643   -0.0292424
 3.17009e-05   0.00473802   0.00533736   0.00962414   0.00385314   0.00837814   0.00546394   0.00533461      1.05924  0.000343573   -0.0252987   -0.0263947   -0.0234647    -0.022829   -0.0252151    -0.027371    -0.024067   -0.0248053   -0.0223599   -0.0233761  -0.00422583  -0.00229338  -0.00161924  0.000640516  -0.00104615   0.00135838  -0.00308341  -0.00303844 -0.000552855   0.00114558   -0.0121731  -0.00969438   -0.0102026   -0.0112573   -0.0103396  -0.00910087  -0.00877731   -0.0114818  -0.00857693   -0.0106599   -0.0123269   -0.0109642   -0.0119862    -0.012099   -0.0137793   -0.0151273   -0.0101395   -0.0105215   -0.0115749    -0.012004   -0.0242881   -0.0236544   -0.0294896   -0.0350535   -0.0280881   -0.0259463   -0.0289095     -0.03102   -0.0276493   -0.0269413    -0.030328   -0.0295642   -0.0241844   -0.0281794   -0.0232939   -0.0250286   -0.0302004   -0.0308201   -0.0307423   -0.0267327    -0.028879
   0.0189827    0.0167858    0.0109657   0.00506674   0.00697798    0.0115253    0.0064478   0.00313824  0.000343573      1.07099   -0.0234964   -0.0216176   -0.0298942    -0.025801   -0.0230636   -0.0159583   -0.0341481   -0.0242185    -0.024809   -0.0250417  -0.00144389  -0.00573913  -0.00259427  -0.00155495  -0.00537022  -0.00310623  -0.00496057  -0.00284447  -0.00550324  -0.00571983  -0.00805421  -0.00952781  -0.00935157   -0.0103131  -0.00936148  -0.00876025   -0.0106034    -0.011322  -0.00617001  -0.00976344   -0.0107254   -0.0106631   -0.0118625   -0.0100077   -0.0117586   -0.0120041   -0.0121909   -0.0129793    -0.013026   -0.0128839   -0.0294164   -0.0237327   -0.0336434   -0.0321359   -0.0334406   -0.0279483   -0.0281631   -0.0365785   -0.0308127   -0.0340248   -0.0320569   -0.0288756   -0.0305687   -0.0321316   -0.0302172    -0.025913   -0.0336661   -0.0313208   -0.0283476   -0.0252735   -0.0271079
  -0.0218934    -0.024794   -0.0331011   -0.0292562   -0.0242571   -0.0255623   -0.0237444   -0.0331475   -0.0252987   -0.0234964      1.14359     0.091218    0.0370376    0.0415093    0.0296725    0.0438525    0.0279929    0.0333121    0.0372743    0.0507256   -0.0182419   -0.0183449   -0.0211144    -0.019108   -0.0178359   -0.0181186   -0.0150386   -0.0204687   -0.0138425   -0.0200084   -0.0704224   -0.0683895   -0.0713798   -0.0742866   -0.0682845   -0.0707243   -0.0688329   -0.0711892   -0.0702786   -0.0704036   -0.0650416   -0.0650203   -0.0713492   -0.0686124   -0.0676437   -0.0682206   -0.0687091   -0.0691516   -0.0693713   -0.0695018    0.0154153    0.0174447   0.00848018    0.0122045     0.012599    0.0174239     0.021753    0.0103217    0.0097018    0.0129615   0.00662532    0.0128873    0.0145015    0.0118552    0.0160877    0.0181651    0.0109037   0.00813345    0.0156999    0.0181147    0.0180994
   -0.023957   -0.0210829   -0.0271065   -0.0275122   -0.0272714   -0.0267862   -0.0255638   -0.0333842   -0.0263947   -0.0216176     0.091218      1.15389    0.0406324     0.034699    0.0243226     0.041225    0.0311783    0.0422695    0.0348497    0.0499093   -0.0220224   -0.0206393   -0.0236246   -0.0190398   -0.0213891   -0.0204208   -0.0164276   -0.0203724   -0.0160009   -0.0206235   -0.0716075   -0.0708853   -0.0759129   -0.0726438   -0.0715647    -0.071344   -0.0712095   -0.0714398   -0.0737193   -0.0743604   -0.0690521   -0.0657037   -0.0719742   -0.0732094   -0.0732462   -0.0707856   -0.0718816   -0.0700173   -0.0715088   -0.0709335    0.0178151    0.0173186     0.013569     0.017546    0.0132477    0.0210746    0.0262235    0.0110461      0.01565    0.0154309    0.0123297    0.0149118    0.0164425    0.0156318     0.015097    0.0193158    0.0112868   0.00944957    0.0175772    0.0231461    0.0217438
  -0.0277416   -0.0293681   -0.0315141   -0.0210009   -0.0271778   -0.0293584   -0.0237625   -0.0281233   -0.0234647   -0.0298942    0.0370376    0.0406324      1.16046    0.0593463    0.0329771    0.0426796    0.0375952     0.033178    0.0387936    0.0272491   -0.0190437   -0.0160379   -0.0211056   -0.0189726   -0.0130727   -0.0152578   -0.0192893   -0.0190688   -0.0168928   -0.0207116   -0.0721314   -0.0724724   -0.0710131   -0.0737351   -0.0702234   -0.0689949   -0.0728494   -0.0719979   -0.0706769   -0.0704087   -0.0672752   -0.0686108   -0.0690782   -0.0686327    -0.069486   -0.0663492   -0.0684982   -0.0715451   -0.0679415   -0.0675603    0.0194164     0.020243    0.0109072    0.0073091     0.010551    0.0237262    0.0246958   0.00999016    0.0169324    0.0160919   0.00977408     0.020903    0.0133196    0.0234072    0.0171417    0.0220488   0.00574566   0.00492173    0.0113527    0.0175761    0.0225571
  -0.0267631   -0.0281437   -0.0267133   -0.0252297   -0.0280819   -0.0234844    -0.022746   -0.0275202    -0.022829    -0.025801    0.0415093     0.034699    0.0593463      1.15622    0.0377438    0.0282777    0.0254836    0.0443144    0.0294275    0.0312599   -0.0210564   -0.0159844   -0.0222078   -0.0182849   -0.0160171   -0.0214484   -0.0165777   -0.0215064   -0.0145179   -0.0221803   -0.0703804   -0.0692105   -0.0736766   -0.0701084   -0.0692167   -0.0702294   -0.0721545   -0.0755002   -0.0738019   -0.0736212   -0.0682145   -0.0695933   -0.0676284   -0.0677622   -0.0708196   -0.0673518   -0.0685131     -0.06931   -0.0694814   -0.0697891     0.020592    0.0172853     0.014709    0.0196314    0.0116385     0.024177    0.0254231    0.0138462    0.0127844    0.0219673    0.0150445    0.0180058    0.0152753   0.00747631     0.023992     0.024048    0.0132239    0.0136165    0.0161163    0.0202441    0.0213415
  -0.0210234   -0.0226181    -0.028054   -0.0279646   -0.0259789   -0.0283563   -0.0246156   -0.0303093   -0.0252151   -0.0230636    0.0296725    0.0243226    0.0329771    0.0377438      1.15655    0.0490884    0.0337868    0.0443292    0.0268181    0.0402536   -0.0204182   -0.0208138   -0.0196871   -0.0206788   -0.0184087   -0.0196712   -0.0175246   -0.0213398  -0.00806626   -0.0205985    -0.069401   -0.0688815   -0.0698909   -0.0684605   -0.0685498   -0.0730684   -0.0700423   -0.0695556   -0.0687421   -0.0694665   -0.0696461    -0.065908   -0.0705408   -0.0695868   -0.0690449   -0.0664275   -0.0707329   -0.0680224   -0.0681532   -0.0656137    0.0182534    0.0173976    0.0103811    0.0171816    0.0162697    0.0234898    0.0182474    0.0121995    0.0175302    0.0195359   0.00892416    0.0145531     0.014979    0.0212759    0.0203574    0.0176438    0.0131843   0.00775588    0.0172272    0.0219445    0.0174255
  -0.0210794   -0.0205575   -0.0271318   -0.0267305   -0.0219338   -0.0280628   -0.0250076   -0.0305821    -0.027371   -0.0159583    0.0438525     0.041225    0.0426796    0.0282777    0.0490884      1.16096    0.0335017     0.035105    0.0533314    0.0332297   -0.0213897   -0.0235528   -0.0176656    -0.022151   -0.0170125   -0.0126638   -0.0195066   -0.0183691   -0.0174113   -0.0176446    -0.071705   -0.0720113   -0.0702614   -0.0743866   -0.0711674   -0.0724136    -0.075155   -0.0712771   -0.0710605   -0.0731974   -0.0691598    -0.069502   -0.0708277   -0.0718351   -0.0725684   -0.0712648   -0.0735528   -0.0715225   -0.0726898   -0.0700184    0.0170782    0.0194567    0.0121584    0.0169509    0.0127908    0.0171561     0.025666    0.0151553    0.0129081    0.0181728   0.00858993    0.0140091     0.015169   0.00938181    0.0152319    0.0176712    0.0169872    0.0121265    0.0190325    0.0196726    0.0218256
  -0.0329909   -0.0357292   -0.0175053   -0.0284996   -0.0301362    -0.029513   -0.0308731   -0.0216143    -0.024067   -0.0341481    0.0279929    0.0311783    0.0375952    0.0254836    0.0337868    0.0335017      1.17815      0.03842    0.0392707    0.0502867   -0.0172611    -0.014209   -0.0168052   -0.0154588   -0.0192257   -0.0120288   -0.0168747   -0.0140183   -0.0166161   -0.0127084   -0.0772948   -0.0689323   -0.0719556   -0.0714846   -0.0721921   -0.0713078   -0.0720901   -0.0744975   -0.0738758   -0.0710277   -0.0676434   -0.0678646   -0.0636753   -0.0733755   -0.0672423   -0.0680961    -0.069673   -0.0689159   -0.0684154   -0.0679082    0.0255559    0.0202693    0.0236752   0.00780526    0.0165371    0.0258915    0.0215299    0.0101249    0.0170636    0.0229645    0.0218285    0.0151964    0.0179406    0.0187954    0.0199192    0.0203571    0.0135724 -0.000728021    0.0162609    0.0181492    0.0197014
  -0.0231726   -0.0251977   -0.0292365   -0.0299453   -0.0233038   -0.0272692   -0.0230304   -0.0307287   -0.0248053   -0.0242185    0.0333121    0.0422695     0.033178    0.0443144    0.0443292     0.035105      0.03842       1.1581    0.0253493      0.03591   -0.0200539   -0.0154031   -0.0196129    -0.015896   -0.0143093   -0.0148317   -0.0160164   -0.0185828   -0.0112473   -0.0186478   -0.0707502    -0.070428   -0.0732082    -0.069535   -0.0717679   -0.0727996   -0.0713494   -0.0693402   -0.0694734   -0.0696522   -0.0705159   -0.0667899   -0.0708617    -0.068544    -0.069728   -0.0678303   -0.0697589    -0.068853    -0.067582   -0.0678055    0.0201063    0.0219032    0.0129517    0.0175061    0.0137137    0.0217657    0.0202941    0.0140008    0.0142544    0.0207046    0.0144807    0.0157982     0.016119   0.00923766    0.0187391    0.0157329    0.0135789     0.012583    0.0165885    0.0177474    0.0209345
  -0.0252195   -0.0281815   -0.0275507   -0.0212757   -0.0216304   -0.0269012   -0.0274602   -0.0335632   -0.0223599    -0.024809    0.0372743    0.0348497    0.0387936    0.0294275    0.0268181    0.0533314    0.0392707    0.0253493      1.16785    0.0251356   -0.0152001   -0.0159885   -0.0160362   -0.0183331   -0.0147573   -0.0143144     -0.01784   -0.0120359   -0.0154226    -0.020128   -0.0714815   -0.0748067   -0.0703661   -0.0691922   -0.0736537   -0.0732136   -0.0691478   -0.0672018     -0.06938    -0.071051   -0.0681811   -0.0679354   -0.0701996   -0.0705044   -0.0676872   -0.0676193   -0.0709722   -0.0679987    -0.067518   -0.0707686     0.019534    0.0195792    0.0129217    0.0182429    0.0110498    0.0192316    0.0250377     0.015593    0.0132432    0.0160238    0.0110852    0.0176873    0.0133124    0.0138124      0.01773    0.0200546    0.0170779   0.00994883     0.018911    0.0172714    0.0254893
  -0.0261341   -0.0264933   -0.0205642   -0.0296634   -0.0278837   -0.0274973   -0.0240693   -0.0238948   -0.0233761   -0.0250417    0.0507256    0.0499093    0.0272491    0.0312599    0.0402536    0.0332297    0.0502867      0.03591    0.0251356      1.16318    -0.019629   -0.0164433   -0.0218823   -0.0157661   -0.0187261   -0.0144656   -0.0179546   -0.0160447   -0.0106474   -0.0114541   -0.0696928   -0.0697524    -0.071533   -0.0693644   -0.0713543   -0.0722583   -0.0703167   -0.0705623   -0.0713499   -0.0713912   -0.0662258   -0.0658457   -0.0700938   -0.0709946   -0.0710811   -0.0673338   -0.0688373   -0.0690431   -0.0657949   -0.0669414    0.0189898    0.0144513    0.0130781   0.00875424    0.0123211    0.0222918     0.020715    0.0111495   0.00940566    0.0170228    0.0136158    0.0135302    0.0169805   0.00973337    0.0156707    0.0193324    0.0118973   0.00501781    0.0156306    0.0208244    0.0175919
 -0.00767142  -0.00730985   -0.0130237 -0.000247404  -0.00222167  -0.00573437  -0.00540756   -0.0143927  -0.00422583  -0.00144389   -0.0182419   -0.0220224   -0.0190437   -0.0210564   -0.0204182   -0.0213897   -0.0172611   -0.0200539   -0.0152001    -0.019629      1.03717      0.01189    0.0102766   0.00698765   0.00575813   0.00295487   0.00630032   0.00832589   0.00617474   0.00782732   -0.0260412   -0.0226427   -0.0198201   -0.0238704   -0.0214532   -0.0190858   -0.0214403   -0.0202599   -0.0228583   -0.0220601   -0.0213135   -0.0230239   -0.0238458   -0.0187622   -0.0215486   -0.0199303    -0.018416    -0.017311   -0.0205571     -0.02128    -0.011374   -0.0111591   -0.0174657   -0.0188695   -0.0153997   -0.0174928   -0.0174076   -0.0219718   -0.0188408   -0.0167953   -0.0185197   -0.0171678   -0.0131746   -0.0230616   -0.0141457   -0.0174254   -0.0242346   -0.0187371   -0.0165371   -0.0144356   -0.0151184
 -0.00462329   -0.0109674   -0.0163451   -0.0032865  -0.00355167  -0.00599847  -0.00490086   -0.0157375  -0.00229338  -0.00573913   -0.0183449   -0.0206393   -0.0160379   -0.0159844   -0.0208138   -0.0235528    -0.014209   -0.0154031   -0.0159885   -0.0164433      0.01189      1.04726    0.0122217   0.00460247    0.0112785   0.00948144   0.00728024   0.00353302   0.00813183    0.0148915   -0.0256601   -0.0231586   -0.0246859   -0.0251402   -0.0234989   -0.0219935   -0.0233085   -0.0236834   -0.0245573    -0.023389   -0.0246288   -0.0240469   -0.0216861   -0.0191741   -0.0225696   -0.0221437   -0.0212073   -0.0212028   -0.0208625   -0.0257241   -0.0156199  -0.00855801   -0.0193323   -0.0187413   -0.0175099    -0.015298   -0.0135187   -0.0253982    -0.020881   -0.0168832   -0.0177693   -0.0159946   -0.0149527   -0.0272365   -0.0139122    -0.018489   -0.0253173   -0.0192573    -0.014615   -0.0167331   -0.0114558
 -0.00787911  -0.00429353   -0.0155852  -0.00363709  -0.00180109  -0.00711118   -0.0053863   -0.0145154  -0.00161924  -0.00259427   -0.0211144   -0.0236246   -0.0211056   -0.0222078   -0.0196871   -0.0176656   -0.0168052   -0.0196129   -0.0160362   -0.0218823    0.0102766    0.0122217      1.02705   0.00666038    0.0115495      0.01076    0.0125095   0.00542367    0.0117362    0.0178246   -0.0244906   -0.0226501    -0.024569   -0.0229608   -0.0229343   -0.0223108   -0.0234545   -0.0226183    -0.022562   -0.0238938   -0.0239433   -0.0251405   -0.0240162   -0.0179402   -0.0217137   -0.0260289   -0.0212368   -0.0200965   -0.0204384    -0.025187  -0.00961139  -0.00934482   -0.0139361    -0.018036   -0.0132812   -0.0163351   -0.0161147   -0.0225628   -0.0170216   -0.0153522   -0.0166785   -0.0153975   -0.0105673   -0.0208681   -0.0129963   -0.0158176   -0.0243274   -0.0163585   -0.0163449    -0.014056   -0.0102576
 -0.00419924   -0.0044656    -0.011646  -0.00468331  -0.00164227  -0.00345275  -0.00495161  -0.00900955  0.000640516  -0.00155495    -0.019108   -0.0190398   -0.0189726   -0.0182849   -0.0206788    -0.022151   -0.0154588    -0.015896   -0.0183331   -0.0157661   0.00698765   0.00460247   0.00666038      1.02205   0.00779401   0.00173831   0.00346422   0.00477059   0.00993288   0.00788575   -0.0210695   -0.0175068   -0.0212636   -0.0214027   -0.0199666   -0.0214808   -0.0212578   -0.0214137   -0.0216356   -0.0208885    -0.020596   -0.0189303   -0.0221043   -0.0173305   -0.0203917   -0.0212095   -0.0154838   -0.0170125   -0.0188545   -0.0224342    -0.010347   -0.0125524   -0.0213185   -0.0234881   -0.0169408   -0.0172293   -0.0192422   -0.0271109   -0.0186504   -0.0188303   -0.0187232   -0.0170232   -0.0143643   -0.0196723   -0.0157633   -0.0181363   -0.0249926   -0.0225671   -0.0192407   -0.0161255  -0.00996521
 -0.00485467  -0.00396664   -0.0152075  -0.00152874  -0.00370774  -0.00483231  -0.00321522    -0.016896  -0.00104615  -0.00537022   -0.0178359   -0.0213891   -0.0130727   -0.0160171   -0.0184087   -0.0170125   -0.0192257   -0.0143093   -0.0147573   -0.0187261   0.00575813    0.0112785    0.0115495   0.00779401      1.06254   0.00826136   0.00504519   0.00846581   0.00943714   0.00744169   -0.0230836   -0.0218143   -0.0212627    -0.020947   -0.0242158    -0.022445   -0.0229936   -0.0182506   -0.0215872    -0.020682   -0.0192006   -0.0248346   -0.0212752   -0.0203589   -0.0219826   -0.0222938   -0.0226302   -0.0201334   -0.0224151   -0.0210848   -0.0144858   -0.0166577   -0.0206838   -0.0218689   -0.0222454   -0.0183739   -0.0180548    -0.024994   -0.0232326    -0.021183   -0.0219004   -0.0209807    -0.016051   -0.0261018   -0.0185944     -0.01921    -0.025365    -0.024945   -0.0175297   -0.0195787   -0.0154676
 -0.00584919  -0.00452451   -0.0135594  -0.00352657  -0.00504114  -0.00189982   -0.0037291   -0.0125413   0.00135838  -0.00310623   -0.0181186   -0.0204208   -0.0152578   -0.0214484   -0.0196712   -0.0126638   -0.0120288   -0.0148317   -0.0143144   -0.0144656   0.00295487   0.00948144      0.01076   0.00173831   0.00826136      1.06699   0.00826802    0.0063018   0.00678582    0.0106158   -0.0250937   -0.0250227   -0.0225007   -0.0236555   -0.0223036   -0.0246038   -0.0248916   -0.0219318   -0.0232298    -0.021778   -0.0211773   -0.0241853   -0.0247487   -0.0246954   -0.0239035   -0.0249999   -0.0222025   -0.0210449   -0.0251619   -0.0254433   -0.0146515   -0.0132149   -0.0171605   -0.0212304   -0.0200634   -0.0165711    -0.015577     -0.02684   -0.0203658   -0.0197983   -0.0194554   -0.0201095    -0.015475   -0.0271585   -0.0186949    -0.015632   -0.0270018   -0.0219503   -0.0210187   -0.0150532   -0.0136691
 -0.00733837  -0.00741358   -0.0129927  -0.00014148  -0.00472526  -0.00682394  -0.00270372   -0.0164356  -0.00308341  -0.00496057   -0.0150386   -0.0164276   -0.0192893   -0.0165777   -0.0175246   -0.0195066   -0.0168747   -0.0160164     -0.01784   -0.0179546   0.00630032   0.00728024    0.0125095   0.00346422   0.00504519   0.00826802      1.05066   0.00753632   0.00426486    0.0122051   -0.0228717   -0.0208234   -0.0217754   -0.0213271    -0.022568   -0.0236596   -0.0233992   -0.0214744   -0.0207935   -0.0231007   -0.0193141   -0.0239252   -0.0215062   -0.0198126   -0.0202699   -0.0201147   -0.0200167   -0.0191952   -0.0184327   -0.0216581   -0.0111798   -0.0106206   -0.0143754   -0.0208571   -0.0202935   -0.0144119   -0.0166411   -0.0269028   -0.0258167   -0.0162911   -0.0198179   -0.0231455   -0.0137744   -0.0333512   -0.0144834    -0.017461   -0.0251549   -0.0213755    -0.019751   -0.0181195   -0.0142508
 -0.00729458  -0.00704441   -0.0164914  -0.00458571  -0.00453799  -0.00383852  -0.00397545   -0.0148373  -0.00303844  -0.00284447   -0.0204687   -0.0203724   -0.0190688   -0.0215064   -0.0213398   -0.0183691   -0.0140183   -0.0185828   -0.0120359   -0.0160447   0.00832589   0.00353302   0.00542367   0.00477059   0.00846581    0.0063018   0.00753632      1.05891   0.00873128    0.0105217   -0.0234357   -0.0227175   -0.0208397   -0.0226923   -0.0184786   -0.0223548   -0.0193343   -0.0209253   -0.0209434   -0.0222322   -0.0215647   -0.0218463   -0.0246411   -0.0200477   -0.0211615   -0.0222941   -0.0205074   -0.0216469    -0.020351   -0.0227086    -0.012068   -0.0146551   -0.0194513   -0.0239139   -0.0181223   -0.0187703   -0.0185182   -0.0187836   -0.0224723   -0.0192072   -0.0214216    -0.018463   -0.0186711   -0.0214462   -0.0138599   -0.0189277    -0.018413   -0.0271029   -0.0169331   -0.0160255   -0.0161752
 -0.00606898  -0.00333546   -0.0169413 -8.22657e-05  -0.00248662  -0.00585742  -0.00224324   -0.0182302 -0.000552855  -0.00550324   -0.0138425   -0.0160009   -0.0168928   -0.0145179  -0.00806626   -0.0174113   -0.0166161   -0.0112473   -0.0154226   -0.0106474   0.00617474   0.00813183    0.0117362   0.00993288   0.00943714   0.00678582   0.00426486   0.00873128      1.09618      0.01334   -0.0235736   -0.0247774   -0.0260718   -0.0210977   -0.0270014    -0.023722   -0.0241775   -0.0240492    -0.026807   -0.0247611   -0.0213217   -0.0254701   -0.0228662   -0.0241736   -0.0254799   -0.0239858   -0.0214017   -0.0243177   -0.0245345   -0.0255914    -0.015169   -0.0160508   -0.0268425   -0.0302653   -0.0218533   -0.0187588   -0.0214252   -0.0244237   -0.0225209   -0.0236363   -0.0276803    -0.021564   -0.0196466   -0.0210473   -0.0210111    -0.024277   -0.0243931   -0.0305769   -0.0255245   -0.0183664     -0.01797
  -0.0113081   -0.0105025   -0.0166727  -0.00325161   -0.0046278  -0.00548415   -0.0047652   -0.0154852   0.00114558  -0.00571983   -0.0200084   -0.0206235   -0.0207116   -0.0221803   -0.0205985   -0.0176446   -0.0127084   -0.0186478    -0.020128   -0.0114541   0.00782732    0.0148915    0.0178246   0.00788575   0.00744169    0.0106158    0.0122051    0.0105217      0.01334      1.06311   -0.0238344   -0.0240474   -0.0236134   -0.0234424   -0.0194167   -0.0203551   -0.0243419   -0.0242229   -0.0220989   -0.0237255   -0.0234692   -0.0243725   -0.0202005   -0.0206405   -0.0214479   -0.0238633   -0.0209364   -0.0214186   -0.0209721   -0.0226835   -0.0124076   -0.0146662   -0.0198594   -0.0229758    -0.020513   -0.0159204   -0.0190514    -0.022657   -0.0207362   -0.0191823    -0.018682   -0.0212144   -0.0126071    -0.027227   -0.0168635   -0.0202882   -0.0230897   -0.0228341   -0.0182118   -0.0169906   -0.0185888
 -0.00924441  -0.00954878   -0.0105378  -0.00565215  -0.00782722  -0.00707162  -0.00838971   -0.0111633   -0.0121731  -0.00805421   -0.0704224   -0.0716075   -0.0721314   -0.0703804    -0.069401    -0.071705   -0.0772948   -0.0707502   -0.0714815   -0.0696928   -0.0260412   -0.0256601   -0.0244906   -0.0210695   -0.0230836   -0.0250937   -0.0228717   -0.0234357   -0.0235736   -0.0238344      1.06771    0.0840386    0.0837612    0.0850616    0.0857219    0.0886048    0.0873392    0.0832992     0.084171     0.088248    0.0760889     0.071805    0.0751719    0.0780672    0.0783572    0.0739223    0.0746429    0.0723885    0.0746363    0.0780743   -0.0764947   -0.0733697   -0.0792813   -0.0805622   -0.0751496   -0.0774499     -0.07775   -0.0783611   -0.0785029   -0.0766215   -0.0795717   -0.0788181   -0.0775066   -0.0778971     -0.07523   -0.0794268   -0.0799363   -0.0815782   -0.0803061   -0.0785637   -0.0751543
  -0.0136507  -0.00939285   -0.0115504  -0.00699098  -0.00896193  -0.00605435   -0.0108597  -0.00637205  -0.00969438  -0.00952781   -0.0683895   -0.0708853   -0.0724724   -0.0692105   -0.0688815   -0.0720113   -0.0689323    -0.070428   -0.0748067   -0.0697524   -0.0226427   -0.0231586   -0.0226501   -0.0175068   -0.0218143   -0.0250227   -0.0208234   -0.0227175   -0.0247774   -0.0240474    0.0840386        1.031    0.0817471    0.0858311    0.0862043    0.0857192    0.0825388    0.0818666    0.0838605    0.0800484    0.0722935    0.0721042    0.0745828    0.0734193    0.0730732    0.0733695    0.0772783    0.0707542    0.0725865    0.0762287   -0.0740125   -0.0692336    -0.073812   -0.0751474   -0.0704426   -0.0742726   -0.0746314     -0.07427   -0.0739917    -0.073036   -0.0739434   -0.0747718   -0.0698494   -0.0774503   -0.0732968   -0.0760442   -0.0740065   -0.0726964   -0.0706466   -0.0749703   -0.0708599
  -0.0127487  -0.00934116   -0.0114331  -0.00885786  -0.00702027  -0.00538592   -0.0117445   -0.0096181   -0.0102026  -0.00935157   -0.0713798   -0.0759129   -0.0710131   -0.0736766   -0.0698909   -0.0702614   -0.0719556   -0.0732082   -0.0703661    -0.071533   -0.0198201   -0.0246859    -0.024569   -0.0212636   -0.0212627   -0.0225007   -0.0217754   -0.0208397   -0.0260718   -0.0236134    0.0837612    0.0817471      1.04814    0.0846937    0.0864697    0.0851173    0.0837946    0.0859148    0.0849441    0.0819851    0.0742117    0.0739065    0.0748039    0.0742711    0.0758783    0.0773236     0.075432    0.0747374    0.0756324    0.0804775   -0.0744168   -0.0725783   -0.0789106   -0.0765894   -0.0737056   -0.0771792   -0.0743983   -0.0788675   -0.0765924   -0.0735478   -0.0765718   -0.0757596   -0.0755011   -0.0751161    -0.073369   -0.0754635   -0.0793625   -0.0738575   -0.0730857   -0.0773794   -0.0728775
   -0.011362   -0.0103895   -0.0133125  -0.00708107  -0.00972088  -0.00451761   -0.0090152  -0.00861455   -0.0112573   -0.0103131   -0.0742866   -0.0726438   -0.0737351   -0.0701084   -0.0684605   -0.0743866   -0.0714846    -0.069535   -0.0691922   -0.0693644   -0.0238704   -0.0251402   -0.0229608   -0.0214027    -0.020947   -0.0236555   -0.0213271   -0.0226923   -0.0210977   -0.0234424    0.0850616    0.0858311    0.0846937      1.05334    0.0847847    0.0852065    0.0832194    0.0882488    0.0854395    0.0841688    0.0727731    0.0713459    0.0726715    0.0728778     0.072966    0.0761927    0.0734526    0.0715745    0.0713365    0.0769697   -0.0741251   -0.0722192   -0.0774772    -0.076519   -0.0732383   -0.0788434   -0.0771291   -0.0763699   -0.0770101   -0.0739244   -0.0768114   -0.0769995   -0.0742455   -0.0778328   -0.0739907   -0.0772098   -0.0748492   -0.0756698   -0.0777004   -0.0761578   -0.0743246
  -0.0112159  -0.00603659   -0.0129918  -0.00987655  -0.00924607  -0.00718557  -0.00978347  -0.00778951   -0.0103396  -0.00936148   -0.0682845   -0.0715647   -0.0702234   -0.0692167   -0.0685498   -0.0711674   -0.0721921   -0.0717679   -0.0736537   -0.0713543   -0.0214532   -0.0234989   -0.0229343   -0.0199666   -0.0242158   -0.0223036    -0.022568   -0.0184786   -0.0270014   -0.0194167    0.0857219    0.0862043    0.0864697    0.0847847      1.04346    0.0843084    0.0841506    0.0830653    0.0824108     0.084779    0.0731513    0.0740197    0.0737912    0.0743821    0.0751392    0.0727617    0.0731386    0.0720747    0.0727741    0.0733156   -0.0726495   -0.0719082   -0.0738482   -0.0761945   -0.0705804   -0.0767009   -0.0749818   -0.0798723   -0.0770411   -0.0734208   -0.0745571   -0.0747198   -0.0712128   -0.0797425    -0.072218   -0.0755291   -0.0795805   -0.0741676   -0.0768647    -0.075344   -0.0727232
 -0.00821112  -0.00837361    -0.014293  -0.00671445  -0.00812187  -0.00769985   -0.0103738  -0.00800484  -0.00910087  -0.00876025   -0.0707243    -0.071344   -0.0689949   -0.0702294   -0.0730684   -0.0724136   -0.0713078   -0.0727996   -0.0732136   -0.0722583   -0.0190858   -0.0219935   -0.0223108   -0.0214808    -0.022445   -0.0246038   -0.0236596   -0.0223548    -0.023722   -0.0203551    0.0886048    0.0857192    0.0851173    0.0852065    0.0843084      1.05118    0.0861828    0.0831011    0.0830116    0.0837618    0.0747359    0.0722546    0.0786378    0.0735192     0.074719    0.0753929    0.0759779    0.0741281     0.074762    0.0760538   -0.0720891    -0.072533   -0.0777437   -0.0806103   -0.0734202   -0.0793332    -0.076668   -0.0776232   -0.0781721   -0.0758172   -0.0767995   -0.0770389   -0.0745396   -0.0822796   -0.0741014   -0.0779658   -0.0781184   -0.0766476   -0.0785749   -0.0770187   -0.0730224
  -0.0141637  -0.00988157  -0.00915979   -0.0101839  -0.00850984  -0.00398061  -0.00701048   -0.0113851  -0.00877731   -0.0106034   -0.0688329   -0.0712095   -0.0728494   -0.0721545   -0.0700423    -0.075155   -0.0720901   -0.0713494   -0.0691478   -0.0703167   -0.0214403   -0.0233085   -0.0234545   -0.0212578   -0.0229936   -0.0248916   -0.0233992   -0.0193343   -0.0241775   -0.0243419    0.0873392    0.0825388    0.0837946    0.0832194    0.0841506    0.0861828      1.04907    0.0821482    0.0823736    0.0836456    0.0717724    0.0730802    0.0745177    0.0756017    0.0782901    0.0733708    0.0754884    0.0733744      0.07226    0.0758704   -0.0717745   -0.0691887   -0.0776693   -0.0803485   -0.0731538   -0.0740274    -0.076171   -0.0792259   -0.0762605   -0.0740209   -0.0761826   -0.0734601   -0.0736768   -0.0720427   -0.0723057    -0.076166   -0.0780166   -0.0766693   -0.0795792   -0.0743142   -0.0722766
  -0.0083617  -0.00861903  -0.00927112  -0.00956508  -0.00679721   -0.0068875   -0.0109944   -0.0059499   -0.0114818    -0.011322   -0.0711892   -0.0714398   -0.0719979   -0.0755002   -0.0695556   -0.0712771   -0.0744975   -0.0693402   -0.0672018   -0.0705623   -0.0202599   -0.0236834   -0.0226183   -0.0214137   -0.0182506   -0.0219318   -0.0214744   -0.0209253   -0.0240492   -0.0242229    0.0832992    0.0818666    0.0859148    0.0882488    0.0830653    0.0831011    0.0821482      1.03868    0.0845853    0.0825955    0.0753005    0.0734993    0.0743944    0.0750084    0.0728471    0.0721814    0.0755805    0.0738086    0.0736342    0.0765131   -0.0733553   -0.0725997   -0.0751034   -0.0737987   -0.0722645   -0.0773253    -0.075156   -0.0791931   -0.0760647   -0.0733038   -0.0734735   -0.0756394   -0.0713581   -0.0764501    -0.073142   -0.0760555    -0.079085   -0.0746721    -0.075713   -0.0764699   -0.0722208
   -0.012026  -0.00824384   -0.0105544   -0.0104048  -0.00944393  -0.00747261  -0.00882177  -0.00814672  -0.00857693  -0.00617001   -0.0702786   -0.0737193   -0.0706769   -0.0738019   -0.0687421   -0.0710605   -0.0738758   -0.0694734     -0.06938   -0.0713499   -0.0228583   -0.0245573    -0.022562   -0.0216356   -0.0215872   -0.0232298   -0.0207935   -0.0209434    -0.026807   -0.0220989     0.084171    0.0838605    0.0849441    0.0854395    0.0824108    0.0830116    0.0823736    0.0845853      1.04679    0.0824197    0.0723621    0.0726822    0.0754753    0.0716125    0.0733288    0.0749425    0.0761997    0.0725882    0.0734979    0.0722311    -0.075273   -0.0712702   -0.0760983   -0.0768508   -0.0711205    -0.075424   -0.0743316   -0.0798685    -0.074906   -0.0719034   -0.0736269   -0.0733235   -0.0707807   -0.0787197   -0.0703202    -0.076611   -0.0790541   -0.0749748   -0.0757508    -0.076551   -0.0720314
 -0.00823789  -0.00729746   -0.0105708  -0.00895673  -0.00630929  -0.00756725  -0.00816439  -0.00913869   -0.0106599  -0.00976344   -0.0704036   -0.0743604   -0.0704087   -0.0736212   -0.0694665   -0.0731974   -0.0710277   -0.0696522    -0.071051   -0.0713912   -0.0220601    -0.023389   -0.0238938   -0.0208885    -0.020682    -0.021778   -0.0231007   -0.0222322   -0.0247611   -0.0237255     0.088248    0.0800484    0.0819851    0.0841688     0.084779    0.0837618    0.0836456    0.0825955    0.0824197      1.04947    0.0719358    0.0759006      0.07636    0.0767095    0.0772264    0.0756993    0.0734004    0.0728964    0.0714318    0.0745944   -0.0726428   -0.0734508   -0.0763052   -0.0787073   -0.0717701   -0.0755662   -0.0760405   -0.0777192   -0.0740998   -0.0747805   -0.0759485   -0.0762584   -0.0727265   -0.0775585   -0.0723189   -0.0773048   -0.0788622   -0.0771151   -0.0797417   -0.0770016   -0.0734183
  -0.0114709    -0.012394   -0.0125965  -0.00891491  -0.00997443  -0.00955971   -0.0114468  -0.00731179   -0.0123269   -0.0107254   -0.0650416   -0.0690521   -0.0672752   -0.0682145   -0.0696461   -0.0691598   -0.0676434   -0.0705159   -0.0681811   -0.0662258   -0.0213135   -0.0246288   -0.0239433    -0.020596   -0.0192006   -0.0211773   -0.0193141   -0.0215647   -0.0213217   -0.0234692    0.0760889    0.0722935    0.0742117    0.0727731    0.0731513    0.0747359    0.0717724    0.0753005    0.0723621    0.0719358      1.06454    0.0779433    0.0765256    0.0731972    0.0743392    0.0771009    0.0790458    0.0729202    0.0730218    0.0804669   -0.0718233   -0.0709455   -0.0756927    -0.078869   -0.0747164   -0.0728471   -0.0741562   -0.0775477   -0.0750002   -0.0731795   -0.0761094   -0.0722356   -0.0705113   -0.0721333   -0.0708362   -0.0764526   -0.0763391   -0.0763401   -0.0767391   -0.0748381    -0.073246
  -0.0170787  -0.00832411   -0.0137067   -0.0089696   -0.0096324  -0.00879857  -0.00919262   -0.0123151   -0.0109642   -0.0106631   -0.0650203   -0.0657037   -0.0686108   -0.0695933    -0.065908    -0.069502   -0.0678646   -0.0667899   -0.0679354   -0.0658457   -0.0230239   -0.0240469   -0.0251405   -0.0189303   -0.0248346   -0.0241853   -0.0239252   -0.0218463   -0.0254701   -0.0243725     0.071805    0.0721042    0.0739065    0.0713459    0.0740197    0.0722546    0.0730802    0.0734993    0.0726822    0.0759006    0.0779433      1.03905    0.0750726    0.0762957    0.0696637    0.0736903    0.0751765    0.0749031    0.0746274    0.0747949   -0.0710478   -0.0676321   -0.0732079   -0.0720128   -0.0697119   -0.0685696   -0.0728177   -0.0737516   -0.0693537   -0.0723085    -0.071762   -0.0690233   -0.0665947   -0.0672961   -0.0670105   -0.0702565   -0.0745897    -0.071532   -0.0716154   -0.0718483   -0.0677985
  -0.0142997   -0.0135073   -0.0128892   -0.0104883   -0.0125765  -0.00785349  -0.00936945  -0.00870196   -0.0119862   -0.0118625   -0.0713492   -0.0719742   -0.0690782   -0.0676284   -0.0705408   -0.0708277   -0.0636753   -0.0708617   -0.0701996   -0.0700938   -0.0238458   -0.0216861   -0.0240162   -0.0221043   -0.0212752   -0.0247487   -0.0215062   -0.0246411   -0.0228662   -0.0202005    0.0751719    0.0745828    0.0748039    0.0726715    0.0737912    0.0786378    0.0745177    0.0743944    0.0754753      0.07636    0.0765256    0.0750726      1.05879    0.0742817    0.0764533     0.083756    0.0800004    0.0784648    0.0810601    0.0806957   -0.0715861   -0.0717859    -0.073689   -0.0760882   -0.0711307   -0.0740038   -0.0749253   -0.0767527   -0.0757636   -0.0708545   -0.0734382   -0.0695936   -0.0700476   -0.0775486   -0.0693945   -0.0741589   -0.0772018   -0.0751511   -0.0751594   -0.0743614   -0.0711728
