      1.0451    0.0687177    0.0618558    0.0283864    0.0264388     0.034077     0.030892    0.0639728    0.0124631    0.0307914   -0.0272888   -0.0300812   -0.0343139   -0.0395617    -0.031238    -0.034521   -0.0272749   -0.0347548    -0.029937   -0.0369716    0.0117515   0.00198332   0.00819091    0.0156466   0.00900194   0.00557782  -0.00101203    0.0186471     0.011545   0.00238457  -0.00690075   -0.0110542   -0.0126351  -0.00975542   -0.0118769  -0.00723078  -0.00649434  -0.00734832   -0.0102526  -0.00792774  -0.00986391   -0.0132344   -0.0110732  -0.00876365   -0.0111873   -0.0149511    -0.013959   -0.0112332  -0.00903567   -0.0104784   -0.0380495   -0.0418056   -0.0498715   -0.0572307   -0.0486405   -0.0445858   -0.0361014   -0.0461019   -0.0440904   -0.0473921   -0.0445794   -0.0483314   -0.0497951   -0.0429663   -0.0462682    -0.045709   -0.0470056   -0.0576391   -0.0482718   -0.0413865   -0.0403554
   0.0687177      1.04614    0.0324279    0.0338303    0.0254968    0.0402566    0.0361889    0.0649866    0.0194754    0.0377358   -0.0491651   -0.0396117   -0.0437939   -0.0493482   -0.0453975   -0.0424563   -0.0539158   -0.0548813   -0.0448371   -0.0489862   0.00335389  0.000414547    0.0137564   0.00932183   0.00983005   0.00570527   0.00161399    0.0131757    0.0157182   0.00458881    0.0141067    0.0118164    0.0095626    0.0122603    0.0127785    0.0146075    0.0137458    0.0120817    0.0109699    0.0119707   0.00917579    0.0106188    0.0110467    0.0116801    0.0123081   0.00841129   0.00991392    0.0119532    0.0144923    0.0110379   -0.0562272   -0.0522449    -0.067171   -0.0664672   -0.0662626   -0.0590809   -0.0585616   -0.0564773   -0.0620036   -0.0650676   -0.0585335   -0.0617026   -0.0622705   -0.0687651   -0.0557548   -0.0577614   -0.0563038   -0.0710513   -0.0662898    -0.056256   -0.0530638
   0.0618558    0.0324279      1.05683    0.0195411     0.035843    0.0201334     0.024251     0.181229   0.00785681    0.0285731   -0.0328372   -0.0277562   -0.0365146   -0.0416349   -0.0312766    -0.038468   -0.0339073   -0.0329195   -0.0398824   -0.0341753   -0.0105451   -0.0157049   -0.0148164   0.00502147  -0.00645719  -0.00982554  -0.00645602   -0.0065968   -0.0101786   -0.0167733  -0.00266912  -0.00517208  -0.00466045  -0.00427212  -0.00365493  -0.00417442  -0.00187591  -0.00127309  -0.00150965   -0.0016449  -0.00394925  -0.00614035  -0.00268218  -0.00392278  -0.00349947  -0.00588561  -0.00527018  -0.00591546  -0.00483815  -0.00454858   -0.0454793   -0.0417156   -0.0441234   -0.0538676   -0.0533836    -0.048128   -0.0334229   -0.0568068   -0.0456514   -0.0426774   -0.0434349    -0.042011   -0.0473423   -0.0492606   -0.0494765   -0.0372857   -0.0543563   -0.0527979   -0.0506323   -0.0396902   -0.0408144
   0.0283864    0.0338303    0.0195411      1.03938    0.0333497    0.0377947    0.0247773    0.0313201    0.0266828     0.025781   -0.0597834   -0.0563933   -0.0443133   -0.0497888   -0.0445156   -0.0426948   -0.0468867   -0.0528359   -0.0373891   -0.0494222   0.00828611   0.00845664   0.00900385    0.0163031    0.0119701    0.0146877   0.00700322    0.0119084    0.0172804    0.0101286    0.0209735     0.017949    0.0158163    0.0188628    0.0180991    0.0200535    0.0198371    0.0176254    0.0170283     0.018566    0.0150987    0.0121925    0.0171979    0.0153339    0.0161083    0.0138368    0.0135802    0.0169399    0.0192872    0.0165447   -0.0575662   -0.0558765   -0.0647986   -0.0691989   -0.0682833    -0.061206   -0.0590383   -0.0711294    -0.063806   -0.0645642   -0.0614955   -0.0588611   -0.0652372   -0.0627698   -0.0581977   -0.0575518   -0.0724841   -0.0725126   -0.0641688   -0.0610026   -0.0565071
   0.0264388    0.0254968     0.035843    0.0333497      1.04207    0.0324623    0.0223184    0.0390939    0.0175946    0.0174653   -0.0446244   -0.0433725   -0.0415389   -0.0416071   -0.0288078   -0.0323498   -0.0489314   -0.0437878   -0.0448448   -0.0452145  6.51723e-05   0.00517416   0.00919622    0.0103039   0.00639823    0.0037212   0.00246965   0.00612211   0.00710797    0.0104598    0.0176064    0.0139989     0.015392    0.0138624    0.0175437    0.0171061    0.0155173    0.0171568    0.0162379     0.017408    0.0147949   0.00798859    0.0117328    0.0153361    0.0119403    0.0128323    0.0126217    0.0135334    0.0136682    0.0132734   -0.0544019   -0.0589814   -0.0600869   -0.0733302   -0.0658569   -0.0582763   -0.0587342   -0.0583588   -0.0573743   -0.0599194    -0.057017   -0.0570614   -0.0618378   -0.0565345   -0.0597574   -0.0593725   -0.0580461   -0.0744198   -0.0617233   -0.0547463   -0.0524505
    0.034077    0.0402566    0.0201334    0.0377947    0.0324623      1.03322    0.0236765    0.0436155    0.0348318    0.0290193   -0.0581142   -0.0553734   -0.0525085   -0.0567887   -0.0520005   -0.0552116    -0.048184   -0.0571588     -0.04631   -0.0584869   0.00686625    0.0105442    0.0100435    0.0132009     0.010016    0.0113023   0.00610894    0.0191504    0.0182137    0.0121797    0.0250254     0.021869    0.0208061    0.0244915    0.0228834    0.0244984    0.0244947    0.0240791    0.0247435    0.0247176    0.0207941    0.0168344    0.0222464    0.0203367    0.0189016    0.0204154    0.0193743    0.0210778    0.0227733    0.0225679   -0.0574267   -0.0621111   -0.0675893   -0.0705753   -0.0695951   -0.0651568    -0.057779   -0.0639066    -0.067893   -0.0662566   -0.0637337   -0.0694786   -0.0683698   -0.0757534   -0.0636553   -0.0651487   -0.0674647   -0.0744456   -0.0682069   -0.0611277   -0.0624177
    0.030892    0.0361889     0.024251    0.0247773    0.0223184    0.0236765      1.03397    0.0352368     0.015833    0.0193027   -0.0372159   -0.0411349   -0.0348297    -0.037836   -0.0287088   -0.0337071   -0.0355058   -0.0344685   -0.0379239   -0.0293471    0.0046628   0.00668398   0.00764814   0.00962438   0.00824332   0.00851375   0.00705667    0.0100364    0.0115891    0.0102071   0.00571955   0.00233682   0.00273807   0.00307562   0.00297167   0.00497745   0.00523209   0.00151658   0.00195585    0.0050332   0.00207557  -0.00299315   0.00105546  -0.00120274  0.000134446   -0.0036868   -0.0020408   0.00165682   0.00350952    0.0010684   -0.0486318   -0.0461969   -0.0552814   -0.0568094   -0.0548189   -0.0457105   -0.0448841   -0.0527686   -0.0535076   -0.0509068   -0.0512164   -0.0481124   -0.0533755   -0.0577763   -0.0471351   -0.0457502   -0.0559783   -0.0604793    -0.052641   -0.0477307   -0.0437975
   0.0639728    0.0649866     0.181229    0.0313201    0.0390939    0.0436155    0.0352368       1.0541    0.0136174    0.0301874   -0.0520764   -0.0491334   -0.0559135    -0.050313    -0.044941   -0.0548409   -0.0482688    -0.059021    -0.053137   -0.0570001  -0.00969875   -0.0108468  -0.00991312   0.00652315   -0.0128046  -0.00976646   -0.0149781  0.000751271  -0.00573493   -0.0124332    0.0221992    0.0165459     0.017533    0.0203967    0.0175792    0.0214729    0.0201782    0.0206119    0.0206629    0.0199763    0.0176227    0.0157254    0.0193286    0.0187827    0.0198787    0.0153415    0.0141552    0.0175302     0.019726    0.0170575   -0.0655158   -0.0626521   -0.0647359     -0.07507   -0.0724136   -0.0678346   -0.0609386   -0.0689532   -0.0641334   -0.0649492   -0.0586227    -0.062645   -0.0675689   -0.0705131    -0.069679   -0.0564735   -0.0693629   -0.0752306   -0.0724882   -0.0589626   -0.0625593
   0.0124631    0.0194754   0.00785681    0.0266828    0.0175946    0.0348318     0.015833    0.0136174      1.03112   0.00960478   -0.0494857   -0.0474662   -0.0341813    -0.040537   -0.0323472    -0.042661    -0.027561   -0.0376342   -0.0268948   -0.0364184   0.00498438    0.0081131    0.0093687   0.00953663    0.0113952    0.0137317   0.00929257    0.0112831    0.0126098    0.0153316   0.00802465   0.00717524   0.00708499   0.00900043   0.00940248   0.00784153   0.00743783   0.00769843   0.00890464   0.00739861   0.00681536   0.00393528   0.00420137   0.00500433   0.00480959   0.00393638   0.00570022   0.00641041   0.00641679    0.0062557   -0.0411705   -0.0454045      -0.0517   -0.0496331   -0.0554181   -0.0492383   -0.0455227   -0.0497165   -0.0556025     -0.05263   -0.0511424   -0.0564213   -0.0505291   -0.0711165   -0.0424904   -0.0494672     -0.05615   -0.0576569   -0.0545804    -0.046865   -0.0460609
   0.0307914    0.0377358    0.0285731     0.025781    0.0174653    0.0290193    0.0193027    0.0301874   0.00960478      1.03427   -0.0442779   -0.0431579   -0.0422032   -0.0445486   -0.0304062   -0.0254489   -0.0421518    -0.041966   -0.0396439   -0.0438304   0.00626193   0.00462554   0.00672249   0.00851901   0.00742826   0.00592955   0.00735615    0.0113833    0.0114904   0.00528708    0.0139337   0.00954716    0.0116265    0.0118651    0.0132394    0.0118709    0.0137752    0.0123412    0.0109404    0.0114909   0.00850275   0.00398714    0.0079632   0.00968603   0.00615117   0.00749991   0.00452953   0.00769138   0.00971744   0.00864915   -0.0503659   -0.0529497   -0.0584518   -0.0643897   -0.0643679     -0.05338   -0.0478199   -0.0596159   -0.0512064   -0.0591785   -0.0597643    -0.050491   -0.0623221   -0.0513188    -0.058638   -0.0508077   -0.0559518   -0.0731861   -0.0585865   -0.0533341   -0.0526172
  -0.0272888   -0.0491651   -0.0328372   -0.0597834   -0.0446244   -0.0581142   -0.0372159   -0.0520764   -0.0494857   -0.0442779      1.21028     0.198953     0.134009     0.145127     0.124352      0.15531      0.13347      0.14058     0.129541     0.151647  -0.00756099   -0.0188531   -0.0112945     -0.02028   -0.0144884   -0.0181229  -0.00483139   -0.0152615   -0.0014395   -0.0161248    -0.205427    -0.204463    -0.206992    -0.206684    -0.203167     -0.20626    -0.205878    -0.205412    -0.204332    -0.207038    -0.190357    -0.187032    -0.200902    -0.199971    -0.200795    -0.196106     -0.19969    -0.201091    -0.203603    -0.199645     0.108451     0.113531      0.10683     0.109154     0.103323     0.118172     0.119928     0.109123     0.109958     0.113041     0.101872     0.115537     0.104423     0.136049     0.107804     0.117751      0.10976     0.096314     0.105263     0.118888     0.115575
  -0.0300812   -0.0396117   -0.0277562   -0.0563933   -0.0433725   -0.0553734   -0.0411349   -0.0491334   -0.0474662   -0.0431579     0.198953      1.19262     0.141314     0.130792     0.117424     0.135801      0.12621     0.138748     0.119509     0.146427   -0.0131518   -0.0110092   -0.0159635   -0.0227959   -0.0148231   -0.0100752  -0.00692155   -0.0155847  -0.00481787   -0.0149605    -0.200243    -0.200459    -0.200839    -0.199938     -0.20007    -0.201197    -0.201075    -0.200488    -0.198321    -0.201078    -0.188154    -0.183186    -0.194979    -0.197161    -0.199245    -0.192061    -0.193994    -0.198008     -0.19691    -0.194806     0.113536     0.116663      0.11284     0.110137     0.107068     0.116951     0.122808     0.102097     0.100672     0.119947     0.107207     0.111162     0.104082    0.0818562     0.103488     0.121729    0.0995299     0.102934     0.112559     0.113917     0.115928
  -0.0343139   -0.0437939   -0.0365146   -0.0443133   -0.0415389   -0.0525085   -0.0348297   -0.0559135   -0.0341813   -0.0422032     0.134009     0.141314      1.20659     0.163756     0.124347     0.132438     0.137353     0.134641     0.131193     0.110883  -0.00819272  -0.00269396   -0.0289043   -0.0157635   -0.0069051   -0.0103323   -0.0148652   -0.0115554   -0.0054817   -0.0178873    -0.198394    -0.197932      -0.1983    -0.197699    -0.198462    -0.201038    -0.199258    -0.199011     -0.19598    -0.199012     -0.18432    -0.185613    -0.191099    -0.195101    -0.195495    -0.185406    -0.193762    -0.196442     -0.19389    -0.193173     0.121768     0.117764    0.0994121     0.103855     0.102376     0.107368      0.12074    0.0999476      0.10405    0.0992703    0.0978755     0.114384    0.0955286     0.120229     0.109374     0.112588    0.0997825    0.0996705     0.101428     0.106527     0.114847
  -0.0395617   -0.0493482   -0.0416349   -0.0497888   -0.0416071   -0.0567887    -0.037836    -0.050313    -0.040537   -0.0445486     0.145127     0.130792     0.163756      1.20971     0.140329     0.142825     0.126016     0.152858     0.115848     0.133034   -0.0200756  -0.00190383   -0.0207666   -0.0252518  -0.00589088   -0.0163962    -0.014268   -0.0199173  -0.00653762    -0.012183    -0.208023    -0.204751    -0.206691    -0.203034    -0.204579    -0.207225    -0.205454    -0.206871    -0.205115    -0.207568    -0.193526    -0.190254    -0.198758    -0.202648    -0.202255    -0.196987    -0.201518    -0.204257    -0.204953    -0.199526      0.11724     0.122396     0.114074      0.12139     0.109618     0.120525     0.117802     0.106295     0.113266     0.123554     0.110495     0.124351     0.108282     0.125682     0.115959     0.123311     0.115525     0.106469     0.114664     0.119646     0.122826
   -0.031238   -0.0453975   -0.0312766   -0.0445156   -0.0288078   -0.0520005   -0.0287088    -0.044941   -0.0323472   -0.0304062     0.124352     0.117424     0.124347     0.140329      1.20138     0.148903     0.130528     0.137815     0.117337     0.136534   -0.0233923   -0.0130303   -0.0135269   -0.0166166   -0.0060982   -0.0157545  -0.00875527   -0.0190843   0.00092122   -0.0150069    -0.200141    -0.201187    -0.199342     -0.20048    -0.196916    -0.201274    -0.197561    -0.197008    -0.199824    -0.199741    -0.189207    -0.186572     -0.19364    -0.195794    -0.197502    -0.192749    -0.198493    -0.195119    -0.198337    -0.193622      0.11043     0.111895     0.109521     0.126229     0.103481     0.117628     0.101445     0.107652     0.104157     0.110101     0.103955     0.108099    0.0989352     0.105285     0.109191     0.120921     0.112558     0.102112      0.11868     0.112668     0.107313
   -0.034521   -0.0424563    -0.038468   -0.0426948   -0.0323498   -0.0552116   -0.0337071   -0.0548409    -0.042661   -0.0254489      0.15531     0.135801     0.132438     0.142825     0.148903      1.21443     0.120741     0.114261     0.142248     0.129818   -0.0262079   -0.0159445  -0.00640785   -0.0281554  -0.00631221  -0.00222829  -0.00414098   -0.0200691  -0.00777281  -0.00546346    -0.202734    -0.201416    -0.201429    -0.201422    -0.201775    -0.202366    -0.204517    -0.201406    -0.201029    -0.200126    -0.187806    -0.185848    -0.196806    -0.197111     -0.19825    -0.192223    -0.195849    -0.197194      -0.1986    -0.195471     0.107264     0.104905     0.115822     0.131183    0.0925294     0.113805     0.108765     0.100679     0.112514     0.106833     0.110088     0.113194     0.094054     0.120607    0.0988805     0.122827     0.104177     0.110767     0.104092     0.112959     0.100237
  -0.0272749   -0.0539158   -0.0339073   -0.0468867   -0.0489314    -0.048184   -0.0355058   -0.0482688    -0.027561   -0.0421518      0.13347      0.12621     0.137353     0.126016     0.130528     0.120741      1.19908     0.144953     0.136486     0.139927  0.000192032  -0.00715796   -0.0221963  -0.00504856    -0.021601   -0.0156955   -0.0199569   -0.0110326   -0.0113075    -0.019637    -0.201759    -0.201974    -0.198625    -0.200254    -0.199522    -0.200817    -0.201426     -0.20095     -0.19823    -0.200452    -0.186864    -0.185442    -0.192825    -0.196806    -0.198253    -0.192614    -0.196176    -0.197413    -0.195733    -0.195246     0.124508      0.11884     0.102739     0.126201     0.113059     0.122695     0.116623    0.0989918     0.100244     0.111934     0.103103     0.107684     0.114567    0.0883884     0.119141     0.121322     0.103993     0.112772     0.121762     0.115425     0.114813
  -0.0347548   -0.0548813   -0.0329195   -0.0528359   -0.0437878   -0.0571588   -0.0344685    -0.059021   -0.0376342    -0.041966      0.14058     0.138748     0.134641     0.152858     0.137815     0.114261     0.144953      1.20698     0.117159     0.142805  -0.00707393 -0.000394798   -0.0197286  -0.00999795  -0.00951081   -0.0214362   -0.0119656    -0.014152 -0.000491538   -0.0162667    -0.206561      -0.2024    -0.204644    -0.203664     -0.20486    -0.206223    -0.203489    -0.207339    -0.204574    -0.205205    -0.194065    -0.190924    -0.200223     -0.19897    -0.201132    -0.196715    -0.199034    -0.200139    -0.199735    -0.198221     0.120303     0.127099     0.101903       0.1089     0.120427     0.127288     0.120232     0.108333     0.106465     0.124776     0.101252     0.120654     0.114442     0.121335     0.122164     0.121404     0.115542    0.0944363     0.125047     0.113417     0.119189
   -0.029937   -0.0448371   -0.0398824   -0.0373891   -0.0448448     -0.04631   -0.0379239    -0.053137   -0.0268948   -0.0396439     0.129541     0.119509     0.131193     0.115848     0.117337     0.142248     0.136486     0.117159      1.19113     0.109976   0.00424597   -0.0084428   -0.0233071  -0.00457397   -0.0176253   -0.0139699   -0.0118162  -0.00682625  -0.00639864   -0.0247698    -0.194695    -0.194889    -0.193593    -0.191712    -0.195512     -0.19439    -0.194285    -0.191097    -0.189951     -0.19354    -0.179719    -0.179961    -0.186292    -0.190157    -0.187222    -0.183656    -0.186516    -0.188849    -0.188303    -0.188596     0.117968     0.105906    0.0929199     0.111621    0.0978766     0.109333     0.116863     0.106864     0.109972     0.096077    0.0957254     0.110464    0.0985324      0.13185     0.108917     0.114182     0.106971     0.100991    0.0989532     0.109483     0.104046
  -0.0369716   -0.0489862   -0.0341753   -0.0494222   -0.0452145   -0.0584869   -0.0293471   -0.0570001   -0.0364184   -0.0438304     0.151647     0.146427     0.110883     0.133034     0.136534     0.129818     0.139927     0.142805     0.109976      1.20155   -0.0135277   -0.0101581  -0.00829303  -0.00998929   -0.0101888   -0.0132113  -0.00586487   -0.0162946   0.00701357  -0.00749362    -0.198935    -0.197106    -0.196808    -0.195525    -0.196564    -0.199571     -0.19525    -0.198634    -0.198841    -0.198099    -0.184476    -0.181656    -0.191946    -0.191929    -0.195121    -0.188896    -0.191906    -0.193863    -0.194754    -0.191864      0.11078     0.112301    0.0910842     0.104968    0.0972672     0.123037     0.107249    0.0960965     0.108451     0.114404    0.0908975     0.107767     0.106097     0.129663     0.108199     0.116863    0.0979548     0.083863     0.116658     0.112678     0.110939
   0.0117515   0.00335389   -0.0105451   0.00828611  6.51723e-05   0.00686625    0.0046628  -0.00969875   0.00498438   0.00626193  -0.00756099   -0.0131518  -0.00819272   -0.0200756   -0.0233923   -0.0262079  0.000192032  -0.00707393   0.00424597   -0.0135277      1.06364    0.0247702    0.0243132    0.0203536    0.0163335    0.0207884    0.0138868    0.0314467    0.0256948    0.0248964   -0.0427519   -0.0445501   -0.0408862   -0.0427557   -0.0416532   -0.0404866   -0.0399643   -0.0423449   -0.0431622   -0.0418287   -0.0403691   -0.0450597   -0.0427594   -0.0409053   -0.0444765   -0.0440041   -0.0406195   -0.0378941   -0.0401794   -0.0437918  -0.00112897  -0.00013141   -0.0160835   -0.0170925  -0.00957918   -0.0159396  -0.00970941   -0.0159073   -0.0107713   -0.0093037   -0.0136566   -0.0137911  -0.00541339   -0.0102974  -0.00427571   -0.0161047   -0.0182722   -0.0144158   -0.0145802  -0.00359928  -0.00592075
  0.00198332  0.000414547   -0.0157049   0.00845664   0.00517416    0.0105442   0.00668398   -0.0108468    0.0081131   0.00462554   -0.0188531   -0.0110092  -0.00269396  -0.00190383   -0.0130303   -0.0159445  -0.00715796 -0.000394798   -0.0084428   -0.0101581    0.0247702      1.05163    0.0247677    0.0136953    0.0260796    0.0286725    0.0275785    0.0159533    0.0251754    0.0324405   -0.0443251   -0.0438438   -0.0446292   -0.0421338   -0.0424335   -0.0427158   -0.0425652   -0.0440538    -0.043955   -0.0438972    -0.039851   -0.0428542   -0.0407964   -0.0405905   -0.0453048   -0.0421467   -0.0414309   -0.0420684   -0.0405364   -0.0455115  -0.00572545  -0.00354323   -0.0153881   -0.0140488   -0.0148271   -0.0129455   -0.0080265   -0.0159649   -0.0216687   -0.0127137   -0.0116351   -0.0165664    -0.011722   -0.0347784  -0.00210548   -0.0154074   -0.0193824   -0.0174814   -0.0056771   -0.0145351  0.000502143
  0.00819091    0.0137564   -0.0148164   0.00900385   0.00919622    0.0100435   0.00764814  -0.00991312    0.0093687   0.00672249   -0.0112945   -0.0159635   -0.0289043   -0.0207666   -0.0135269  -0.00640785   -0.0221963   -0.0197286   -0.0233071  -0.00829303    0.0243132    0.0247677      1.06684    0.0174155    0.0306247    0.0365229    0.0383261    0.0274814     0.035685    0.0506437   -0.0394279   -0.0370729   -0.0423432   -0.0390783    -0.041251   -0.0372786   -0.0393863   -0.0378334   -0.0395663   -0.0407016   -0.0391215   -0.0404252   -0.0407654   -0.0347288   -0.0396216    -0.042476   -0.0395552   -0.0362599   -0.0374753   -0.0397166  -0.00987981  -0.00653798   -0.0150379   -0.0196215   -0.0162038   -0.0151731   -0.0145558   -0.0243953   -0.0224112   -0.0110811   -0.0171091    -0.021012   -0.0143992   -0.0339281  -0.00567741     -0.01849   -0.0285999   -0.0148222   -0.0133213   -0.0075989  -0.00676853
   0.0156466   0.00932183   0.00502147    0.0163031    0.0103039    0.0132009   0.00962438   0.00652315   0.00953663   0.00851901     -0.02028   -0.0227959   -0.0157635   -0.0252518   -0.0166166   -0.0281554  -0.00504856  -0.00999795  -0.00457397  -0.00998929    0.0203536    0.0136953    0.0174155      1.05159    0.0177156    0.0107139   0.00388184    0.0256958    0.0219028    0.0164333   -0.0369937    -0.036026   -0.0374595   -0.0358105   -0.0367489   -0.0357316   -0.0374189    -0.036793   -0.0368068    -0.038639   -0.0349747    -0.038795      -0.0361   -0.0346677   -0.0367106    -0.034781   -0.0341992   -0.0360226   -0.0332205   -0.0378243  -0.00424162  -0.00957011   -0.0186612   -0.0225246   -0.0183323   -0.0177257   -0.0143016   -0.0199579   -0.0129609   -0.0186883   -0.0185846   -0.0151689  -0.00794751  -0.00984549   -0.0134892   -0.0156381   -0.0197405   -0.0218962   -0.0124634   -0.0146563  -0.00708479
  0.00900194   0.00983005  -0.00645719    0.0119701   0.00639823     0.010016   0.00824332   -0.0128046    0.0113952   0.00742826   -0.0144884   -0.0148231   -0.0069051  -0.00589088   -0.0060982  -0.00631221    -0.021601  -0.00951081   -0.0176253   -0.0101888    0.0163335    0.0260796    0.0306247    0.0177156      1.05142    0.0390351    0.0196355    0.0217569    0.0259077    0.0288311   -0.0368369   -0.0386691   -0.0363319    -0.036458   -0.0390796   -0.0373584   -0.0354076   -0.0353005   -0.0388262   -0.0363365   -0.0380538   -0.0403463   -0.0397872    -0.037317   -0.0379583    -0.038344   -0.0386054   -0.0388202   -0.0348833   -0.0382264   -0.0130259   -0.0186681   -0.0167033   -0.0268406   -0.0247051   -0.0172077   -0.0139936   -0.0216442   -0.0178777   -0.0185019   -0.0244308   -0.0197221   -0.0229054    -0.015038   -0.0112847   -0.0237043    -0.021688   -0.0352008   -0.0194006   -0.0173952   -0.0142989
  0.00557782   0.00570527  -0.00982554    0.0146877    0.0037212    0.0113023   0.00851375  -0.00976646    0.0137317   0.00592955   -0.0181229   -0.0100752   -0.0103323   -0.0163962   -0.0157545  -0.00222829   -0.0156955   -0.0214362   -0.0139699   -0.0132113    0.0207884    0.0286725    0.0365229    0.0107139    0.0390351      1.05505     0.029277    0.0233718    0.0277298    0.0299812   -0.0345499   -0.0371048    -0.034759   -0.0363558   -0.0356632   -0.0330053   -0.0350357   -0.0339289   -0.0348111   -0.0341799   -0.0325836     -0.03547   -0.0344816   -0.0346185   -0.0353986   -0.0357055    -0.035057   -0.0356168   -0.0336587   -0.0364611   -0.0132186   -0.0143931    -0.018011   -0.0184044   -0.0238951   -0.0213282   -0.0151344   -0.0279946   -0.0269571   -0.0211861   -0.0193107   -0.0274258   -0.0278688   -0.0501911   -0.0182602   -0.0235299   -0.0326975   -0.0232416   -0.0223188   -0.0150908   -0.0126659
 -0.00101203   0.00161399  -0.00645602   0.00700322   0.00246965   0.00610894   0.00705667   -0.0149781   0.00929257   0.00735615  -0.00483139  -0.00692155   -0.0148652    -0.014268  -0.00875527  -0.00414098   -0.0199569   -0.0119656   -0.0118162  -0.00586487    0.0138868    0.0275785    0.0383261   0.00388184    0.0196355     0.029277      1.05646    0.0178557    0.0215831    0.0263198   -0.0358861   -0.0362672   -0.0394815   -0.0357134   -0.0353237   -0.0373218   -0.0372055   -0.0354795   -0.0352744   -0.0362749   -0.0340328   -0.0396346    -0.036959   -0.0339379   -0.0338013    -0.037306   -0.0349234   -0.0331368   -0.0340611   -0.0348637  -0.00792712  -0.00742407   -0.0121872   -0.0154264   -0.0207592   -0.0163278   -0.0157621   -0.0240447   -0.0263845   -0.0164293   -0.0192934   -0.0273148   -0.0166146   -0.0394386   -0.0113128   -0.0219876   -0.0272306   -0.0212439   -0.0148349     -0.01731  -0.00762935
   0.0186471    0.0131757   -0.0065968    0.0119084   0.00612211    0.0191504    0.0100364  0.000751271    0.0112831    0.0113833   -0.0152615   -0.0155847   -0.0115554   -0.0199173   -0.0190843   -0.0200691   -0.0110326    -0.014152  -0.00682625   -0.0162946    0.0314467    0.0159533    0.0274814    0.0256958    0.0217569    0.0233718    0.0178557      1.05021    0.0379856    0.0254866   -0.0344462   -0.0370887   -0.0379591   -0.0359465   -0.0363464   -0.0337954   -0.0343875   -0.0345273   -0.0377623   -0.0360413   -0.0347495   -0.0358709   -0.0371739   -0.0340813   -0.0375716   -0.0395321   -0.0374456   -0.0329106   -0.0342905   -0.0382449   -0.0081754   -0.0144057   -0.0255313   -0.0348915   -0.0215723   -0.0223106   -0.0173928   -0.0215415   -0.0221362   -0.0214969   -0.0285278   -0.0207178   -0.0236861   -0.0194713   -0.0139854   -0.0238478   -0.0224018   -0.0334802   -0.0190187   -0.0159587   -0.0141395
    0.011545    0.0157182   -0.0101786    0.0172804   0.00710797    0.0182137    0.0115891  -0.00573493    0.0126098    0.0114904   -0.0014395  -0.00481787   -0.0054817  -0.00653762   0.00092122  -0.00777281   -0.0113075 -0.000491538  -0.00639864   0.00701357    0.0256948    0.0251754     0.035685    0.0219028    0.0259077    0.0277298    0.0215831    0.0379856      1.06858    0.0405205   -0.0429255   -0.0458561   -0.0487904   -0.0446137   -0.0457041   -0.0424657   -0.0440143   -0.0432484   -0.0457694   -0.0438881   -0.0423392   -0.0463506    -0.042908   -0.0441106   -0.0471415   -0.0463968   -0.0450166   -0.0447353   -0.0452569   -0.0453922   -0.0140616   -0.0174275   -0.0357113   -0.0416962   -0.0269571   -0.0225722   -0.0188147   -0.0163037   -0.0150896   -0.0234515   -0.0326425   -0.0209008   -0.0287137 -0.000904221   -0.0147468   -0.0288871   -0.0205346    -0.046524   -0.0231763   -0.0173091   -0.0147106
  0.00238457   0.00458881   -0.0167733    0.0101286    0.0104598    0.0121797    0.0102071   -0.0124332    0.0153316   0.00528708   -0.0161248   -0.0149605   -0.0178873    -0.012183   -0.0150069  -0.00546346    -0.019637   -0.0162667   -0.0247698  -0.00749362    0.0248964    0.0324405    0.0506437    0.0164333    0.0288311    0.0299812    0.0263198    0.0254866    0.0405205      1.06339   -0.0384355   -0.0405521   -0.0392246   -0.0392132   -0.0366326   -0.0389337   -0.0381282   -0.0395533   -0.0380209    -0.039585   -0.0366404   -0.0395156   -0.0358499   -0.0362798   -0.0390915    -0.037699   -0.0372786    -0.037871   -0.0380698   -0.0390015  -0.00765892   -0.0132633   -0.0200161   -0.0215723   -0.0208942   -0.0209743   -0.0183694    -0.024384   -0.0169074     -0.02076    -0.022336   -0.0216582   -0.0146902   -0.0291248  -0.00893213   -0.0238082   -0.0282634   -0.0230314    -0.016293   -0.0161842    -0.010603
 -0.00690075    0.0141067  -0.00266912    0.0209735    0.0176064    0.0250254   0.00571955    0.0221992   0.00802465    0.0139337    -0.205427    -0.200243    -0.198394    -0.208023    -0.200141    -0.202734    -0.201759    -0.206561    -0.194695    -0.198935   -0.0427519   -0.0443251   -0.0394279   -0.0369937   -0.0368369   -0.0345499   -0.0358861   -0.0344462   -0.0429255   -0.0384355      1.04905     0.299265     0.302061     0.300682     0.299762     0.305569     0.300634     0.301737     0.299949     0.301987     0.277782     0.273951     0.286405     0.285772     0.287597     0.282731     0.283244     0.287376     0.284901     0.289311    -0.227211    -0.228143    -0.231469    -0.242029    -0.231966    -0.227237    -0.224506    -0.226062    -0.232857    -0.230273    -0.232914    -0.227631     -0.22945    -0.232608    -0.230075    -0.233219    -0.231363    -0.238637    -0.239233    -0.232649    -0.221393
  -0.0110542    0.0118164  -0.00517208     0.017949    0.0139989     0.021869   0.00233682    0.0165459   0.00717524   0.00954716    -0.204463    -0.200459    -0.197932    -0.204751    -0.201187    -0.201416    -0.201974      -0.2024    -0.194889    -0.197106   -0.0445501   -0.0438438   -0.0370729    -0.036026   -0.0386691   -0.0371048   -0.0362672   -0.0370887   -0.0458561   -0.0405521     0.299265      1.04967     0.296558     0.296501     0.298644     0.298618     0.297551     0.296039     0.297373     0.295934     0.275238     0.270512     0.283447     0.279952     0.284231      0.27858     0.283583     0.282711     0.283358     0.284814    -0.221899    -0.220246    -0.224607    -0.233893    -0.221608    -0.219805    -0.217336    -0.217979    -0.224719    -0.221455    -0.224522    -0.223108    -0.221388    -0.227656    -0.223328    -0.226821    -0.223104    -0.228454    -0.229712    -0.224326    -0.214193
  -0.0126351    0.0095626  -0.00466045    0.0158163     0.015392    0.0208061   0.00273807     0.017533   0.00708499    0.0116265    -0.206992    -0.200839      -0.1983    -0.206691    -0.199342    -0.201429    -0.198625    -0.204644    -0.193593    -0.196808   -0.0408862   -0.0446292   -0.0423432   -0.0374595   -0.0363319    -0.034759   -0.0394815   -0.0379591   -0.0487904   -0.0392246     0.302061     0.296558      1.04476     0.299435     0.298454     0.300428     0.298373      0.29939     0.298309      0.29983     0.276427     0.269923      0.28599     0.280639      0.28502     0.282586     0.283861     0.284319     0.284385     0.287406    -0.223291    -0.222808    -0.227251    -0.235921    -0.225527    -0.223031    -0.219437    -0.220535    -0.231084    -0.222996    -0.225551     -0.22442    -0.223621    -0.230341    -0.224974    -0.227412    -0.225416    -0.229692    -0.232511    -0.226394    -0.216166
 -0.00975542    0.0122603  -0.00427212    0.0188628    0.0138624    0.0244915   0.00307562    0.0203967   0.00900043    0.0118651    -0.206684    -0.199938    -0.197699    -0.203034     -0.20048    -0.201422    -0.200254    -0.203664    -0.191712    -0.195525   -0.0427557   -0.0421338   -0.0390783   -0.0358105    -0.036458   -0.0363558   -0.0357134   -0.0359465   -0.0446137   -0.0392132     0.300682     0.296501     0.299435      1.04314     0.298711     0.299466     0.296408     0.303018     0.297221     0.299316      0.27392     0.270259     0.283647     0.279643     0.285875      0.27914     0.280952     0.281008     0.281831     0.286066    -0.224333    -0.222904    -0.227882     -0.23688      -0.2269    -0.223829     -0.22112    -0.221667    -0.230343    -0.225628    -0.226463    -0.224637     -0.22466    -0.232161    -0.227349    -0.229575    -0.226082     -0.23203    -0.235281    -0.227911    -0.217244
  -0.0118769    0.0127785  -0.00365493    0.0180991    0.0175437    0.0228834   0.00297167    0.0175792   0.00940248    0.0132394    -0.203167     -0.20007    -0.198462    -0.204579    -0.196916    -0.201775    -0.199522     -0.20486    -0.195512    -0.196564   -0.0416532   -0.0424335    -0.041251   -0.0367489   -0.0390796   -0.0356632   -0.0353237   -0.0363464   -0.0457041   -0.0366326     0.299762     0.298644     0.298454     0.298711      1.04635      0.30218     0.298195     0.297683     0.298414     0.298503      0.27691     0.272153     0.283861     0.281418     0.286278     0.279729     0.284841     0.281953     0.284708     0.285092    -0.223557    -0.223595    -0.226297     -0.23593     -0.22696    -0.223909    -0.220444    -0.224056    -0.229477    -0.224372    -0.227485    -0.225487    -0.223771    -0.230764    -0.226669    -0.232266    -0.229082    -0.232067    -0.234918    -0.228439    -0.217349
 -0.00723078    0.0146075  -0.00417442    0.0200535    0.0171061    0.0244984   0.00497745    0.0214729   0.00784153    0.0118709     -0.20626    -0.201197    -0.201038    -0.207225    -0.201274    -0.202366    -0.200817    -0.206223     -0.19439    -0.199571   -0.0404866   -0.0427158   -0.0372786   -0.0357316   -0.0373584   -0.0330053   -0.0373218   -0.0337954   -0.0424657   -0.0389337     0.305569     0.298618     0.300428     0.299466      0.30218       1.0495     0.301041     0.301729     0.299855     0.301631     0.278431     0.270891     0.287476     0.281365     0.287445     0.282353     0.282318     0.284455     0.285943      0.28845    -0.224759    -0.224722    -0.230886    -0.240215    -0.228932    -0.226097    -0.224292    -0.225357    -0.233309    -0.227487    -0.231074    -0.227942    -0.227118    -0.233253    -0.228772    -0.233189    -0.229032    -0.234976    -0.237811    -0.230562    -0.218805
 -0.00649434    0.0137458  -0.00187591    0.0198371    0.0155173    0.0244947   0.00523209    0.0201782   0.00743783    0.0137752    -0.205878    -0.201075    -0.199258    -0.205454    -0.197561    -0.204517    -0.201426    -0.203489    -0.194285     -0.19525   -0.0399643   -0.0425652   -0.0393863   -0.0374189   -0.0354076   -0.0350357   -0.0372055   -0.0343875   -0.0440143   -0.0381282     0.300634     0.297551     0.298373     0.296408     0.298195     0.301041      1.04696     0.297718     0.294943      0.29914     0.272252     0.273424     0.281663     0.281537     0.286097     0.279807     0.280751     0.285761     0.282697     0.284443    -0.221999    -0.222574     -0.22853    -0.238209    -0.227055    -0.223561    -0.220353     -0.22329    -0.230083    -0.224621    -0.228439     -0.22484    -0.225018    -0.229572    -0.226323    -0.229556    -0.227431    -0.234419    -0.235487    -0.228207    -0.218215
 -0.00734832    0.0120817  -0.00127309    0.0176254    0.0171568    0.0240791   0.00151658    0.0206119   0.00769843    0.0123412    -0.205412    -0.200488    -0.199011    -0.206871    -0.197008    -0.201406     -0.20095    -0.207339    -0.191097    -0.198634   -0.0423449   -0.0440538   -0.0378334    -0.036793   -0.0353005   -0.0339289   -0.0354795   -0.0345273   -0.0432484   -0.0395533     0.301737     0.296039      0.29939     0.303018     0.297683     0.301729     0.297718      1.04868     0.299187     0.300669     0.275146     0.269928     0.282341     0.280874     0.287214     0.278713     0.282268     0.282557     0.283263     0.285284    -0.223275    -0.225556    -0.226975    -0.237368    -0.226401    -0.223988    -0.221175    -0.223515    -0.228486    -0.224292    -0.227127    -0.224765    -0.224626    -0.228134    -0.227327    -0.230995    -0.228427    -0.232482    -0.235649     -0.22946    -0.218004
  -0.0102526    0.0109699  -0.00150965    0.0170283    0.0162379    0.0247435   0.00195585    0.0206629   0.00890464    0.0109404    -0.204332    -0.198321     -0.19598    -0.205115    -0.199824    -0.201029     -0.19823    -0.204574    -0.189951    -0.198841   -0.0431622    -0.043955   -0.0395663   -0.0368068   -0.0388262   -0.0348111   -0.0352744   -0.0377623   -0.0457694   -0.0380209     0.299949     0.297373     0.298309     0.297221     0.298414     0.299855     0.294943     0.299187      1.04593      0.29975      0.27608     0.272798     0.284338     0.282291     0.285807     0.279875     0.284999     0.282789     0.282193     0.286287     -0.22299    -0.224321    -0.227666    -0.237441    -0.228151    -0.223394    -0.221464    -0.223791    -0.228792    -0.223868    -0.227178    -0.224995    -0.224269    -0.231513    -0.226253    -0.231257    -0.227039    -0.233774    -0.235484    -0.228009    -0.216047
 -0.00792774    0.0119707   -0.0016449     0.018566     0.017408    0.0247176    0.0050332    0.0199763   0.00739861    0.0114909    -0.207038    -0.201078    -0.199012    -0.207568    -0.199741    -0.200126    -0.200452    -0.205205     -0.19354    -0.198099   -0.0418287   -0.0438972   -0.0407016    -0.038639   -0.0363365   -0.0341799   -0.0362749   -0.0360413   -0.0438881    -0.039585     0.301987     0.295934      0.29983     0.299316     0.298503     0.301631      0.29914     0.300669      0.29975      1.04686     0.277576     0.275336     0.289058     0.285775     0.289191     0.285237     0.286243     0.284211     0.285549     0.288996    -0.224366    -0.225895    -0.229728    -0.239552    -0.228244    -0.226177    -0.223569    -0.225522    -0.232969    -0.227083    -0.229549     -0.22692    -0.228053    -0.233907    -0.227814    -0.231254    -0.230755    -0.235426      -0.2374    -0.230155    -0.220248
 -0.00986391   0.00917579  -0.00394925    0.0150987    0.0147949    0.0207941   0.00207557    0.0176227   0.00681536   0.00850275    -0.190357    -0.188154     -0.18432    -0.193526    -0.189207    -0.187806    -0.186864    -0.194065    -0.179719    -0.184476   -0.0403691    -0.039851   -0.0391215   -0.0349747   -0.0380538   -0.0325836   -0.0340328   -0.0347495   -0.0423392   -0.0366404     0.277782     0.275238     0.276427      0.27392      0.27691     0.278431     0.272252     0.275146      0.27608     0.277576      1.03321     0.263004     0.274457     0.269226     0.272926      0.26776     0.275489     0.268635     0.270842     0.276737    -0.213103    -0.213886    -0.220094    -0.227648    -0.219558     -0.21168    -0.210149    -0.213202     -0.22239    -0.213822    -0.219461    -0.215575    -0.214581     -0.22329    -0.217156     -0.21814    -0.217662    -0.225996    -0.224648    -0.220016    -0.209075
  -0.0132344    0.0106188  -0.00614035    0.0121925   0.00798859    0.0168344  -0.00299315    0.0157254   0.00393528   0.00398714    -0.187032    -0.183186    -0.185613    -0.190254    -0.186572    -0.185848    -0.185442    -0.190924    -0.179961    -0.181656   -0.0450597   -0.0428542   -0.0404252    -0.038795   -0.0403463     -0.03547   -0.0396346   -0.0358709   -0.0463506   -0.0395156     0.273951     0.270512     0.269923     0.270259     0.272153     0.270891     0.273424     0.269928     0.272798     0.275336     0.263004      1.02678     0.271308     0.267918     0.267233      0.26525       0.2656     0.269419      0.26895     0.270796    -0.208462    -0.207462    -0.209783    -0.218983    -0.209792    -0.205441    -0.203657    -0.211868    -0.213266    -0.209043    -0.209208    -0.206006    -0.205756    -0.214373    -0.212572    -0.211266    -0.213513    -0.214643    -0.217255     -0.21046    -0.199697
  -0.0110732    0.0110467  -0.00268218    0.0171979    0.0117328    0.0222464   0.00105546    0.0193286   0.00420137    0.0079632    -0.200902    -0.194979    -0.191099    -0.198758     -0.19364    -0.196806    -0.192825    -0.200223    -0.186292    -0.191946   -0.0427594   -0.0407964   -0.0407654      -0.0361   -0.0397872   -0.0344816    -0.036959   -0.0371739    -0.042908   -0.0358499     0.286405     0.283447      0.28599     0.283647     0.283861     0.287476     0.281663     0.282341     0.284338     0.289058     0.274457     0.271308      1.04696     0.277108     0.281831     0.284361     0.283769     0.279698     0.281996     0.284382    -0.220783    -0.219647    -0.221579    -0.231553    -0.222896    -0.218008    -0.215871    -0.217377    -0.226257    -0.220465    -0.220884    -0.219034    -0.220206    -0.225681    -0.219714    -0.226006    -0.221745    -0.229199    -0.229272    -0.224371    -0.212731
