   1.14474   0.109576  0.0544886   0.064384  0.0534005  0.0728415  0.0571238   0.057221  0.0530493  0.0676865 -0.0161188 -0.0216929 -0.0130831 -0.0210835 -0.0193317 -0.0214529 -0.0126438 -0.0198647 -0.0131702 -0.0192802  -0.127132  -0.125497  -0.127682  -0.127722  -0.124143  -0.125979  -0.125679  -0.127027  -0.124041  -0.125578  -0.118278  -0.116482  -0.124508  -0.121569  -0.121914  -0.122353  -0.120465   -0.12243  -0.123741  -0.124095    0.04489  0.0537327  0.0458223  0.0480614  0.0451867  0.0446841  0.0431252     0.0332   0.044956  0.0393847  0.0437054  0.0393729   0.047589   0.052754  0.0483985   0.049923  0.0380727  0.0438837  0.0408289  0.0528619  0.0479513
  0.109576    1.14298  0.0662672  0.0538318  0.0495063  0.0580637  0.0521097  0.0610357  0.0493566  0.0667192 -0.0171629 -0.0179561 -0.0174478 -0.0223835 -0.0189928 -0.0176289 -0.0163958 -0.0203323 -0.0120314 -0.0185269  -0.124649  -0.122733  -0.124345  -0.124293  -0.122077  -0.123757  -0.123455  -0.124346  -0.121818  -0.122931  -0.118073  -0.114312  -0.120406  -0.121143   -0.12199  -0.118363  -0.119968  -0.121198   -0.11977   -0.12053  0.0485757  0.0527854  0.0441176  0.0430298  0.0417804  0.0465505   0.046001  0.0317496  0.0429824  0.0442091   0.044614  0.0431055  0.0475499  0.0372349  0.0450494  0.0535264  0.0342264  0.0369893  0.0476636  0.0509176  0.0482375
 0.0544886  0.0662672     1.1519  0.0776591   0.052931  0.0540789  0.0601545  0.0534245  0.0527204  0.0458975 -0.0185941 -0.0130166 -0.0206496 -0.0170218 -0.0158297 -0.0176788 -0.0189093 -0.0184953 -0.0157505 -0.0204071  -0.123794    -0.1218  -0.123405  -0.123147  -0.123154  -0.124599  -0.123736  -0.123526  -0.120729  -0.123574  -0.116108  -0.116987  -0.119598  -0.120474  -0.120425  -0.116328    -0.1199  -0.120516  -0.119949  -0.119972  0.0634289  0.0612078  0.0417745  0.0454542  0.0458136  0.0480066  0.0615208   0.035924  0.0427441  0.0366357  0.0414358  0.0516833  0.0454695  0.0494677  0.0506694  0.0465336  0.0360412  0.0411537  0.0400371  0.0370469  0.0575868
  0.064384  0.0538318  0.0776591    1.14935  0.0579515  0.0582848  0.0527935  0.0673149  0.0471943  0.0572725 -0.0187899 -0.0144384 -0.0187241 -0.0214166 -0.0180446 -0.0223941 -0.0188133 -0.0183745   -0.01415 -0.0196649  -0.128847  -0.126143  -0.127659  -0.126525  -0.125757  -0.128326   -0.12703  -0.127608  -0.127511  -0.128208  -0.121583  -0.119054  -0.122965  -0.123476  -0.124433  -0.124876  -0.124565  -0.123983  -0.125482  -0.122933  0.0580759   0.058997  0.0495041  0.0527404  0.0489458  0.0519455  0.0544957   0.036377  0.0482043  0.0497481  0.0456857  0.0551448  0.0549118  0.0497638  0.0481264  0.0464341  0.0451696  0.0474993  0.0505804  0.0501516  0.0625304
 0.0534005  0.0495063   0.052931  0.0579515      1.141  0.0629907  0.0530222  0.0555727  0.0437947  0.0545592 -0.0203332  -0.015299 -0.0139533 -0.0163774 -0.0159338 -0.0190988 -0.0142609 -0.0159233 -0.0112195 -0.0180941  -0.123556  -0.124039  -0.124332  -0.123829   -0.12139   -0.12288  -0.122172  -0.122339  -0.122144  -0.121781  -0.117978   -0.11703  -0.119619  -0.120583  -0.121181  -0.119821  -0.121672  -0.117518   -0.12076  -0.118786  0.0548207  0.0563673   0.051707  0.0497626  0.0498228  0.0478623  0.0442364  0.0393618  0.0445824  0.0468721  0.0482064  0.0462418  0.0527481   0.042878  0.0484374  0.0505777  0.0438982  0.0414092  0.0544587  0.0493196  0.0555846
 0.0728415  0.0580637  0.0540789  0.0582848  0.0629907    1.14907  0.0531398  0.0474951    0.06447   0.053667 -0.0184432 -0.0180823 -0.0115805 -0.0215636  -0.016365 -0.0137381  -0.018354 -0.0216813  -0.014781 -0.0131367  -0.124593  -0.123811  -0.124581  -0.124222  -0.123149   -0.12456  -0.126039  -0.125145  -0.124366  -0.124836  -0.117736  -0.117324  -0.121811  -0.120493   -0.12106  -0.121662  -0.120633  -0.122103  -0.121535  -0.121579  0.0477503  0.0546853  0.0492385  0.0513453  0.0364721  0.0438477  0.0428486  0.0365725  0.0475583  0.0493523  0.0486713  0.0450372  0.0464047  0.0494405  0.0499822  0.0614194   0.038717  0.0424893  0.0468161  0.0494344  0.0410838
 0.0571238  0.0521097  0.0601545  0.0527935  0.0530222  0.0531398    1.14388  0.0566375  0.0509985  0.0615043 -0.0146665 -0.0148134 -0.0134289  -0.015944 -0.0186435 -0.0162361 -0.0177001 -0.0151935 -0.0157421 -0.0161991  -0.125408  -0.123745  -0.122337  -0.124327  -0.121844  -0.122891  -0.124265  -0.125436  -0.121905  -0.124424    -0.1181  -0.116582  -0.119454  -0.119768  -0.122477   -0.11967  -0.119265   -0.12116  -0.120431  -0.120786  0.0587369  0.0573749  0.0463983  0.0501686  0.0490747  0.0487409  0.0488907  0.0363806  0.0452459  0.0483642  0.0467261   0.046723  0.0547474  0.0443868  0.0493896  0.0539926  0.0404147  0.0442924  0.0527872  0.0480533  0.0529611
  0.057221  0.0610357  0.0534245  0.0673149  0.0555727  0.0474951  0.0566375    1.15122   0.046823  0.0564332 -0.0168727 -0.0114354 -0.0166567 -0.0154452 -0.0150131 -0.0199085 -0.0144818  -0.017302 -0.0124555 -0.0171909  -0.126264   -0.12397  -0.125723  -0.124357  -0.125009  -0.125745  -0.124469  -0.126598  -0.125074   -0.12498  -0.120737  -0.118567  -0.123372  -0.121574  -0.123637  -0.120387  -0.121064  -0.121626  -0.120939  -0.122025  0.0568811  0.0622607  0.0461754  0.0450431  0.0504697   0.051498  0.0495901  0.0376476  0.0437968  0.0544259  0.0438915   0.052004   0.058441  0.0484334  0.0477169  0.0493023  0.0431595  0.0412303  0.0555476  0.0416205  0.0629961
 0.0530493  0.0493566  0.0527204  0.0471943  0.0437947    0.06447  0.0509985   0.046823    1.15571  0.0427682 -0.0130068 -0.0140525 -0.0190789 -0.0135597 -0.0176099 -0.0202503 -0.0180181 -0.0184328 -0.0155967 -0.0206799  -0.122883  -0.121737  -0.121617  -0.113128  -0.121506  -0.122114   -0.11998  -0.112231  -0.118939  -0.121535  -0.114804  -0.113911  -0.119513  -0.118165  -0.116998  -0.116369  -0.117313  -0.117055  -0.116652  -0.118394  0.0584469  0.0552265  0.0408501  0.0534208  0.0422548   0.043514  0.0582727  0.0383959  0.0476819  0.0396223  0.0428003  0.0482709  0.0408909  0.0531621  0.0570635  0.0567055   0.040989  0.0432732  0.0370043  0.0408928  0.0426477
 0.0676865  0.0667192  0.0458975  0.0572725  0.0545592   0.053667  0.0615043  0.0564332  0.0427682    1.14353 -0.0191463 -0.0156167 -0.0163942 -0.0175569 -0.0184139 -0.0167393  -0.013231 -0.0178419 -0.0105033 -0.0160251  -0.123838  -0.121088  -0.122439  -0.121821   -0.12106  -0.122696  -0.121659  -0.123394  -0.121734  -0.123356  -0.116548  -0.113945  -0.120951  -0.117553   -0.11983  -0.117304  -0.117973  -0.118058   -0.11954  -0.118735  0.0527117  0.0533989  0.0396975  0.0491819  0.0437376  0.0494795  0.0385328  0.0318802  0.0434066  0.0515847   0.042664  0.0400114  0.0579294  0.0460806  0.0454058    0.04979  0.0366127  0.0415441  0.0542053  0.0511237     0.0531
-0.0161188 -0.0171629 -0.0185941 -0.0187899 -0.0203332 -0.0184432 -0.0146665 -0.0168727 -0.0130068 -0.0191463    1.00594  0.0103243 0.00890099 0.00991602 0.00776749 0.00855359 0.00677279  0.0159281  0.0114749   0.013136 -0.0214409 -0.0239908 -0.0215673 -0.0218388 -0.0225656 -0.0218459   -0.02049 -0.0221708 -0.0218458 -0.0215309 -0.0221615 -0.0231187 -0.0228561 -0.0234254 -0.0237933 -0.0243698  -0.022616 -0.0207702  -0.022729 -0.0245675  -0.019043 -0.0176858 -0.0237623 -0.0246564 -0.0197282 -0.0246033 -0.0210187 -0.0285698 -0.0209953 -0.0208821  -0.022642 -0.0243066 -0.0210831 -0.0227329 -0.0154634 -0.0219974 -0.0281477 -0.0232379 -0.0261569 -0.0126766  -0.022194
-0.0216929 -0.0179561 -0.0130166 -0.0144384  -0.015299 -0.0180823 -0.0148134 -0.0114354 -0.0140525 -0.0156167  0.0103243   0.997313 0.00728746 0.00456324   0.010863  0.0106996  0.0101401 0.00416689 0.00837352   0.017638 -0.0224587 -0.0221652 -0.0233121 -0.0233833 -0.0222235 -0.0222065 -0.0216801 -0.0236096 -0.0225867 -0.0236358 -0.0232121 -0.0227192  -0.021555 -0.0227727 -0.0249488 -0.0224373 -0.0232897 -0.0232914 -0.0219498 -0.0248221 -0.0164836 -0.0177116 -0.0243736 -0.0273175 -0.0270178 -0.0246087 -0.0154184 -0.0268664 -0.0234968 -0.0229021  -0.021587 -0.0214935 -0.0236371 -0.0273086 -0.0149755 -0.0225753 -0.0258044  -0.027675 -0.0186307 -0.0236878 -0.0125726
-0.0130831 -0.0174478 -0.0206496 -0.0187241 -0.0139533 -0.0115805 -0.0134289 -0.0166567 -0.0190789 -0.0163942 0.00890099 0.00728746    1.01129  0.0100568  0.0124538  0.0188818  0.0215976  0.0118684  0.0171521  0.0244276 -0.0228046 -0.0214665 -0.0241259 -0.0228371 -0.0228698 -0.0215026 -0.0217505 -0.0216156 -0.0222537  -0.022706 -0.0226914 -0.0234748 -0.0245592  -0.020615  -0.024956 -0.0254334 -0.0244132 -0.0222695 -0.0222095 -0.0235397 -0.0197963 -0.0188095 -0.0251727 -0.0306886 -0.0268113 -0.0242051 -0.0234159  -0.031718 -0.0275906 -0.0214225 -0.0266649 -0.0246734 -0.0261317 -0.0308754 -0.0161654 -0.0217038 -0.0337424 -0.0262679 -0.0231288 -0.0190508 -0.0177394
-0.0210835 -0.0223835 -0.0170218 -0.0214166 -0.0163774 -0.0215636  -0.015944 -0.0154452 -0.0135597 -0.0175569 0.00991602 0.00456324  0.0100568   0.994966  0.0122659 0.00487629 0.00104062  0.0143345  0.0106621 0.00972322 -0.0174335 -0.0173565 -0.0182901 -0.0185077 -0.0176455 -0.0173849 -0.0194514 -0.0192551 -0.0168467 -0.0189087 -0.0187325 -0.0187635 -0.0194023 -0.0174641 -0.0185998 -0.0187991 -0.0180352 -0.0192498 -0.0191897 -0.0191681 -0.0161961 -0.0197874 -0.0271187 -0.0275574 -0.0322781 -0.0264829 -0.0210759 -0.0320728 -0.0232258 -0.0257664 -0.0265384  -0.023259 -0.0219389  -0.024887  -0.023093 -0.0235196  -0.028052 -0.0268558 -0.0225297 -0.0243681 -0.0171181
-0.0193317 -0.0189928 -0.0158297 -0.0180446 -0.0159338  -0.016365 -0.0186435 -0.0150131 -0.0176099 -0.0184139 0.00776749   0.010863  0.0124538  0.0122659    1.00052  0.0158946 0.00622623  0.0106911 0.00848367  0.0106142 -0.0187427 -0.0207616 -0.0185946 -0.0202021 -0.0205127 -0.0186139 -0.0183614 -0.0195712 -0.0201746 -0.0189525 -0.0197428 -0.0222043 -0.0230934 -0.0205286 -0.0202284 -0.0201931 -0.0218004 -0.0203786  -0.019064 -0.0212198 -0.0183296 -0.0246062 -0.0241484  -0.030687 -0.0298321  -0.024998 -0.0195759 -0.0292965 -0.0227984 -0.0226769 -0.0287087 -0.0221128  -0.023834 -0.0238296 -0.0194944 -0.0250852 -0.0302801  -0.031858 -0.0221743 -0.0232412   -0.01979
-0.0214529 -0.0176289 -0.0176788 -0.0223941 -0.0190988 -0.0137381 -0.0162361 -0.0199085 -0.0202503 -0.0167393 0.00855359  0.0106996  0.0188818 0.00487629  0.0158946     1.0009  0.0131608 0.00791194  0.0108934  0.0102931 -0.0195814 -0.0192565 -0.0182248 -0.0198337 -0.0181244 -0.0176037 -0.0183832 -0.0189946   -0.01857 -0.0185898 -0.0190216 -0.0201294 -0.0197231 -0.0188504 -0.0186295 -0.0214332 -0.0195891 -0.0191809 -0.0195284 -0.0228769 -0.0219487 -0.0212492 -0.0248832 -0.0287739 -0.0255711 -0.0268717 -0.0202515 -0.0301483 -0.0236869 -0.0255635 -0.0238318 -0.0288639 -0.0273764 -0.0305681 -0.0188932  -0.023236 -0.0332995 -0.0319182 -0.0273413 -0.0190159 -0.0216636
-0.0126438 -0.0163958 -0.0189093 -0.0188133 -0.0142609  -0.018354 -0.0177001 -0.0144818 -0.0180181  -0.013231 0.00677279  0.0101401  0.0215976 0.00104062 0.00622623  0.0131608    1.00482 0.00772624  0.0102199 0.00899367  -0.019287 -0.0193093 -0.0210689 -0.0196327 -0.0192064 -0.0208599 -0.0190864 -0.0188188 -0.0184216 -0.0187679 -0.0201136 -0.0218265 -0.0204323 -0.0197334 -0.0196971 -0.0221118 -0.0193593 -0.0182309  -0.020094 -0.0188716 -0.0164465 -0.0182171 -0.0222803 -0.0260368 -0.0284396 -0.0273526 -0.0231116 -0.0313612 -0.0263656 -0.0238871 -0.0265131 -0.0302402 -0.0229818 -0.0307532 -0.0209951 -0.0277604 -0.0315501 -0.0334849 -0.0232222 -0.0245013 -0.0173316
-0.0198647 -0.0203323 -0.0184953 -0.0183745 -0.0159233 -0.0216813 -0.0151935  -0.017302 -0.0184328 -0.0178419  0.0159281 0.00416689  0.0118684  0.0143345  0.0106911 0.00791194 0.00772624   0.997123  0.0195249  0.0128051 -0.0174311 -0.0193825 -0.0196732  -0.018175 -0.0197229 -0.0176413 -0.0181589 -0.0176621 -0.0185785 -0.0183483 -0.0197379 -0.0182215  -0.019898 -0.0187046 -0.0200396 -0.0213087 -0.0207126 -0.0173362 -0.0200938 -0.0208226 -0.0153301 -0.0190366 -0.0271177 -0.0352956 -0.0263994 -0.0282976 -0.0235419 -0.0317548 -0.0263098 -0.0229214  -0.030934 -0.0227296 -0.0228827 -0.0305017 -0.0202364 -0.0266282 -0.0314178 -0.0331094 -0.0218135 -0.0219519 -0.0180267
-0.0131702 -0.0120314 -0.0157505   -0.01415 -0.0112195  -0.014781 -0.0157421 -0.0124555 -0.0155967 -0.0105033  0.0114749 0.00837352  0.0171521  0.0106621 0.00848367  0.0108934  0.0102199  0.0195249    1.00679  0.0183054 -0.0257145 -0.0248225 -0.0258118 -0.0259361 -0.0262775 -0.0231116 -0.0251884 -0.0241319 -0.0260733 -0.0253042 -0.0240318 -0.0261085 -0.0239901 -0.0258256  -0.026737 -0.0269736 -0.0244147 -0.0257354   -0.02641  -0.026388  -0.015809 -0.0183489 -0.0267491 -0.0296758 -0.0220326 -0.0244274 -0.0217942 -0.0283647 -0.0221802 -0.0222813 -0.0276611 -0.0233354 -0.0209056 -0.0255851 -0.0169612 -0.0262969 -0.0300692 -0.0285649 -0.0211282 -0.0189757 -0.0152297
-0.0192802 -0.0185269 -0.0204071 -0.0196649 -0.0180941 -0.0131367 -0.0161991 -0.0171909 -0.0206799 -0.0160251   0.013136   0.017638  0.0244276 0.00972322  0.0106142  0.0102931 0.00899367  0.0128051  0.0183054    1.00145 -0.0205284 -0.0222809 -0.0211784 -0.0216847 -0.0189536 -0.0217914 -0.0212274 -0.0208769 -0.0214605 -0.0208698 -0.0220683  -0.022392 -0.0207097 -0.0228811  -0.023077 -0.0216694 -0.0209036 -0.0220578 -0.0228174 -0.0217188 -0.0193065 -0.0217412 -0.0309561 -0.0266505 -0.0277692   -0.02955 -0.0234444 -0.0298007 -0.0228515 -0.0259898 -0.0277905 -0.0255809 -0.0183582 -0.0269656 -0.0179835 -0.0265843 -0.0296114 -0.0270165 -0.0240006 -0.0209463 -0.0195622
 -0.127132  -0.124649  -0.123794  -0.128847  -0.123556  -0.124593  -0.125408  -0.126264  -0.122883  -0.123838 -0.0214409 -0.0224587 -0.0228046 -0.0174335 -0.0187427 -0.0195814  -0.019287 -0.0174311 -0.0257145 -0.0205284   0.870908   0.185539   0.185215   0.182446   0.183583   0.185838   0.183868    0.18501   0.183929   0.186217   0.169769   0.167451   0.174412   0.175544    0.17547    0.17339   0.172324    0.17594   0.174281   0.176256  -0.139078  -0.140178  -0.144705  -0.150932   -0.14087  -0.141562  -0.135309  -0.144625  -0.140607  -0.139703  -0.142297  -0.139734  -0.139927  -0.144856  -0.141199  -0.140589  -0.147319  -0.145969  -0.143218  -0.140673  -0.136983
 -0.125497  -0.122733    -0.1218  -0.126143  -0.124039  -0.123811  -0.123745   -0.12397  -0.121737  -0.121088 -0.0239908 -0.0221652 -0.0214665 -0.0173565 -0.0207616 -0.0192565 -0.0193093 -0.0193825 -0.0248225 -0.0222809   0.185539   0.867766   0.182861   0.183544   0.184175   0.184461   0.183273   0.184083   0.183832   0.184138    0.16871   0.166678   0.173126   0.172633   0.173805   0.170263   0.173876   0.173374    0.17411   0.175681  -0.139509  -0.138596  -0.143913  -0.147884    -0.1387  -0.138665   -0.13366  -0.142095  -0.138766  -0.136751   -0.14168  -0.139501   -0.13969  -0.145031  -0.138216  -0.138999   -0.14526  -0.144037  -0.141461  -0.137769  -0.135389
 -0.127682  -0.124345  -0.123405  -0.127659  -0.124332  -0.124581  -0.122337  -0.125723  -0.121617  -0.122439 -0.0215673 -0.0233121 -0.0241259 -0.0182901 -0.0185946 -0.0182248 -0.0210689 -0.0196732 -0.0258118 -0.0211784   0.185215   0.182861   0.865781   0.183655   0.183097   0.184746   0.184797   0.185196   0.183741    0.18507   0.168672   0.166958   0.173128   0.173177   0.175842   0.171393   0.174199   0.175878   0.174272   0.175665  -0.139319  -0.138544  -0.144982  -0.149405  -0.140394  -0.140662  -0.135271  -0.142449  -0.140153  -0.137541  -0.141463  -0.138975  -0.139107  -0.144533  -0.138445  -0.139382  -0.145736  -0.143591   -0.14077  -0.137949  -0.134409
 -0.127722  -0.124293  -0.123147  -0.126525  -0.123829  -0.124222  -0.124327  -0.124357  -0.113128  -0.121821 -0.0218388 -0.0233833 -0.0228371 -0.0185077 -0.0202021 -0.0198337 -0.0196327  -0.018175 -0.0259361 -0.0216847   0.182446   0.183544   0.183655   0.873106   0.182196   0.181737   0.181243   0.193276   0.180486   0.182119   0.167024   0.164958   0.171814   0.171363   0.172493   0.169681   0.170329   0.171168   0.172883    0.17257  -0.139069  -0.139724  -0.142438  -0.139478  -0.140304  -0.141493  -0.134209  -0.142498  -0.138772    -0.1387  -0.140504  -0.137787  -0.138402  -0.144751  -0.139832  -0.138457  -0.145985  -0.143267  -0.142511  -0.138728  -0.136366
 -0.124143  -0.122077  -0.123154  -0.125757   -0.12139  -0.123149  -0.121844  -0.125009  -0.121506   -0.12106 -0.0225656 -0.0222235 -0.0228698 -0.0176455 -0.0205127 -0.0181244 -0.0192064 -0.0197229 -0.0262775 -0.0189536   0.183583   0.184175   0.183097   0.182196   0.868066   0.186059    0.18297   0.183155   0.183356    0.18368   0.169109   0.165607   0.171913   0.172281   0.173227    0.16969   0.173534   0.172014   0.172656   0.174466  -0.137979  -0.139554   -0.14191  -0.148651   -0.13957  -0.139941  -0.132616   -0.14416  -0.138792   -0.13828  -0.142015  -0.137634  -0.139625  -0.144494  -0.140121  -0.139666  -0.147458  -0.143993  -0.142627  -0.138968  -0.135226
 -0.125979  -0.123757  -0.124599  -0.128326   -0.12288   -0.12456  -0.122891  -0.125745  -0.122114  -0.122696 -0.0218459 -0.0222065 -0.0215026 -0.0173849 -0.0186139 -0.0176037 -0.0208599 -0.0176413 -0.0231116 -0.0217914   0.185838   0.184461   0.184746   0.181737   0.186059   0.867133   0.185574   0.184652   0.184081   0.185699   0.169605    0.16576   0.176498   0.172381   0.174526   0.171934   0.173145    0.17439   0.173659   0.174632   -0.13896  -0.140178  -0.143332  -0.150006  -0.141012  -0.141225   -0.13565  -0.143863  -0.140524   -0.13879  -0.141568   -0.13907  -0.140006  -0.146305  -0.140329  -0.140464  -0.147269  -0.144361  -0.142481  -0.139347  -0.136219
 -0.125679  -0.123455  -0.123736   -0.12703  -0.122172  -0.126039  -0.124265  -0.124469   -0.11998  -0.121659   -0.02049 -0.0216801 -0.0217505 -0.0194514 -0.0183614 -0.0183832 -0.0190864 -0.0181589 -0.0251884 -0.0212274   0.183868   0.183273   0.184797   0.181243    0.18297   0.185574   0.867762   0.183777   0.181513   0.184818   0.167271   0.167375   0.171559   0.173737   0.175428   0.171259   0.171253   0.176083   0.173661   0.173409  -0.138288  -0.138667  -0.143977  -0.149586   -0.13984   -0.14075  -0.133469  -0.143598  -0.139267  -0.137846  -0.141763  -0.138749  -0.139366  -0.143555  -0.138924   -0.13862  -0.145963  -0.145198  -0.143824  -0.137831  -0.136523
 -0.127027  -0.124346  -0.123526  -0.127608  -0.122339  -0.125145  -0.125436  -0.126598  -0.112231  -0.123394 -0.0221708 -0.0236096 -0.0216156 -0.0192551 -0.0195712 -0.0189946 -0.0188188 -0.0176621 -0.0241319 -0.0208769    0.18501   0.184083   0.185196   0.193276   0.183155   0.184652   0.183777   0.874616   0.184364   0.183193   0.167287   0.166302   0.170753   0.172456   0.175098   0.169281    0.17213   0.172476   0.172722   0.173394  -0.138399    -0.1414  -0.143129  -0.140838   -0.14111  -0.141343  -0.133961  -0.144672  -0.139297  -0.137429   -0.14191  -0.139676   -0.14072  -0.144989  -0.139904  -0.139223  -0.148044  -0.143859  -0.144125  -0.140486  -0.137519
 -0.124041  -0.121818  -0.120729  -0.127511  -0.122144  -0.124366  -0.121905  -0.125074  -0.118939  -0.121734 -0.0218458 -0.0225867 -0.0222537 -0.0168467 -0.0201746   -0.01857 -0.0184216 -0.0185785 -0.0260733 -0.0214605   0.183929   0.183832   0.183741   0.180486   0.183356   0.184081   0.181513   0.184364    0.86538   0.183996   0.168721   0.165974   0.172166   0.172492   0.174335   0.169363    0.17475   0.174298   0.170579   0.174687  -0.137719  -0.139098  -0.143271  -0.149487  -0.141147  -0.140244  -0.132969  -0.143656  -0.138775  -0.137496  -0.141829  -0.137753  -0.138168  -0.146242   -0.13799  -0.139707  -0.146079  -0.145234  -0.142606  -0.138493  -0.134435
 -0.125578  -0.122931  -0.123574  -0.128208  -0.121781  -0.124836  -0.124424   -0.12498  -0.121535  -0.123356 -0.0215309 -0.0236358  -0.022706 -0.0189087 -0.0189525 -0.0185898 -0.0187679 -0.0183483 -0.0253042 -0.0208698   0.186217   0.184138    0.18507   0.182119    0.18368   0.185699   0.184818   0.183193   0.183996    0.86443   0.168079   0.168611    0.17478   0.174542   0.175606   0.172964   0.173723   0.173555   0.174134   0.177531  -0.138475  -0.139553  -0.143553  -0.148244  -0.140017  -0.141556  -0.135685  -0.144255  -0.140583  -0.139704  -0.142457  -0.138991  -0.140982   -0.14467  -0.139488  -0.139832  -0.146912  -0.144923  -0.142663  -0.138971  -0.136171
 -0.118278  -0.118073  -0.116108  -0.121583  -0.117978  -0.117736    -0.1181  -0.120737  -0.114804  -0.116548 -0.0221615 -0.0232121 -0.0226914 -0.0187325 -0.0197428 -0.0190216 -0.0201136 -0.0197379 -0.0240318 -0.0220683   0.169769    0.16871   0.168672   0.167024   0.169109   0.169605   0.167271   0.167287   0.168721   0.168079   0.869724   0.163854   0.167896   0.167682   0.168652    0.16506   0.172206   0.167039   0.167777   0.170153   -0.13249  -0.132498  -0.139529  -0.142128  -0.134729  -0.132364   -0.12781  -0.139017  -0.133802  -0.131801  -0.135171  -0.133234  -0.131635  -0.139273  -0.133655  -0.131647  -0.141501  -0.139308  -0.136135  -0.133243  -0.131037
 -0.116482  -0.114312  -0.116987  -0.119054   -0.11703  -0.117324  -0.116582  -0.118567  -0.113911  -0.113945 -0.0231187 -0.0227192 -0.0234748 -0.0187635 -0.0222043 -0.0201294 -0.0218265 -0.0182215 -0.0261085  -0.022392   0.167451   0.166678   0.166958   0.164958   0.165607    0.16576   0.167375   0.166302   0.165974   0.168611   0.163854   0.867574   0.165052   0.167675   0.164457   0.162565   0.164308   0.168298   0.165942   0.165678  -0.130703  -0.131025  -0.135588  -0.140873   -0.13247  -0.131438  -0.125367   -0.13754  -0.132357  -0.130437   -0.13418  -0.128369   -0.12942   -0.13593  -0.133225  -0.129439  -0.139724  -0.136514  -0.133063  -0.130247  -0.127041
 -0.124508  -0.120406  -0.119598  -0.122965  -0.119619  -0.121811  -0.119454  -0.123372  -0.119513  -0.120951 -0.0228561  -0.021555 -0.0245592 -0.0194023 -0.0230934 -0.0197231 -0.0204323  -0.019898 -0.0239901 -0.0207097   0.174412   0.173126   0.173128   0.171814   0.171913   0.176498   0.171559   0.170753   0.172166    0.17478   0.167896   0.165052   0.875691   0.168952   0.174381   0.175864   0.175818   0.170786   0.172643   0.173984  -0.136139  -0.135637  -0.136805  -0.144987  -0.136747  -0.136076  -0.130411  -0.139984  -0.135716  -0.134682  -0.136852  -0.133423  -0.135444  -0.140229  -0.134689  -0.137547  -0.143191  -0.141752  -0.138491  -0.134665  -0.132727
 -0.121569  -0.121143  -0.120474  -0.123476  -0.120583  -0.120493  -0.119768  -0.121574  -0.118165  -0.117553 -0.0234254 -0.0227727  -0.020615 -0.0174641 -0.0205286 -0.0188504 -0.0197334 -0.0187046 -0.0258256 -0.0228811   0.175544   0.172633   0.173177   0.171363   0.172281   0.172381   0.173737   0.172456   0.172492   0.174542   0.167682   0.167675   0.168952   0.875965   0.170844   0.170192   0.170482   0.170625   0.172115   0.172354   -0.13278   -0.13455  -0.138926  -0.143589  -0.135102  -0.135971  -0.130181  -0.139882  -0.136048  -0.134102  -0.135888  -0.134743  -0.133875  -0.138459  -0.134158  -0.135407  -0.143607  -0.140182  -0.138556  -0.135526  -0.131035
 -0.121914   -0.12199  -0.120425  -0.124433  -0.121181   -0.12106  -0.122477  -0.123637  -0.116998   -0.11983 -0.0237933 -0.0249488  -0.024956 -0.0185998 -0.0202284 -0.0186295 -0.0196971 -0.0200396  -0.026737  -0.023077    0.17547   0.173805   0.175842   0.172493   0.173227   0.174526   0.175428   0.175098   0.174335   0.175606   0.168652   0.164457   0.174381   0.170844   0.872927    0.17274   0.173333   0.172563   0.174048   0.173608  -0.135269  -0.134455  -0.140003  -0.144855  -0.136548  -0.137676  -0.132015  -0.137938  -0.136193  -0.133438  -0.138457  -0.135252  -0.136026  -0.139299  -0.136251  -0.136441   -0.14185  -0.139159  -0.137444  -0.136075  -0.132715
 -0.122353  -0.118363  -0.116328  -0.124876  -0.119821  -0.121662   -0.11967  -0.120387  -0.116369  -0.117304 -0.0243698 -0.0224373 -0.0254334 -0.0187991 -0.0201931 -0.0214332 -0.0221118 -0.0213087 -0.0269736 -0.0216694    0.17339   0.170263   0.171393   0.169681    0.16969   0.171934   0.171259   0.169281   0.169363   0.172964    0.16506   0.162565   0.175864   0.170192    0.17274   0.875025   0.169526   0.169369   0.167943   0.176449  -0.133062  -0.133934  -0.138556  -0.142915  -0.134783  -0.134727  -0.127758  -0.138751  -0.133653  -0.133753  -0.135859  -0.134383  -0.132932   -0.13834  -0.131954  -0.133793  -0.142541   -0.13844  -0.138149  -0.134285  -0.129615
 -0.120465  -0.119968    -0.1199  -0.124565  -0.121672  -0.120633  -0.119265  -0.121064  -0.117313  -0.117973  -0.022616 -0.0232897 -0.0244132 -0.0180352 -0.0218004 -0.0195891 -0.0193593 -0.0207126 -0.0244147 -0.0209036   0.172324   0.173876   0.174199   0.170329   0.173534   0.173145   0.171253    0.17213    0.17475   0.173723   0.172206   0.164308   0.175818   0.170482   0.173333   0.169526   0.872817   0.174773   0.171846   0.171428  -0.136092  -0.134279  -0.139263  -0.143442  -0.136277  -0.137453  -0.129869  -0.138139  -0.136221  -0.136586  -0.138587  -0.135366   -0.13376  -0.140724  -0.134767   -0.13472  -0.141961  -0.139844  -0.139197  -0.133073  -0.133208
  -0.12243  -0.121198  -0.120516  -0.123983  -0.117518  -0.122103   -0.12116  -0.121626  -0.117055  -0.118058 -0.0207702 -0.0232914 -0.0222695 -0.0192498 -0.0203786 -0.0191809 -0.0182309 -0.0173362 -0.0257354 -0.0220578    0.17594   0.173374   0.175878   0.171168   0.172014    0.17439   0.176083   0.172476   0.174298   0.173555   0.167039   0.168298   0.170786   0.170625   0.172563   0.169369   0.174773   0.873121   0.173858   0.175115  -0.134455  -0.137307   -0.14035  -0.143573  -0.137589  -0.136997   -0.13035   -0.14012  -0.136092   -0.13375  -0.136946  -0.135435  -0.136914   -0.14204  -0.135624  -0.135701   -0.14346   -0.13996  -0.139208   -0.13616  -0.132167
 -0.123741   -0.11977  -0.119949  -0.125482   -0.12076  -0.121535  -0.120431  -0.120939  -0.116652   -0.11954  -0.022729 -0.0219498 -0.0222095 -0.0191897  -0.019064 -0.0195284  -0.020094 -0.0200938   -0.02641 -0.0228174   0.174281    0.17411   0.174272   0.172883   0.172656   0.173659   0.173661   0.172722   0.170579   0.174134   0.167777   0.165942   0.172643   0.172115   0.174048   0.167943   0.171846   0.173858   0.875485   0.171917  -0.135856  -0.134554  -0.139917  -0.143824  -0.134598   -0.13632  -0.128183  -0.140877  -0.136444  -0.133051  -0.136778  -0.133269  -0.135347  -0.142037  -0.135486   -0.13616  -0.143284   -0.14058  -0.137762  -0.136453  -0.132182
 -0.124095   -0.12053  -0.119972  -0.122933  -0.118786  -0.121579  -0.120786  -0.122025  -0.118394  -0.118735 -0.0245675 -0.0248221 -0.0235397 -0.0191681 -0.0212198 -0.0228769 -0.0188716 -0.0208226  -0.026388 -0.0217188   0.176256   0.175681   0.175665    0.17257   0.174466   0.174632   0.173409   0.173394   0.174687   0.177531   0.170153   0.165678   0.173984   0.172354   0.173608   0.176449   0.171428   0.175115   0.171917   0.872873   -0.13556  -0.135608  -0.140904  -0.145104  -0.138324  -0.136789  -0.131731  -0.141602  -0.138061  -0.134249  -0.137464  -0.137104  -0.134614  -0.143165  -0.136106   -0.13716   -0.14318  -0.141328  -0.138329  -0.135443  -0.133058
   0.04489  0.0485757  0.0634289  0.0580759  0.0548207  0.0477503  0.0587369  0.0568811  0.0584469  0.0527117  -0.019043 -0.0164836 -0.0197963 -0.0161961 -0.0183296 -0.0219487 -0.0164465 -0.0153301  -0.015809 -0.0193065  -0.139078  -0.139509  -0.139319  -0.139069  -0.137979   -0.13896  -0.138288  -0.138399  -0.137719  -0.138475   -0.13249  -0.130703  -0.136139   -0.13278  -0.135269  -0.133062  -0.136092  -0.134455  -0.135856   -0.13556    1.20396  0.0966548  0.0630332  0.0647923  0.0687143  0.0738756  0.0773671  0.0437896  0.0637072  0.0772188  0.0587807  0.0731417  0.0786115  0.0639879  0.0783416  0.0691839  0.0504088   0.058057  0.0758283  0.0622896  0.0878789
 0.0537327  0.0527854  0.0612078   0.058997  0.0563673  0.0546853  0.0573749  0.0622607  0.0552265  0.0533989 -0.0176858 -0.0177116 -0.0188095 -0.0197874 -0.0246062 -0.0212492 -0.0182171 -0.0190366 -0.0183489 -0.0217412  -0.140178  -0.138596  -0.138544  -0.139724  -0.139554  -0.140178  -0.138667    -0.1414  -0.139098  -0.139553  -0.132498  -0.131025  -0.135637   -0.13455  -0.134455  -0.133934  -0.134279  -0.137307  -0.134554  -0.135608  0.0966548     1.1947  0.0642701  0.0631222  0.0675548  0.0746447   0.075284  0.0514629  0.0643901   0.078446  0.0635849  0.0735431  0.0830377  0.0617631  0.0749208  0.0795321  0.0556368  0.0532301  0.0756034  0.0718631  0.0834939
 0.0458223  0.0441176  0.0417745  0.0495041   0.051707  0.0492385  0.0463983  0.0461754  0.0408501  0.0396975 -0.0237623 -0.0243736 -0.0251727 -0.0271187 -0.0241484 -0.0248832 -0.0222803 -0.0271177 -0.0267491 -0.0309561  -0.144705  -0.143913  -0.144982  -0.142438   -0.14191  -0.143332  -0.143977  -0.143129  -0.143271  -0.143553  -0.139529  -0.135588  -0.136805  -0.138926  -0.140003  -0.138556  -0.139263   -0.14035  -0.139917  -0.140904  0.0630332  0.0642701    1.28012   0.060386   0.061415  0.0628276   0.062047  0.0670945  0.0691115  0.0721447   0.342841  0.0671535  0.0634242  0.0591956  0.0706637  0.0659969  0.0680836   0.086084   0.073463  0.0702339  0.0647154
 0.0480614  0.0430298  0.0454542  0.0527404  0.0497626  0.0513453  0.0501686  0.0450431  0.0534208  0.0491819 -0.0246564 -0.0273175 -0.0306886 -0.0275574  -0.030687 -0.0287739 -0.0260368 -0.0352956 -0.0296758 -0.0266505  -0.150932  -0.147884  -0.149405  -0.139478  -0.148651  -0.150006  -0.149586  -0.140838  -0.149487  -0.148244  -0.142128  -0.140873  -0.144987  -0.143589  -0.144855  -0.142915  -0.143442  -0.143573  -0.143824  -0.145104  0.0647923  0.0631222   0.060386    1.27737  0.0559758  0.0815074  0.0583516  0.0473611  0.0828589  0.0639585  0.0695596  0.0685269  0.0630408  0.0600105  0.0635374  0.0638367  0.0591278    0.41293   0.102538  0.0652877  0.0626293
 0.0451867  0.0417804  0.0458136  0.0489458  0.0498228  0.0364721  0.0490747  0.0504697  0.0422548  0.0437376 -0.0197282 -0.0270178 -0.0268113 -0.0322781 -0.0298321 -0.0255711 -0.0284396 -0.0263994 -0.0220326 -0.0277692   -0.14087    -0.1387  -0.140394  -0.140304   -0.13957  -0.141012   -0.13984   -0.14111  -0.141147  -0.140017  -0.134729   -0.13247  -0.136747  -0.135102  -0.136548  -0.134783  -0.136277  -0.137589  -0.134598  -0.138324  0.0687143  0.0675548   0.061415  0.0559758    1.24416   0.191977  0.0863096  0.0982865  0.0690792  0.0515291  0.0569632  0.0661845  0.0907961   0.056163  0.0917732   0.063826  0.0641313  0.0751337  0.0663139   0.144397  0.0710199
 0.0446841  0.0465505  0.0480066  0.0519455  0.0478623  0.0438477  0.0487409   0.051498   0.043514  0.0494795 -0.0246033 -0.0246087 -0.0242051 -0.0264829  -0.024998 -0.0268717 -0.0273526 -0.0282976 -0.0244274   -0.02955  -0.141562  -0.138665  -0.140662  -0.141493  -0.139941  -0.141225   -0.14075  -0.141343  -0.140244  -0.141556  -0.132364  -0.131438  -0.136076  -0.135971  -0.137676  -0.134727  -0.137453  -0.136997   -0.13632  -0.136789  0.0738756  0.0746447  0.0628276  0.0815074   0.191977    1.18807  0.0845621  0.0588251  0.0724415  0.0685422  0.0646915  0.0771772  0.0884772  0.0671719  0.0801633  0.0732169  0.0527393  0.0768602  0.0729259  0.0909902  0.0756641
 0.0431252   0.046001  0.0615208  0.0544957  0.0442364  0.0428486  0.0488907  0.0495901  0.0582727  0.0385328 -0.0210187 -0.0154184 -0.0234159 -0.0210759 -0.0195759 -0.0202515 -0.0231116 -0.0235419 -0.0217942 -0.0234444  -0.135309   -0.13366  -0.135271  -0.134209  -0.132616   -0.13565  -0.133469  -0.133961  -0.132969  -0.135685   -0.12781  -0.125367  -0.130411  -0.130181  -0.132015  -0.127758  -0.129869   -0.13035  -0.128183  -0.131731  0.0773671   0.075284   0.062047  0.0583516  0.0863096  0.0845621    1.20231  0.0537468  0.0675124  0.0585748  0.0613558  0.0697843   0.072116  0.0607006  0.0769704  0.0688309   0.055245  0.0555792  0.0637972   0.067646  0.0749576
    0.0332  0.0317496   0.035924   0.036377  0.0393618  0.0365725  0.0363806  0.0376476  0.0383959  0.0318802 -0.0285698 -0.0268664  -0.031718 -0.0320728 -0.0292965 -0.0301483 -0.0313612 -0.0317548 -0.0283647 -0.0298007  -0.144625  -0.142095  -0.142449  -0.142498   -0.14416  -0.143863  -0.143598  -0.144672  -0.143656  -0.144255  -0.139017   -0.13754  -0.139984  -0.139882  -0.137938  -0.138751  -0.138139   -0.14012  -0.140877  -0.141602  0.0437896  0.0514629  0.0670945  0.0473611  0.0982865  0.0588251  0.0537468    1.24298  0.0504251  0.0653806  0.0547063  0.0548419  0.0546999  0.0520512  0.0555335  0.0545722   0.640139  0.0556329  0.0702288  0.0537351  0.0511634
  0.044956  0.0429824  0.0427441  0.0482043  0.0445824  0.0475583  0.0452459  0.0437968  0.0476819  0.0434066 -0.0209953 -0.0234968 -0.0275906 -0.0232258 -0.0227984 -0.0236869 -0.0263656 -0.0263098 -0.0221802 -0.0228515  -0.140607  -0.138766  -0.140153  -0.138772  -0.138792  -0.140524  -0.139267  -0.139297  -0.138775  -0.140583  -0.133802  -0.132357  -0.135716  -0.136048  -0.136193  -0.133653  -0.136221  -0.136092  -0.136444  -0.138061  0.0637072  0.0643901  0.0691115  0.0828589  0.0690792  0.0724415  0.0675124  0.0504251    1.19463  0.0620319  0.0820896  0.0891248  0.0697484   0.205467  0.0706805  0.0652101  0.0536302   0.111609  0.0660247  0.0795218   0.060884
 0.0393847  0.0442091  0.0366357  0.0497481  0.0468721  0.0493523  0.0483642  0.0544259  0.0396223  0.0515847 -0.0208821 -0.0229021 -0.0214225 -0.0257664 -0.0226769 -0.0255635 -0.0238871 -0.0229214 -0.0222813 -0.0259898  -0.139703  -0.136751  -0.137541    -0.1387   -0.13828   -0.13879  -0.137846  -0.137429  -0.137496  -0.139704  -0.131801  -0.130437  -0.134682  -0.134102  -0.133438  -0.133753  -0.136586   -0.13375  -0.133051  -0.134249  0.0772188   0.078446  0.0721447  0.0639585  0.0515291  0.0685422  0.0585748  0.0653806  0.0620319    1.22724  0.0673703  0.0897884  0.0942304  0.0601895  0.0708557   0.124199  0.0608152  0.0563087   0.149169  0.0590841  0.0748767
 0.0437054   0.044614  0.0414358  0.0456857  0.0482064  0.0486713  0.0467261  0.0438915  0.0428003   0.042664  -0.022642  -0.021587 -0.0266649 -0.0265384 -0.0287087 -0.0238318 -0.0265131  -0.030934 -0.0276611 -0.0277905  -0.142297   -0.14168  -0.141463  -0.140504  -0.142015  -0.141568  -0.141763   -0.14191  -0.141829  -0.142457  -0.135171   -0.13418  -0.136852  -0.135888  -0.138457  -0.135859  -0.138587  -0.136946  -0.136778  -0.137464  0.0587807  0.0635849   0.342841  0.0695596  0.0569632  0.0646915  0.0613558  0.0547063  0.0820896  0.0673703    1.25607  0.0777315   0.058908  0.0655531  0.0758603  0.0702948  0.0573559  0.0636334  0.0662908  0.0686546  0.0629063
 0.0393729  0.0431055  0.0516833  0.0551448  0.0462418  0.0450372   0.046723   0.052004  0.0482709  0.0400114 -0.0243066 -0.0214935 -0.0246734  -0.023259 -0.0221128 -0.0288639 -0.0302402 -0.0227296 -0.0233354 -0.0255809  -0.139734  -0.139501  -0.138975  -0.137787  -0.137634   -0.13907  -0.138749  -0.139676  -0.137753  -0.138991  -0.133234  -0.128369  -0.133423  -0.134743  -0.135252  -0.134383  -0.135366  -0.135435  -0.133269  -0.137104  0.0731417  0.0735431  0.0671535  0.0685269  0.0661845  0.0771772  0.0697843  0.0548419  0.0891248  0.0897884  0.0777315    1.19509  0.0795089   0.141476  0.0655729  0.0704663  0.0680833  0.0818004  0.0764638  0.0675823  0.0739129
  0.047589  0.0475499  0.0454695  0.0549118  0.0527481  0.0464047  0.0547474   0.058441  0.0408909  0.0579294 -0.0210831 -0.0236371 -0.0261317 -0.0219389  -0.023834 -0.0273764 -0.0229818 -0.0228827 -0.0209056 -0.0183582  -0.139927   -0.13969  -0.139107  -0.138402  -0.139625  -0.140006  -0.139366   -0.14072  -0.138168  -0.140982  -0.131635   -0.12942  -0.135444  -0.133875  -0.136026  -0.132932   -0.13376  -0.136914  -0.135347  -0.134614  0.0786115  0.0830377  0.0634242  0.0630408  0.0907961  0.0884772   0.072116  0.0546999  0.0697484  0.0942304   0.058908  0.0795089    1.20773   0.069965  0.0823828  0.0783455  0.0609847  0.0588175  0.0917433  0.0857973   0.082717
  0.052754  0.0372349  0.0494677  0.0497638   0.042878  0.0494405  0.0443868  0.0484334  0.0531621  0.0460806 -0.0227329 -0.0273086 -0.0308754  -0.024887 -0.0238296 -0.0305681 -0.0307532 -0.0305017 -0.0255851 -0.0269656  -0.144856  -0.145031  -0.144533  -0.144751  -0.144494  -0.146305  -0.143555  -0.144989  -0.146242   -0.14467  -0.139273   -0.13593  -0.140229  -0.138459  -0.139299   -0.13834  -0.140724   -0.14204  -0.142037  -0.143165  0.0639879  0.0617631  0.0591956  0.0600105   0.056163  0.0671719  0.0607006  0.0520512   0.205467  0.0601895  0.0655531   0.141476   0.069965    1.43291  0.0670405  0.0644148  0.0574349  0.0640423  0.0607771   0.065977  0.0545988
 0.0483985  0.0450494  0.0506694  0.0481264  0.0484374  0.0499822  0.0493896  0.0477169  0.0570635  0.0454058 -0.0154634 -0.0149755 -0.0161654  -0.023093 -0.0194944 -0.0188932 -0.0209951 -0.0202364 -0.0169612 -0.0179835  -0.141199  -0.138216  -0.138445  -0.139832  -0.140121  -0.140329  -0.138924  -0.139904   -0.13799  -0.139488  -0.133655  -0.133225  -0.134689  -0.134158  -0.136251  -0.131954  -0.134767  -0.135624  -0.135486  -0.136106  0.0783416  0.0749208  0.0706637  0.0635374  0.0917732  0.0801633  0.0769704  0.0555335  0.0706805  0.0708557  0.0758603  0.0655729  0.0823828  0.0670405     1.2001  0.0855488  0.0629873  0.0582296  0.0687303  0.0937254  0.0688984
  0.049923  0.0535264  0.0465336  0.0464341  0.0505777  0.0614194  0.0539926  0.0493023  0.0567055    0.04979 -0.0219974 -0.0225753 -0.0217038 -0.0235196 -0.0250852  -0.023236 -0.0277604 -0.0266282 -0.0262969 -0.0265843  -0.140589  -0.138999  -0.139382  -0.138457  -0.139666  -0.140464   -0.13862  -0.139223  -0.139707  -0.139832  -0.131647  -0.129439  -0.137547  -0.135407  -0.136441  -0.133793   -0.13472  -0.135701   -0.13616   -0.13716  0.0691839  0.0795321  0.0659969  0.0638367   0.063826  0.0732169  0.0688309  0.0545722  0.0652101   0.124199  0.0702948  0.0704663  0.0783455  0.0644148  0.0855488    1.23923  0.0580755  0.0564747  0.0839005  0.0677675  0.0594838
 0.0380727  0.0342264  0.0360412  0.0451696  0.0438982   0.038717  0.0404147  0.0431595   0.040989  0.0366127 -0.0281477 -0.0258044 -0.0337424  -0.028052 -0.0302801 -0.0332995 -0.0315501 -0.0314178 -0.0300692 -0.0296114  -0.147319   -0.14526  -0.145736  -0.145985  -0.147458  -0.147269  -0.145963  -0.148044  -0.146079  -0.146912  -0.141501  -0.139724  -0.143191  -0.143607   -0.14185  -0.142541  -0.141961   -0.14346  -0.143284   -0.14318  0.0504088  0.0556368  0.0680836  0.0591278  0.0641313  0.0527393   0.055245   0.640139  0.0536302  0.0608152  0.0573559  0.0680833  0.0609847  0.0574349  0.0629873  0.0580755    1.27963   0.051694  0.0627276  0.0534461  0.0550468
 0.0438837  0.0369893  0.0411537  0.0474993  0.0414092  0.0424893  0.0442924  0.0412303  0.0432732  0.0415441 -0.0232379  -0.027675 -0.0262679 -0.0268558  -0.031858 -0.0319182 -0.0334849 -0.0331094 -0.0285649 -0.0270165  -0.145969  -0.144037  -0.143591  -0.143267  -0.143993  -0.144361  -0.145198  -0.143859  -0.145234  -0.144923  -0.139308  -0.136514  -0.141752  -0.140182  -0.139159   -0.13844  -0.139844   -0.13996   -0.14058  -0.141328   0.058057  0.0532301   0.086084    0.41293  0.0751337  0.0768602  0.0555792  0.0556329   0.111609  0.0563087  0.0636334  0.0818004  0.0588175  0.0640423  0.0582296  0.0564747   0.051694    1.27233  0.0889497  0.0632481  0.0565324
 0.0408289  0.0476636  0.0400371  0.0505804  0.0544587  0.0468161  0.0527872  0.0555476  0.0370043  0.0542053 -0.0261569 -0.0186307 -0.0231288 -0.0225297 -0.0221743 -0.0273413 -0.0232222 -0.0218135 -0.0211282 -0.0240006  -0.143218  -0.141461   -0.14077  -0.142511  -0.142627  -0.142481  -0.143824  -0.144125  -0.142606  -0.142663  -0.136135  -0.133063  -0.138491  -0.138556  -0.137444  -0.138149  -0.139197  -0.139208  -0.137762  -0.138329  0.0758283  0.0756034   0.073463   0.102538  0.0663139  0.0729259  0.0637972  0.0702288  0.0660247   0.149169  0.0662908  0.0764638  0.0917433  0.0607771  0.0687303  0.0839005  0.0627276  0.0889497    1.21391  0.0728239  0.0811826
