    0.979353    0.0461935    0.0297093    0.0101089    0.0100764    0.0165999    0.0138814    0.0308412   0.00405957     0.018065   -0.0239433   -0.0276334   -0.0307079   -0.0337134    -0.028419   -0.0333393   -0.0296085   -0.0278066   -0.0304224   -0.0306781  0.000383513  -0.00202206  -0.00145871   0.00106309 -0.000114115  -0.00403472   -0.0059607   0.00441592   0.00139788  -0.00284565  -0.00800807  -0.00809258  -0.00892734   -0.0106097  -0.00969347  -0.00741271  -0.00878049  -0.00804981  -0.00698828  -0.00545026   -0.0067309   -0.0117766   -0.0118372  -0.00516022  -0.00927416   -0.0129128   -0.0102392  -0.00956242  -0.00875249  -0.00760301   -0.0291782   -0.0325205   -0.0358508   -0.0412743   -0.0286744   -0.0337109   -0.0277653   -0.0357126   -0.0380014   -0.0328665   -0.0373768   -0.0355233   -0.0355122   -0.0356567   -0.0432813   -0.0395179   -0.0330228   -0.0323095    -0.032339
   0.0461935     0.973824    0.0111197    0.0138393    0.0105391    0.0200368    0.0233527    0.0319938   0.00806021    0.0181398   -0.0388053   -0.0288694   -0.0319373   -0.0367257   -0.0322942   -0.0335582   -0.0390279   -0.0412969   -0.0311582   -0.0376662  -0.00393982   -0.0074596  -0.00299883   -0.0013065  -0.00115474  -0.00624317  -0.00591172  0.000696791   0.00198375  -0.00672739   0.00257912    0.0033579   0.00392265   0.00189569   0.00499658   0.00522296    0.0067703    0.0030704   0.00153192   0.00458722  7.53878e-05  0.000812875    0.0028434   0.00372345   0.00351938   0.00126878    0.0015951   0.00270723    0.0053858   0.00153233   -0.0380131   -0.0343724   -0.0497313   -0.0466471    -0.045986   -0.0438127   -0.0417824     -0.04369   -0.0466632   -0.0445321   -0.0458637   -0.0379587   -0.0491267   -0.0342392   -0.0427963   -0.0482143    -0.045253   -0.0392396   -0.0382992
   0.0297093    0.0111197     0.998956   0.00682404    0.0156407   0.00743399    0.0130646     0.135798   0.00348095   0.00962567   -0.0294254   -0.0256608   -0.0329465   -0.0328602   -0.0320008    -0.033954   -0.0320356   -0.0276049   -0.0303788   -0.0314823   -0.0124064    -0.015227   -0.0127961  -0.00277993  -0.00575181  -0.00972974  -0.00473419   -0.0110267  -0.00982513  -0.00969695  -0.00686067  -0.00776314  -0.00720338  -0.00676569  -0.00665459   -0.0083069  -0.00390322  -0.00461772  -0.00394768  -0.00598421  -0.00791181  -0.00956724  -0.00642513  -0.00650118  -0.00610158  -0.00899388  -0.00479614  -0.00818517  -0.00719414  -0.00598977   -0.0349005   -0.0305681   -0.0365961   -0.0427457   -0.0401246   -0.0419564   -0.0265258   -0.0353234   -0.0310105   -0.0354372   -0.0330726   -0.0365775   -0.0377472   -0.0326387    -0.034475   -0.0412055   -0.0341587   -0.0335152   -0.0351346
   0.0101089    0.0138393   0.00682404     0.971163    0.0137317    0.0160142    0.0127803    0.0140534    0.0106875    0.0116764   -0.0395444   -0.0372432   -0.0358362   -0.0338685   -0.0334559   -0.0301665   -0.0353712   -0.0405765   -0.0320943   -0.0354393  -0.00149087  -0.00229115  -0.00398413   0.00327895   0.00299244  6.57364e-05  -0.00058682  -0.00179279  -0.00242196 -0.000300065     0.006826   0.00638251   0.00482863   0.00423845   0.00432761    0.0053136   0.00476789   0.00627052   0.00436825   0.00402825   0.00369409    0.0015226   0.00511829   0.00254616   0.00626277   0.00471965   0.00415237   0.00775497   0.00563666   0.00759745   -0.0400237   -0.0383522   -0.0402168   -0.0471004   -0.0474287   -0.0459114   -0.0394581   -0.0450802   -0.0445705   -0.0391051   -0.0406071   -0.0427996   -0.0480205    -0.042198   -0.0403195   -0.0496126   -0.0441698   -0.0425203   -0.0392148
   0.0100764    0.0105391    0.0156407    0.0137317     0.977274    0.0117638   0.00748685      0.01514   0.00664889   0.00594902   -0.0326406   -0.0305521    -0.027799   -0.0312771   -0.0241739   -0.0255577   -0.0315002   -0.0322752   -0.0317743   -0.0373852  -0.00360367  -0.00128458  -0.00202477   0.00394484  -0.00120284  -0.00266769  -0.00215031  -0.00130651  -0.00421241  0.000181885   0.00268911   0.00116315   0.00123503  -0.00247019      0.00339   0.00299203   0.00317565  0.000202788   0.00144149    0.0010696  0.000376269  -0.00138334 -0.000228502   0.00321953  0.000842669 -0.000707673 -8.94404e-05   0.00108284   0.00132169 -0.000174183   -0.0340073   -0.0344766   -0.0379128   -0.0506716   -0.0371899   -0.0404872   -0.0380558   -0.0398117   -0.0429163   -0.0388422   -0.0403844   -0.0369496   -0.0425733   -0.0392956   -0.0422004   -0.0477253   -0.0392494   -0.0363151   -0.0328885
   0.0165999    0.0200368   0.00743399    0.0160142    0.0117638     0.972897    0.0119644    0.0267162    0.0171772    0.0151679    -0.036906   -0.0404095   -0.0368362   -0.0389076   -0.0343116   -0.0381324   -0.0336296   -0.0402036   -0.0349846   -0.0427407  -0.00686815  -0.00313437  9.65935e-05  -0.00154841  -0.00159626  -0.00113593  -0.00257065 -0.000206021  0.000220021  -0.00186631   0.00869347   0.00809182   0.00638751   0.00912387   0.00717168   0.00978277   0.00805161    0.0090861   0.00757062   0.00861445   0.00296477   0.00360132   0.00638493   0.00595392   0.00610682   0.00523106   0.00407656   0.00482884   0.00993093   0.00647753   -0.0375648   -0.0402691   -0.0419581   -0.0454721    -0.044693    -0.044145   -0.0412084   -0.0464569   -0.0463726    -0.040344   -0.0484473   -0.0452185   -0.0527379   -0.0392681   -0.0434929   -0.0478258   -0.0456111   -0.0459488   -0.0443847
   0.0138814    0.0233527    0.0130646    0.0127803   0.00748685    0.0119644     0.969494    0.0214629    0.0082372   0.00906338   -0.0329401   -0.0398306   -0.0304594   -0.0320062   -0.0260143   -0.0308823   -0.0305979   -0.0307029   -0.0319103   -0.0282701  -0.00404237  -0.00394174  -0.00273934   0.00177113  -0.00129571  -0.00388565  -0.00371919   -0.0039137  -0.00153206  0.000868545  -0.00150562  -0.00100631  0.000195247 -0.000127956  0.000519094    0.0011461   0.00250569  -0.00013965  -0.00137047   0.00165137  -0.00267614  -0.00575146  -0.00410683   -0.0029836 -8.48212e-05  -0.00643885 -0.000977723   0.00116593  7.58636e-05  -0.00224674   -0.0344725   -0.0347221   -0.0438271   -0.0427819   -0.0422297   -0.0386311   -0.0353356   -0.0427534   -0.0320379   -0.0370868   -0.0380962   -0.0367913   -0.0403601    -0.034106   -0.0295921   -0.0452778   -0.0368647    -0.038387    -0.039616
   0.0308412    0.0319938     0.135798    0.0140534      0.01514    0.0267162    0.0214629      0.98204   0.00378631     0.007513   -0.0414538   -0.0411825   -0.0402913   -0.0378475   -0.0367636   -0.0412457    -0.038442   -0.0441115   -0.0419263   -0.0426875   -0.0109876   -0.0113726   -0.0118998  -0.00433976   -0.0136056    -0.011989   -0.0113192  -0.00499071  -0.00501797  -0.00715281   0.00862239   0.00662301   0.00496731   0.00758088   0.00633574   0.00969384   0.00924485   0.00664853   0.00793062   0.00758042   0.00386809   0.00494222   0.00544449   0.00567672   0.00883274   0.00373206   0.00550694     0.007474   0.00849662   0.00592265   -0.0452426   -0.0411916   -0.0508574   -0.0558552   -0.0501171   -0.0507035   -0.0447903   -0.0455142   -0.0442696   -0.0449034   -0.0454782   -0.0458429   -0.0530753   -0.0456139   -0.0443819    -0.052051    -0.049458   -0.0420142   -0.0467779
  0.00405957   0.00806021   0.00348095    0.0106875   0.00664889    0.0171772    0.0082372   0.00378631     0.962968 -9.14183e-05   -0.0354761   -0.0367903     -0.02956   -0.0310608    -0.027822   -0.0270223   -0.0217512   -0.0315093   -0.0304321    -0.026638  -0.00418912  -0.00159181  0.000699962  -0.00110967  0.000591415 -9.85921e-05  -0.00208155  -0.00269067   0.00110121   0.00496479 -0.000783894  -0.00272229 -0.000637988 -0.000158888 -0.000377217   0.00102433  0.000996247   0.00173319  -0.00381742  0.000889549 -0.000570227  -0.00325188  -0.00232593    -0.001007  -0.00360581  -0.00263149  -0.00119789 -0.000201605 -0.000768625  -0.00309984   -0.0339075   -0.0322381   -0.0405279    -0.038408   -0.0405664   -0.0372424   -0.0316494   -0.0383653   -0.0362916   -0.0393572   -0.0391356   -0.0295745   -0.0426756   -0.0269029   -0.0328244   -0.0398783   -0.0372317   -0.0367288   -0.0365405
    0.018065    0.0181398   0.00962567    0.0116764   0.00594902    0.0151679   0.00906338     0.007513 -9.14183e-05     0.968164   -0.0358462   -0.0316425   -0.0345969   -0.0381021   -0.0316326   -0.0272317   -0.0351109   -0.0341246   -0.0351068   -0.0338481   0.00382211   0.00097023  0.000757764    0.0021039 -0.000659982   0.00188177  -0.00276218   0.00364225   0.00101082  -0.00216806   0.00553411  0.000963936    0.0041804    0.0031367   0.00621062     0.004425   0.00687011   0.00334916   0.00354522   0.00641963   0.00359893  0.000722384   0.00157993   0.00202822   0.00168664 -0.000912073  -0.00012274   0.00171142   0.00384737   0.00277619    -0.041153   -0.0389532   -0.0428515   -0.0499531   -0.0490015   -0.0434202   -0.0372109   -0.0380213   -0.0425796   -0.0434882   -0.0404345   -0.0460374   -0.0432278   -0.0400332    -0.035162   -0.0535657   -0.0416404    -0.037492   -0.0375247
  -0.0239433   -0.0388053   -0.0294254   -0.0395444   -0.0326406    -0.036906   -0.0329401   -0.0414538   -0.0354761   -0.0358462      1.15348     0.122155    0.0740284    0.0845811    0.0711572    0.0875751    0.0695835    0.0760792    0.0721142    0.0894554   -0.0138701   -0.0200245  -0.00721991   -0.0202258   -0.0152594   -0.0215399   -0.0087407   -0.0195581    -0.010033   -0.0181894    -0.135136    -0.133224    -0.135043    -0.137898    -0.131268    -0.134267    -0.135891    -0.136489    -0.131857    -0.133593    -0.125138    -0.121218    -0.131272    -0.129017    -0.129114    -0.130596    -0.129765    -0.131598    -0.133081    -0.131608    0.0630071     0.067037    0.0673849    0.0697548    0.0615156    0.0673007    0.0706668    0.0626015    0.0648943    0.0645255    0.0679121    0.0643095    0.0735486    0.0596758    0.0698361    0.0632418    0.0685188    0.0705139    0.0780094
  -0.0276334   -0.0288694   -0.0256608   -0.0372432   -0.0305521   -0.0404095   -0.0398306   -0.0411825   -0.0367903   -0.0316425     0.122155      1.15837    0.0832413    0.0715174    0.0659771    0.0765352    0.0654793    0.0813442    0.0675878    0.0841877   -0.0129578   -0.0178941    -0.011406   -0.0190989   -0.0110726   -0.0163902   -0.0137441   -0.0161656  -0.00721253   -0.0135141    -0.133604    -0.131043     -0.13284    -0.133808     -0.13175    -0.134928    -0.132613    -0.134838    -0.131996    -0.130804    -0.126003    -0.122337    -0.129443    -0.129264    -0.132469    -0.128689    -0.128045    -0.131202    -0.127377    -0.129944    0.0698434    0.0662473    0.0639689    0.0641632    0.0595166    0.0645332    0.0735867     0.062303    0.0722333    0.0620837    0.0742495    0.0629263    0.0579626    0.0557455    0.0702295    0.0608649    0.0703192    0.0682249    0.0810723
  -0.0307079   -0.0319373   -0.0329465   -0.0358362    -0.027799   -0.0368362   -0.0304594   -0.0402913     -0.02956   -0.0345969    0.0740284    0.0832413      1.15927    0.0912312     0.069566    0.0740541    0.0786301    0.0712358    0.0720962    0.0636151   -0.0183499   -0.0117408   -0.0149274   -0.0127305   -0.0156064   -0.0148824   -0.0119497   -0.0154561   -0.0127743   -0.0157854    -0.135059    -0.130719    -0.131343    -0.132158     -0.13115    -0.134587    -0.133314    -0.133195    -0.129504     -0.13216    -0.125145    -0.122973    -0.128153    -0.129911    -0.129724    -0.126966    -0.127918     -0.12983    -0.126504    -0.130439    0.0801134    0.0795026    0.0670477    0.0634953    0.0685485     0.067457    0.0734784    0.0636904    0.0569643    0.0635746    0.0631255    0.0708375    0.0683773    0.0725033    0.0701805     0.065085    0.0594987    0.0590442    0.0804409
  -0.0337134   -0.0367257   -0.0328602   -0.0338685   -0.0312771   -0.0389076   -0.0320062   -0.0378475   -0.0310608   -0.0381021    0.0845811    0.0715174    0.0912312      1.16138    0.0772288    0.0751882    0.0698848    0.0896614    0.0657873     0.076371   -0.0166556   -0.0102301   -0.0137143   -0.0187355   -0.0140212   -0.0202757   -0.0133118   -0.0183688   -0.0112744   -0.0158941    -0.138714    -0.136121    -0.136706    -0.137842    -0.134611    -0.136698    -0.137765    -0.136052    -0.135404    -0.137215    -0.126907     -0.12684    -0.133443    -0.133216    -0.134465    -0.134662    -0.131595    -0.131552     -0.13336    -0.131011    0.0733456    0.0785769    0.0654878    0.0793968    0.0692926    0.0717295    0.0695759    0.0667858    0.0720661    0.0629952    0.0708736    0.0694496    0.0751022    0.0715151    0.0775034    0.0738132    0.0697968    0.0755905    0.0715018
   -0.028419   -0.0322942   -0.0320008   -0.0334559   -0.0241739   -0.0343116   -0.0260143   -0.0367636    -0.027822   -0.0316326    0.0711572    0.0659771     0.069566    0.0772288      1.15562     0.079897    0.0741755    0.0711512    0.0622749    0.0736826   -0.0160881   -0.0125836   -0.0116527   -0.0139794   -0.0141772   -0.0166332  -0.00908404   -0.0162704  -0.00815309   -0.0148813    -0.133418    -0.133766    -0.133097    -0.134003    -0.129871    -0.133001    -0.132451    -0.133498    -0.130614    -0.131163    -0.126768    -0.125743    -0.127837    -0.130203    -0.128771    -0.128212     -0.13189    -0.125933    -0.129568    -0.126619    0.0754715    0.0797253    0.0705297    0.0690082    0.0776888    0.0702812    0.0579179    0.0627025    0.0649493    0.0667146    0.0590785    0.0699178    0.0662804    0.0718143    0.0761159    0.0618581    0.0729176    0.0713385    0.0558533
  -0.0333393   -0.0335582    -0.033954   -0.0301665   -0.0255577   -0.0381324   -0.0308823   -0.0412457   -0.0270223   -0.0272317    0.0875751    0.0765352    0.0740541    0.0751882     0.079897      1.15472    0.0688816    0.0642798    0.0798235    0.0747841   -0.0189947   -0.0174872   -0.0109025   -0.0159151    -0.015378   -0.0127109   -0.0127651   -0.0182727   -0.0125132    -0.012657    -0.135109     -0.13403    -0.132146    -0.132059    -0.131181    -0.131665    -0.136012     -0.13365    -0.131583    -0.135368    -0.123535    -0.122964    -0.128881    -0.129795    -0.128944    -0.128341    -0.126797    -0.130647    -0.128803     -0.12918    0.0733009    0.0778316    0.0696701    0.0695855    0.0528278    0.0643046     0.068612    0.0676899    0.0727471    0.0680443    0.0670106    0.0711075    0.0694419    0.0687727    0.0767594    0.0608274    0.0663169      0.06007    0.0752754
  -0.0296085   -0.0390279   -0.0320356   -0.0353712   -0.0315002   -0.0336296   -0.0305979    -0.038442   -0.0217512   -0.0351109    0.0695835    0.0654793    0.0786301    0.0698848    0.0741755    0.0688816      1.15518    0.0718861    0.0634547    0.0812689   -0.0126249  -0.00936159   -0.0097992   -0.0144765   -0.0174054   -0.0125017   -0.0123577   -0.0148865   -0.0133232   -0.0132294    -0.135547    -0.133265    -0.131247     -0.13297    -0.130405    -0.132107     -0.13497    -0.132506    -0.131101    -0.132343    -0.124905    -0.123481    -0.125874    -0.129326    -0.130589    -0.129377    -0.129139    -0.129973    -0.129773    -0.127387    0.0776699      0.07457    0.0636118     0.071149    0.0741506    0.0717218    0.0623959    0.0664759    0.0698142    0.0675131    0.0628993    0.0767219      0.06831    0.0715602    0.0770568    0.0644721    0.0719285    0.0712503    0.0643429
  -0.0278066   -0.0412969   -0.0276049   -0.0405765   -0.0322752   -0.0402036   -0.0307029   -0.0441115   -0.0315093   -0.0341246    0.0760792    0.0813442    0.0712358    0.0896614    0.0711512    0.0642798    0.0718861       1.1519     0.064387    0.0757077   -0.0129595     -0.01004   -0.0132727   -0.0137657   -0.0111724   -0.0153515   -0.0124487   -0.0118457   -0.0121875   -0.0171709     -0.13371    -0.133103    -0.135085     -0.13304    -0.132636    -0.135306    -0.131114    -0.133266    -0.132631    -0.131298    -0.128096    -0.124598    -0.130359    -0.129299    -0.132948    -0.130378    -0.128175    -0.129016    -0.128886    -0.132587     0.071591    0.0756808    0.0671683    0.0668259    0.0835493    0.0752038    0.0706107    0.0615051    0.0739743    0.0675756     0.072465    0.0719752    0.0686679    0.0700776    0.0728763    0.0643927    0.0721326     0.073639    0.0738789
  -0.0304224   -0.0311582   -0.0303788   -0.0320943   -0.0317743   -0.0349846   -0.0319103   -0.0419263   -0.0304321   -0.0351068    0.0721142    0.0675878    0.0720962    0.0657873    0.0622749    0.0798235    0.0634547     0.064387      1.15471    0.0562544     -0.01022  -0.00974918   -0.0186554   -0.0104428   -0.0165134   -0.0176879  -0.00915662    -0.012108   -0.0128405   -0.0182923    -0.132295    -0.129878     -0.12858    -0.122015    -0.130821     -0.13142    -0.126239    -0.120461    -0.123907    -0.128113    -0.120709    -0.120287     -0.12463    -0.125294    -0.121467    -0.121457    -0.125395    -0.122996    -0.123562     -0.12636    0.0808552    0.0790719    0.0606047    0.0740924    0.0643695     0.066446    0.0746226    0.0662032    0.0599192    0.0606874    0.0671744     0.072081    0.0711812     0.072558    0.0669198    0.0642189    0.0644601    0.0553754    0.0798563
  -0.0306781   -0.0376662   -0.0314823   -0.0354393   -0.0373852   -0.0427407   -0.0282701   -0.0426875    -0.026638   -0.0338481    0.0894554    0.0841877    0.0636151     0.076371    0.0736826    0.0747841    0.0812689    0.0757077    0.0562544       1.1495   -0.0149136  -0.00873414   -0.0107236   -0.0128203   -0.0135142   -0.0136941   -0.0113215    -0.015478  -0.00839228   -0.0129112    -0.135722     -0.13154     -0.13327    -0.130399    -0.130788    -0.133625    -0.131842    -0.133163    -0.133759    -0.134519    -0.126727      -0.1221    -0.129937    -0.127023    -0.128899    -0.127478    -0.127421     -0.12614    -0.127573     -0.12713    0.0678023    0.0708148    0.0601525    0.0715945    0.0611164    0.0698464    0.0579887    0.0630055    0.0730417    0.0647511    0.0661729    0.0707421    0.0687924    0.0669695    0.0779451    0.0634499    0.0746183     0.073973    0.0648848
 0.000383513  -0.00393982   -0.0124064  -0.00149087  -0.00360367  -0.00686815  -0.00404237   -0.0109876  -0.00418912   0.00382211   -0.0138701   -0.0129578   -0.0183499   -0.0166556   -0.0160881   -0.0189947   -0.0126249   -0.0129595     -0.01022   -0.0149136      1.00326   0.00891252   0.00993069   0.00392593   0.00545784   0.00655806   0.00337082    0.0116951   0.00761228   0.00872987   -0.0257577   -0.0279609   -0.0283601   -0.0269064   -0.0263193   -0.0220653    -0.026338   -0.0279555   -0.0253677   -0.0256109   -0.0267202   -0.0285758   -0.0282589   -0.0257369   -0.0276949   -0.0274193   -0.0278296   -0.0239407   -0.0237853   -0.0275168   -0.0136798   -0.0174692   -0.0168369   -0.0199804   -0.0136076   -0.0179122   -0.0180371   -0.0166801   -0.0119584   -0.0179867   -0.0181878    -0.016938   -0.0198211   -0.0157022   -0.0177201   -0.0171679   -0.0126926   -0.0133712   -0.0142868
 -0.00202206   -0.0074596    -0.015227  -0.00229115  -0.00128458  -0.00313437  -0.00394174   -0.0113726  -0.00159181   0.00097023   -0.0200245   -0.0178941   -0.0117408   -0.0102301   -0.0125836   -0.0174872  -0.00936159     -0.01004  -0.00974918  -0.00873414   0.00891252     0.997646   0.00484622 -0.000363613   0.00658667   0.00913169   0.00497763   0.00189387   0.00516965    0.0130156   -0.0280957   -0.0253718   -0.0275601   -0.0264356   -0.0246191   -0.0274288   -0.0268374   -0.0285847   -0.0283325   -0.0293656   -0.0248158    -0.026781    -0.025596   -0.0262987   -0.0272663    -0.024898   -0.0272388   -0.0265968   -0.0253977   -0.0284406   -0.0119237   -0.0158721   -0.0209382   -0.0213799   -0.0197973   -0.0150987   -0.0141622   -0.0202665   -0.0217978   -0.0171705   -0.0194991   -0.0172475   -0.0237747  -0.00958419   -0.0148846   -0.0206317   -0.0129842   -0.0183229   -0.0103726
 -0.00145871  -0.00299883   -0.0127961  -0.00398413  -0.00202477  9.65935e-05  -0.00273934   -0.0118998  0.000699962  0.000757764  -0.00721991    -0.011406   -0.0149274   -0.0137143   -0.0116527   -0.0109025   -0.0097992   -0.0132727   -0.0186554   -0.0107236   0.00993069   0.00484622      1.01238   0.00538925    0.0111303    0.0166224    0.0174038   0.00780633     0.011504    0.0212807   -0.0307898   -0.0286206   -0.0309749   -0.0297134   -0.0292765   -0.0286302    -0.027958   -0.0286708   -0.0305452   -0.0293989   -0.0282833   -0.0295538    -0.030991   -0.0286322   -0.0304335   -0.0306713   -0.0297109   -0.0288058   -0.0275364   -0.0296984   -0.0135731   -0.0187152   -0.0214785   -0.0266376   -0.0171261   -0.0152498   -0.0144978   -0.0225986   -0.0162856   -0.0210016   -0.0156533   -0.0155817   -0.0242832   -0.0116428   -0.0144976   -0.0218913   -0.0180648   -0.0123705   -0.0121188
  0.00106309   -0.0013065  -0.00277993   0.00327895   0.00394484  -0.00154841   0.00177113  -0.00433976  -0.00110967    0.0021039   -0.0202258   -0.0190989   -0.0127305   -0.0187355   -0.0139794   -0.0159151   -0.0144765   -0.0137657   -0.0104428   -0.0128203   0.00392593 -0.000363613   0.00538925     0.987909   0.00699244   0.00104098  -0.00440159   0.00656982    0.0067835    0.0069541   -0.0242525   -0.0249798   -0.0240821   -0.0268149    -0.026277   -0.0234059   -0.0264392   -0.0263798   -0.0245149   -0.0260048    -0.024746   -0.0247112   -0.0245333   -0.0225868   -0.0237015   -0.0253329   -0.0227514    -0.025699   -0.0253094   -0.0236839   -0.0113709   -0.0180584   -0.0199113   -0.0254671   -0.0255621   -0.0195964    -0.015767   -0.0173571   -0.0208368   -0.0210609   -0.0177622   -0.0136881   -0.0195714    -0.016922   -0.0172261   -0.0197576   -0.0152911   -0.0173796   -0.0105731
-0.000114115  -0.00115474  -0.00575181   0.00299244  -0.00120284  -0.00159626  -0.00129571   -0.0136056  0.000591415 -0.000659982   -0.0152594   -0.0110726   -0.0156064   -0.0140212   -0.0141772    -0.015378   -0.0174054   -0.0111724   -0.0165134   -0.0135142   0.00545784   0.00658667    0.0111303   0.00699244     0.999245      0.01249   0.00305722   0.00722741   0.00793118   0.00446449   -0.0235917   -0.0280123   -0.0236697    -0.026229   -0.0268236   -0.0255776   -0.0253159   -0.0266719   -0.0275115   -0.0252426   -0.0254074   -0.0269661   -0.0304976    -0.027713   -0.0261831   -0.0272707   -0.0274717   -0.0277258   -0.0228831   -0.0263945   -0.0140035   -0.0231577   -0.0176836   -0.0263581   -0.0212955   -0.0155898   -0.0111936   -0.0182886   -0.0170843   -0.0244398   -0.0149238   -0.0171102   -0.0179767   -0.0136652   -0.0191294   -0.0264955   -0.0208252   -0.0174377    -0.014527
 -0.00403472  -0.00624317  -0.00972974  6.57364e-05  -0.00266769  -0.00113593  -0.00388565    -0.011989 -9.85921e-05   0.00188177   -0.0215399   -0.0163902   -0.0148824   -0.0202757   -0.0166332   -0.0127109   -0.0125017   -0.0153515   -0.0176879   -0.0136941   0.00655806   0.00913169    0.0166224   0.00104098      0.01249     0.997433    0.0063011   0.00505357   0.00769401    0.0113739    -0.024629   -0.0217974   -0.0245262   -0.0252257   -0.0231364   -0.0221779    -0.023156    -0.021863   -0.0247667   -0.0256568   -0.0240508    -0.023216   -0.0243841   -0.0242484   -0.0228337    -0.027455   -0.0250579   -0.0225324   -0.0247341   -0.0267967   -0.0172117   -0.0180928    -0.023068   -0.0208224    -0.018747   -0.0214388   -0.0194371   -0.0196955    -0.018086   -0.0176322   -0.0220601    -0.019587   -0.0241733   -0.0144526   -0.0206857   -0.0282177   -0.0190426   -0.0152431   -0.0187117
  -0.0059607  -0.00591172  -0.00473419  -0.00058682  -0.00215031  -0.00257065  -0.00371919   -0.0113192  -0.00208155  -0.00276218   -0.0087407   -0.0137441   -0.0119497   -0.0133118  -0.00908404   -0.0127651   -0.0123577   -0.0124487  -0.00915662   -0.0113215   0.00337082   0.00497763    0.0174038  -0.00440159   0.00305722    0.0063011     0.995677   0.00300042   0.00727707   0.00296803   -0.0258414   -0.0268479   -0.0267266    -0.026558   -0.0245776   -0.0244466   -0.0251235   -0.0249239   -0.0238846   -0.0244201   -0.0244465   -0.0285961   -0.0260965   -0.0280185   -0.0238288   -0.0255835   -0.0248968   -0.0238171   -0.0263425   -0.0249666  -0.00892984   -0.0151624   -0.0139738    -0.019479   -0.0221651   -0.0211491   -0.0146858   -0.0188703   -0.0188885   -0.0193361   -0.0235342   -0.0169192   -0.0231345   -0.0137875   -0.0227403   -0.0260162   -0.0208701     -0.02185   -0.0110823
  0.00441592  0.000696791   -0.0110267  -0.00179279  -0.00130651 -0.000206021   -0.0039137  -0.00499071  -0.00269067   0.00364225   -0.0195581   -0.0161656   -0.0154561   -0.0183688   -0.0162704   -0.0182727   -0.0148865   -0.0118457    -0.012108    -0.015478    0.0116951   0.00189387   0.00780633   0.00656982   0.00722741   0.00505357   0.00300042     0.994153    0.0151438    0.0107334   -0.0232147   -0.0246234   -0.0264752   -0.0226248   -0.0237296   -0.0247331   -0.0247671   -0.0238092   -0.0257031   -0.0248988   -0.0265247   -0.0260752   -0.0246894   -0.0239585   -0.0254339   -0.0253382   -0.0273266   -0.0243343   -0.0269964   -0.0245356   -0.0116209   -0.0165043   -0.0207597   -0.0292506   -0.0180319   -0.0222174   -0.0156515   -0.0217827   -0.0181179   -0.0265555   -0.0171729   -0.0157333   -0.0247351   -0.0172459   -0.0206852   -0.0258123   -0.0155899   -0.0179422   -0.0133675
  0.00139788   0.00198375  -0.00982513  -0.00242196  -0.00421241  0.000220021  -0.00153206  -0.00501797   0.00110121   0.00101082    -0.010033  -0.00721253   -0.0127743   -0.0112744  -0.00815309   -0.0125132   -0.0133232   -0.0121875   -0.0128405  -0.00839228   0.00761228   0.00516965     0.011504    0.0067835   0.00793118   0.00769401   0.00727707    0.0151438      1.01018    0.0162405   -0.0302032   -0.0304935     -0.03051   -0.0298856   -0.0324344   -0.0274159   -0.0308947   -0.0303306   -0.0318555   -0.0304194   -0.0277068   -0.0309924   -0.0285425   -0.0305341    -0.030159    -0.032484   -0.0301032   -0.0316401   -0.0332806   -0.0308818   -0.0128429   -0.0199959    -0.019991   -0.0229009   -0.0138399   -0.0182148   -0.0163785   -0.0170543   -0.0205305   -0.0225688   -0.0170844   -0.0196511   -0.0239407   -0.0193059    -0.022899   -0.0244906   -0.0172313   -0.0144403   -0.0100804
 -0.00284565  -0.00672739  -0.00969695 -0.000300065  0.000181885  -0.00186631  0.000868545  -0.00715281   0.00496479  -0.00216806   -0.0181894   -0.0135141   -0.0157854   -0.0158941   -0.0148813    -0.012657   -0.0132294   -0.0171709   -0.0182923   -0.0129112   0.00872987    0.0130156    0.0212807    0.0069541   0.00446449    0.0113739   0.00296803    0.0107334    0.0162405      1.00699   -0.0249415   -0.0279842   -0.0269126   -0.0253323   -0.0252409    -0.026064   -0.0258259   -0.0233669   -0.0265245   -0.0267174   -0.0262152   -0.0291675    -0.024014   -0.0254305   -0.0286452   -0.0271863   -0.0255969   -0.0245837   -0.0273599   -0.0262648   -0.0134682   -0.0215896   -0.0225502   -0.0209525   -0.0240078   -0.0229593   -0.0190917   -0.0180919   -0.0248878   -0.0227358   -0.0209443   -0.0152998   -0.0266348   -0.0144226   -0.0222531   -0.0220587   -0.0185408   -0.0205098    -0.017308
 -0.00800807   0.00257912  -0.00686067     0.006826   0.00268911   0.00869347  -0.00150562   0.00862239 -0.000783894   0.00553411    -0.135136    -0.133604    -0.135059    -0.138714    -0.133418    -0.135109    -0.135547     -0.13371    -0.132295    -0.135722   -0.0257577   -0.0280957   -0.0307898   -0.0242525   -0.0235917    -0.024629   -0.0258414   -0.0232147   -0.0302032   -0.0249415     0.894831     0.188586     0.186444     0.184181      0.18387     0.188144     0.186293      0.18748      0.18535     0.187299     0.168526     0.169813       0.1759     0.181487     0.177649     0.175252     0.173477     0.176778      0.17397     0.177509    -0.150929    -0.149225    -0.152289    -0.160525    -0.148721    -0.151373    -0.147237    -0.149228    -0.151164    -0.150978    -0.149126    -0.150708    -0.154013    -0.151508     -0.15142    -0.155304    -0.155228    -0.151376    -0.146557
 -0.00809258    0.0033579  -0.00776314   0.00638251   0.00116315   0.00809182  -0.00100631   0.00662301  -0.00272229  0.000963936    -0.133224    -0.131043    -0.130719    -0.136121    -0.133766     -0.13403    -0.133265    -0.133103    -0.129878     -0.13154   -0.0279609   -0.0253718   -0.0286206   -0.0249798   -0.0280123   -0.0217974   -0.0268479   -0.0246234   -0.0304935   -0.0279842     0.188586     0.884378     0.180844     0.186235     0.186178     0.187848      0.18565     0.187526     0.185261     0.184089     0.170267     0.167601     0.173728     0.172919     0.175041     0.174871     0.178574     0.174478     0.176977     0.176614    -0.149992    -0.147733     -0.15048    -0.155664    -0.147145    -0.146689    -0.144484    -0.148504      -0.1491    -0.150389    -0.149346    -0.150342    -0.154633    -0.145432    -0.149045    -0.152245    -0.153176    -0.146906    -0.144377
 -0.00892734   0.00392265  -0.00720338   0.00482863   0.00123503   0.00638751  0.000195247   0.00496731 -0.000637988    0.0041804    -0.135043     -0.13284    -0.131343    -0.136706    -0.133097    -0.132146    -0.131247    -0.135085     -0.12858     -0.13327   -0.0283601   -0.0275601   -0.0309749   -0.0240821   -0.0236697   -0.0245262   -0.0267266   -0.0264752     -0.03051   -0.0269126     0.186444     0.180844     0.881147     0.185355     0.183494     0.187465     0.187472     0.186071     0.186088      0.18828     0.169526      0.16498     0.172391     0.174017     0.175648     0.172748     0.176623     0.177535      0.17403     0.175657    -0.151937      -0.1472    -0.151573    -0.156988    -0.147684    -0.148938     -0.14484    -0.149104    -0.146822    -0.149811    -0.149497    -0.147967    -0.153369    -0.144577    -0.149269    -0.152407    -0.150643    -0.146344     -0.14097
  -0.0106097   0.00189569  -0.00676569   0.00423845  -0.00247019   0.00912387 -0.000127956   0.00758088 -0.000158888    0.0031367    -0.137898    -0.133808    -0.132158    -0.137842    -0.134003    -0.132059     -0.13297     -0.13304    -0.122015    -0.130399   -0.0269064   -0.0264356   -0.0297134   -0.0268149    -0.026229   -0.0252257    -0.026558   -0.0226248   -0.0298856   -0.0253323     0.184181     0.186235     0.185355     0.888946     0.182034     0.185184     0.184175     0.194307     0.183396     0.184996     0.166678     0.166878     0.174822     0.171704     0.175119      0.17143     0.171759      0.17235     0.173655     0.174148      -0.1501    -0.149672    -0.148741    -0.149391    -0.147144    -0.150473    -0.144831       -0.149    -0.148337    -0.147638    -0.146638    -0.148955    -0.153836    -0.148053    -0.149151    -0.151874    -0.151649     -0.14776    -0.146033
 -0.00969347   0.00499658  -0.00665459   0.00432761      0.00339   0.00717168  0.000519094   0.00633574 -0.000377217   0.00621062    -0.131268     -0.13175     -0.13115    -0.134611    -0.129871    -0.131181    -0.130405    -0.132636    -0.130821    -0.130788   -0.0263193   -0.0246191   -0.0292765    -0.026277   -0.0268236   -0.0231364   -0.0245776   -0.0237296   -0.0324344   -0.0252409      0.18387     0.186178     0.183494     0.182034     0.880859     0.186761     0.185144     0.183224     0.184413       0.1836       0.1683     0.163283     0.173898     0.170995     0.174926     0.171159     0.174248     0.173194     0.172997     0.173403    -0.148432    -0.147852    -0.150219    -0.155163    -0.145488    -0.146213     -0.14473    -0.147944    -0.147818    -0.149795    -0.147244    -0.148787    -0.152615    -0.146723    -0.150359    -0.151755    -0.154367    -0.147647      -0.1443
 -0.00741271   0.00522296   -0.0083069    0.0053136   0.00299203   0.00978277    0.0011461   0.00969384   0.00102433     0.004425    -0.134267    -0.134928    -0.134587    -0.136698    -0.133001    -0.131665    -0.132107    -0.135306     -0.13142    -0.133625   -0.0220653   -0.0274288   -0.0286302   -0.0234059   -0.0255776   -0.0221779   -0.0244466   -0.0247331   -0.0274159    -0.026064     0.188144     0.187848     0.187465     0.185184     0.186761     0.883343     0.188368     0.184827      0.18481     0.187833      0.17009     0.166476     0.175842     0.172991     0.174983     0.173043     0.174629      0.17635     0.173732     0.176748    -0.150148     -0.14836    -0.150405    -0.158179    -0.150338    -0.153403     -0.14867    -0.150881    -0.149436     -0.14998    -0.149522    -0.150049    -0.155405    -0.150157    -0.153205    -0.153149    -0.154746    -0.148477    -0.147314
 -0.00878049    0.0067703  -0.00390322   0.00476789   0.00317565   0.00805161   0.00250569   0.00924485  0.000996247   0.00687011    -0.135891    -0.132613    -0.133314    -0.137765    -0.132451    -0.136012     -0.13497    -0.131114    -0.126239    -0.131842    -0.026338   -0.0268374    -0.027958   -0.0264392   -0.0253159    -0.023156   -0.0251235   -0.0247671   -0.0308947   -0.0258259     0.186293      0.18565     0.187472     0.184175     0.185144     0.188368     0.888129     0.184637     0.183666     0.187451     0.166578     0.167752      0.17326     0.174712     0.177111     0.173939      0.17295     0.176512     0.172174     0.173748    -0.150472    -0.147696    -0.151958    -0.160091    -0.149697    -0.151319    -0.143342     -0.14905    -0.148379    -0.152096    -0.147704    -0.150766    -0.154863    -0.148683    -0.147144    -0.154007    -0.155976     -0.14915    -0.146214
 -0.00804981    0.0030704  -0.00461772   0.00627052  0.000202788    0.0090861  -0.00013965   0.00664853   0.00173319   0.00334916    -0.136489    -0.134838    -0.133195    -0.136052    -0.133498     -0.13365    -0.132506    -0.133266    -0.120461    -0.133163   -0.0279555   -0.0285847   -0.0286708   -0.0263798   -0.0266719    -0.021863   -0.0249239   -0.0238092   -0.0303306   -0.0233669      0.18748     0.187526     0.186071     0.194307     0.183224     0.184827     0.184637     0.889099     0.183834      0.18567     0.167842     0.166676      0.17213     0.174122     0.177024     0.171094      0.17366     0.172421     0.172686     0.172979    -0.149862    -0.150905    -0.150533    -0.149491    -0.148057    -0.149602    -0.143669    -0.148899    -0.146077    -0.152833    -0.148143    -0.150398    -0.152593    -0.149536    -0.150778    -0.153034    -0.153927    -0.151133    -0.144671
 -0.00698828   0.00153192  -0.00394768   0.00436825   0.00144149   0.00757062  -0.00137047   0.00793062  -0.00381742   0.00354522    -0.131857    -0.131996    -0.129504    -0.135404    -0.130614    -0.131583    -0.131101    -0.132631    -0.123907    -0.133759   -0.0253677   -0.0283325   -0.0305452   -0.0245149   -0.0275115   -0.0247667   -0.0238846   -0.0257031   -0.0318555   -0.0265245      0.18535     0.185261     0.186088     0.183396     0.184413      0.18481     0.183666     0.183834     0.887007       0.1854     0.169722     0.166253      0.17325     0.174652     0.176217     0.174795     0.175949     0.174564     0.169755       0.1746    -0.148666    -0.149049    -0.152597    -0.157567    -0.149845    -0.149871      -0.1419    -0.147896    -0.146232    -0.151412    -0.145907    -0.146744    -0.156079     -0.14654    -0.150608    -0.154719    -0.153137    -0.148102    -0.143839
 -0.00545026   0.00458722  -0.00598421   0.00402825    0.0010696   0.00861445   0.00165137   0.00758042  0.000889549   0.00641963    -0.133593    -0.130804     -0.13216    -0.137215    -0.131163    -0.135368    -0.132343    -0.131298    -0.128113    -0.134519   -0.0256109   -0.0293656   -0.0293989   -0.0260048   -0.0252426   -0.0256568   -0.0244201   -0.0248988   -0.0304194   -0.0267174     0.187299     0.184089      0.18828     0.184996       0.1836     0.187833     0.187451      0.18567       0.1854     0.880671     0.167297     0.167445     0.177503     0.174754     0.174042     0.176283     0.175225     0.174427     0.174051     0.174903    -0.150295    -0.147489    -0.149694    -0.156998    -0.148998    -0.150643    -0.147213    -0.149378    -0.150305    -0.152948    -0.146708    -0.151748    -0.154264     -0.14896    -0.151828    -0.156054    -0.155322     -0.14493    -0.144541
  -0.0067309  7.53878e-05  -0.00791181   0.00369409  0.000376269   0.00296477  -0.00267614   0.00386809 -0.000570227   0.00359893    -0.125138    -0.126003    -0.125145    -0.126907    -0.126768    -0.123535    -0.124905    -0.128096    -0.120709    -0.126727   -0.0267202   -0.0248158   -0.0282833    -0.024746   -0.0254074   -0.0240508   -0.0244465   -0.0265247   -0.0277068   -0.0262152     0.168526     0.170267     0.169526     0.166678       0.1683      0.17009     0.166578     0.167842     0.169722     0.167297     0.887389      0.16285     0.168078     0.166466      0.16565     0.166165     0.169965     0.167865     0.166964      0.16784    -0.143648    -0.139787    -0.144629    -0.147233    -0.139699    -0.139495    -0.136521    -0.141811    -0.140851    -0.140307    -0.140541    -0.139387    -0.145867    -0.139543    -0.139457    -0.147995     -0.14703    -0.139633    -0.140564
  -0.0117766  0.000812875  -0.00956724    0.0015226  -0.00138334   0.00360132  -0.00575146   0.00494222  -0.00325188  0.000722384    -0.121218    -0.122337    -0.122973     -0.12684    -0.125743    -0.122964    -0.123481    -0.124598    -0.120287      -0.1221   -0.0285758    -0.026781   -0.0295538   -0.0247112   -0.0269661    -0.023216   -0.0285961   -0.0260752   -0.0309924   -0.0291675     0.169813     0.167601      0.16498     0.166878     0.163283     0.166476     0.167752     0.166676     0.166253     0.167445      0.16285     0.880529     0.165908     0.167669     0.163565     0.164798     0.165015     0.168735     0.166126     0.163431    -0.139063    -0.138321    -0.138364    -0.145174    -0.139172    -0.138805    -0.134065    -0.139725    -0.138893    -0.137958    -0.132563    -0.138962    -0.141854    -0.136054    -0.138385    -0.142892    -0.141463    -0.136151    -0.133449
  -0.0118372    0.0028434  -0.00642513   0.00511829 -0.000228502   0.00638493  -0.00410683   0.00544449  -0.00232593   0.00157993    -0.131272    -0.129443    -0.128153    -0.133443    -0.127837    -0.128881    -0.125874    -0.130359     -0.12463    -0.129937   -0.0282589    -0.025596    -0.030991   -0.0245333   -0.0304976   -0.0243841   -0.0260965   -0.0246894   -0.0285425    -0.024014       0.1759     0.173728     0.172391     0.174822     0.173898     0.175842      0.17326      0.17213      0.17325     0.177503     0.168078     0.165908     0.890119     0.171893     0.171733     0.175191     0.177575     0.172577     0.170191     0.171497    -0.147043    -0.143595     -0.14487    -0.150954    -0.143829     -0.14296    -0.139766    -0.143381    -0.143336     -0.14488     -0.14098    -0.143925    -0.146349    -0.142684    -0.145329    -0.148416    -0.150187    -0.142922    -0.141791
 -0.00516022   0.00372345  -0.00650118   0.00254616   0.00321953   0.00595392   -0.0029836   0.00567672    -0.001007   0.00202822    -0.129017    -0.129264    -0.129911    -0.133216    -0.130203    -0.129795    -0.129326    -0.129299    -0.125294    -0.127023   -0.0257369   -0.0262987   -0.0286322   -0.0225868    -0.027713   -0.0242484   -0.0280185   -0.0239585   -0.0305341   -0.0254305     0.181487     0.172919     0.174017     0.171704     0.170995     0.172991     0.174712     0.174122     0.174652     0.174754     0.166466     0.167669     0.171893     0.888249     0.172074     0.170219     0.171779     0.171448     0.169327      0.17229     -0.14401    -0.141628    -0.145444    -0.150208     -0.14117    -0.143454    -0.139126    -0.143085    -0.143037    -0.142586    -0.143079    -0.141711     -0.14607    -0.141719    -0.146768    -0.148413    -0.148385    -0.143364     -0.13805
