 2.71714e+19      59.0362      27.2065      10.4426      11.3569      16.4962      16.7056      20.2263      13.7831      7.74191      1.09498  -0.00168418     0.010735   -0.0339399     0.175927      22.1299       155157      71.5211      12.3591     0.500018      551.451      22.7718      271.157      85.8963      29.4497       149.73      8.17523      14.3504      713.448      436.511     0.168762      12.8421      51.0237     0.673643      21.9628      63.2689      3.51981       36.025      54.1625      20.0725      3.20878      4.51283      3.99197      119.642      235.623      10.2039      37.9785      63.7495      166.528      17.6083      6285.83       536.92      474.643  3.13058e+06      438.806          363      164.045      67.5381      1360.35      742.614      387.868      165.072       584.44        93138       139120      425.113      317.647  2.64098e+06      3660.41      79.7801      526.185
     59.0362  4.46264e+19      5043.42       33.037      434.171      123.401      44.7836      34.5261      56.1845      21.6079      10.8495     0.200083     0.278866    0.0103981     0.376876      92.9463      9604.23      39.1691      49.0987        3.395      6137.33      5044.35      781.957      524.212      133.666      54.4366      26.0653      17.1116      5122.53      52.2597     0.245203      46.3198      5069.12      2.76446      16.6971      5099.01      24.9316      5065.99      93.6634       91.144      4.09692      17.5602      5.26559      355.177      507.629      41.1516      33.6423      121.283      34.3841      65.7064       1081.4      899.607      1252.94  1.24611e+07      6452.14      1390.35      822.566      439.266       9768.8       2163.7      1724.93      1326.59       5333.6       370090  1.10273e+06      855.876      525.841  1.05127e+07      14628.5       589.47      6178.14
     27.2065      5043.42  3.50581e+19      1696.36       110.62       101.75       1690.8      13.1274      55.5335      13.6945      16.2795      1664.36    0.0913032    0.0251402     0.319149      5.42282       178903      19.5155      96.6861        4.237      5227.38      5033.36      1910.53      1031.78       95.729      80.5665       20.416      16.6347      105.413      249.835     0.113521      2.94067      5116.89      1.09549      92.7245      5156.15      1686.16      5034.19      26.8384      118.703      3.06484      10.7547      7.68006       10.366      176.809      284.538      112.838      111.782      135.007      103.514      8770.66      403.651       908.74      51703.9      5246.77      596.037      1891.86      118.996      17552.1      228.144       824.92      162.292      5466.51      2418.28  2.19994e+06      328.277      263.282      42237.3      527.844      1763.51      5487.32
     10.4426       33.037      1696.36  5.30728e+19      85.9914      104.047       1756.7      5144.26      24.7538      15.2439      18.4193      1664.33     0.115816   -0.0255375     0.331026      4.87426      5826.67      567.839      6.39731      7.33188      1629.27      15.0132      2017.01      1558.79      15.8056      287.969      24.4569      98.8186       51.125      894.252     0.893811      14.3218      64.8728      160.506      93.3296      107.076      1718.26      57.2052      5353.31      29.6058     0.773323      8.34865      11.9049      251.358      59.9083      262.997      137.692      141.055      392.875      30.2843      2306.83      5223.72      5227.11       395936      470.601      1238.71      1812.59      5076.82      28001.4      5622.31      6271.85      118.231      186.748      17854.4  3.65668e+06      5529.83      1262.42       332661      547.845      1892.52      307.222
     11.3569      434.171       110.62      85.9914  4.90535e+19      25.7287      9.00609      65.7442      20.4256      21.7989      31.7169    -0.022177     0.200246  -0.00222183     0.385261       11.229      1438.33      3.41191      193.085       11.576      721.452      277.023      493.915      2396.68      14.1269      607.296      26.8108       27.276      219.509      2006.97     0.337436      6.27004      121.212      3.74618      59.6692      351.473      9.15763      97.7525      58.7967      78.4446      2.22956      13.7453      19.5322      445.887      102.779       271.66      57.3437       282.26      592.101      208.737      698.424       686.97      494.527  1.56956e+06      1470.02      1638.12      764.414      633.018      43799.7      918.008      3044.89      636.923      1198.04      48694.9  6.02387e+06      987.625      1690.14  1.32385e+06       2304.6      418.646      483.695
     16.4962      123.401       101.75      104.047      25.7287  5.46411e+19      25.7488        107.1      39.7274      11.5261      3.42478    -0.018855     0.179613      0.15053     0.372041      5.84034       623338      10.3834      48.6408      1.22585       244.98      82.7924      141.015      371.954       12.696      584.317      16.4048      53.1623       596.11      2278.86     0.405629      4.60722      122.926      4.67101      72.7614      156.468      8.92733      90.5826      162.641      66.0045      2.52088      15.0257      12.9809      42.2854      86.2277      36.0614      160.577      142.198      653.785       78.498      23091.8      449.882      707.796       787543      1036.79      369.266      964.573      323.596      4271.76      1007.16       1786.9       859.88       1213.7      24662.4       552760      973.733       750.86       664492      1700.65      463.039      1359.38
     16.7056      44.7836       1690.8       1756.7      9.00609      25.7488  5.36685e+19      643.425      28.5471      23.6983      248.964      1664.37      248.468      248.447      248.664      11.1588      949.497      567.886      96.5987      0.34389      1471.94      40.0306      2604.72       911.13      7.91666      18.7132      29.3039      626.967      651.406      77.5016     0.946356      15.0677      25.3672     0.702015      9.73601      145.954      1669.89      25.7897       493.45      70.5117      7.84405      261.158      11.7596      32.8858      29.5193      275.719      641.594      654.643      71.7273      105.981      2334.44      632.332      719.643  1.57049e+06       355.41      314.248      2006.95      637.014      2387.91      1060.12      305.895      395.999      292.351      46822.7      69625.2      104.406      523.606  1.32415e+06      2011.87      1703.55      828.988
     20.2263      34.5261      13.1274      5144.26      65.7442        107.1      643.425  5.75281e+19      17.8639      31.5928      3.21196    0.0624938    0.0901255   -0.0323035     0.685232      5.68311        11685      1132.54       153.09      1.17393      2952.06      28.3568      923.758      870.571      9.36394      23.3758      26.7936      632.985      2584.44      259.186      1.33394      31.6172      9.48807      160.619      34.7904      193.555      49.3125       56.697      5659.53      21.7695      2.64859      32.9759      14.5033      133.589      218.534      86.6163      779.406      809.895      273.779       179.15      1621.45      5665.26      6121.75       786754      1071.92      355.602      198.367      5257.89      2203.13      5902.57      5846.37       607.46       421.43        29028       277426      5434.36      857.496       664131      1153.21      345.961      970.452
     13.7831      56.1845      55.5335      24.7538      20.4256      39.7274      28.5471      17.8639  4.18393e+19      9540.48      5.97203      9525.44     0.141203    0.0039454     0.508316      1.52901       450993      18.7178      48.7148      2.25347      697.586      55.2415      1212.74      594.841      45.2577      191.319      7.28512      11.0201      9735.15      71.5466      0.92825      6.17364      206.041      1.75362      164.756      324.574      5.28635      58.6686      782.354      16.1923      9527.77      6.46738      10.8191      1744.91      377.423      54.3593      158.922      175.933      188.077      9577.26      18135.7      1512.83      2358.09       198654      1030.42      1277.55      321.551      73.6358      8009.51      1177.64       399.95      768.286      10673.7      17316.6  1.10277e+06      503.835      1534.05       176960      9984.53      6447.61      808.187
     7.74191      21.6079      13.6945      15.2439      21.7989      11.5261      23.6983      31.5928      9540.48   2.8758e+19      6.83773      9525.47    0.0292843   -0.0322875     0.782864      1.39635      6103.78       71.553      385.366      2.22548      1146.46       8.3042      530.296      557.541      14.3777      75.5249      13.5135      31.5189      10174.2      306.184     0.106902      6.25813      50.7057      1.54753       49.451      418.593      16.0429      26.3018      51.8981      49.7255      9527.91      27.1207      10.7815      31.1339      151.408       38.952      134.808      145.008      181.601      9913.97      929.138      676.816      326.217       198601      505.824      1182.41      981.283      431.743      7992.38      1067.66      650.021      156.363      10588.1      16844.3  1.10274e+06      425.489      1450.06       177172      10220.1      106.999      209.236
     1.09498      10.8495      16.2795      18.4193      31.7169      3.42478      248.964      3.21196      5.97203      6.83773   1.2843e+18     0.145194      248.644      248.563      248.549     0.199803       15.899      9.13288      6.34672      5.60132      59.8698      6.16441       8.5591      1403.98     0.836759      1.46565      11.3221      11.2041      7.36122      33.9705    -0.118145     0.419937      17.1077     0.088563      23.3442      32.9579      0.56636      6.49992      5.05641      5.80194     0.039672      256.654      5.68464     0.142384      33.5708      1.33955      35.7498      42.9518      35.5215       6.3157       64.385      318.173      42.1415      12508.9      90.5132      705.954      264.841      258.242      20648.3      19.5236      704.443      3.60842       315.05      1147.14  2.87883e+06      127.066      308.816      10513.9      23.4344       37.982      13.9737
 -0.00168418     0.200083      1664.36      1664.33    -0.022177    -0.018855      1664.37    0.0624938      9525.44      9525.47     0.145194  5.18132e+16      3.26603      7725.67    0.0607668    0.0896072      3.48859     0.167715       772.37      34.0233     0.253479     0.052005      1664.36     0.194953  -0.00409472      0.25308      7722.45   -0.0226372      9565.99      1.10197    -0.110928   -0.0128205   -0.0139883    -0.119279   -0.0316997   -0.0490309      1664.26   -0.0739176    -0.022173   -0.0995576      9525.38    -0.100856    -0.109756   0.00390624   -0.0876755      248.352   -0.0128942     0.196649     0.359736      9525.37      1664.68      7723.09     0.261471      2454.65      7.10107     0.254584       9390.5      3.26888      1669.68       3.9608      10.2477      9.90593      17248.1      17271.8      8000.08      1.18971         7726      10195.5      9526.78      9390.06      3.96065
    0.010735     0.278866    0.0913032     0.115816     0.200246     0.179613      248.468    0.0901255     0.141203    0.0292843      248.644      3.26603  7.67703e+16      251.742      248.543     0.102588        216.7     0.370582    0.0802061      3.29294     0.906949    0.0789309  -0.00495121      257.117   0.00437198     0.134234     0.116535    0.0658916       40.523     0.727276    -0.115571 -0.000624961    0.0230891    -0.115993    0.0605953     0.124248    -0.111411   -0.0513733    0.0964483   -0.0726665   -0.0936241      248.385   -0.0655657     0.122489   -0.0316462     -0.10669   -0.0352341     0.232612     0.226552   -0.0942101     0.590596      249.626     0.643641      3160.57      7.12235      5.66672      252.213      252.131      161.893      4.06558      15.6948      10.2791      248.673      99.7321      22077.9      1.80043      252.014       2669.6      3.94426      3.73153      4.12487
  -0.0339399    0.0103981    0.0251402   -0.0255375  -0.00222183      0.15053      248.447   -0.0323035    0.0039454   -0.0322875      248.563      7725.67      251.742  6.86409e+17      248.544    0.0807122      3.24828     0.183692      772.369      34.0034     0.261348      0.20004     0.171778      249.541   -0.0159941     0.129472      7722.42   -0.0162289      1.28485       1.3872    -0.120304    -0.112066   0.00302253    -0.116775   -0.0239923   -0.0551199    -0.117519   -0.0780241     0.107391   -0.0466836    -0.110969      248.353    -0.107357   -0.0954032   -0.0527647    -0.111693    -0.025545   -0.0124545     0.282967   -0.0778113     0.521439       7971.6      1.49847     0.448395      1.23622     0.814485      7975.14      251.909      19.3471      3.72115      5.13683      4.62655      7971.22      7724.55      9943.94     0.582647      7975.53      4.42121       1.2911      7725.83      4.29864
    0.175927     0.376876     0.319149     0.331026     0.385261     0.372041      248.664     0.685232     0.508316     0.782864      248.549    0.0607668      248.543      248.544  3.06223e+17      0.13561      4084.33      2.37288      48.4632    0.0807872      20.4395      0.11341      63.4164      248.855      1.50309     0.265487    0.0511756     0.379204      2.06658     0.995249    -0.110884     0.181444     0.433487   -0.0406619    0.0310446      48.5426   -0.0684444    0.0814091      2.51111      0.14925  -0.00190058      248.505      0.31891      1.74862       14.844     0.362063     0.560935      0.38618     0.425009      48.3329      213.298      312.974      17.2348      6328.64      1.99032      1.18897      249.656      297.623      3.51554      1.84644      13.4328      1.59276      255.333      189.631      139.777      15.8549      249.416      5348.53      56.3574      1.74717      20.0354
     22.1299      92.9463      5.42282      4.87426       11.229      5.84034      11.1588      5.68311      1.52901      1.39635     0.199803    0.0896072     0.102588    0.0807122      0.13561  5.52065e+17      5527.26      18.0449     0.493524      6.12535      50.2373      5.14823      3.07219       1.1204      0.24046     0.160893      1.44805     0.710402      2.41649      10.6587   -0.0949965      22.2636      16.5931    -0.104266     0.876042      5.02821    0.0273957      27.0233      19.9777     0.352242   -0.0966564      5.45142     0.277488      22.0388     0.633382    0.0426217      1.22943      44.6167      2.68775      5.73274      233.725      176.487      23.2591  9.71424e+06      6.48696      652.357      19.4139      3.15484       1013.8      1394.78      11.3931      19.3797      10.1524       287848      1155.51      5.06734      106.033  8.19502e+06      11183.1      5.88435      306.755
      155157      9604.23       178903      5826.67      1438.33       623338      949.497        11685       450993      6103.78       15.899      3.48859        216.7      3.24828      4084.33      5527.26  4.41943e+18      121.234      24351.3      1439.45      11720.2      1482.65      47149.7      45113.9      1475.41      22529.9      1502.82      941.486  5.65338e+06      5974.95      182.251      12312.7      11841.4      125.963      11452.6      24615.6      1441.04      23606.6      735.013      47.2143      738.324      11591.9      89890.6      1778.11       276.42        11298      5920.19      13328.8      2951.23      25921.2  4.99452e+08       301905      91603.3  4.52344e+08      45367.5       129363  1.26625e+06      46891.5      46660.2      68048.6      9089.82      959.734  2.16669e+07  1.27634e+07      64432.1      1335.21      1596.01  3.68821e+08       564381      3473.89  1.05109e+07
     71.5211      39.1691      19.5155      567.839      3.41191      10.3834      567.886      1132.54      18.7178       71.553      9.13288     0.167715     0.370582     0.183692      2.37288      18.0449      121.234  6.61364e+18     0.065838     0.390417       357672      73.0559      569.996      41.7916      18.4172      301.798      18.6584      2.44351       28.418      118.706    -0.108297      2258.91      21.5509     0.193518      286.748      4.88265      567.583      19.2973      71432.5      71.5298      1.10261      2.23972      36.0059      23.3112      2260.13       3.1456      40.4624      38.9042      11341.3      37.7764      71434.7      40.5355      571.377      7675.92      1154.91      14.3039      348.346      145.205      631.812      166.766      1217.19      633.592      22.4777       1293.8      11011.4      2279.89      68.4524      2801.15      2360.56      1137.86      9056.75
     12.3591      49.0987      96.6861      6.39731      193.085      48.6408      96.5987       153.09      48.7148      385.366      6.34672       772.37    0.0802061      772.369      48.4632     0.493524      24351.3     0.065838   2.4626e+17      3.22615      33.7945      48.3961      24255.9      25.4354      24.3549     0.255757      784.701      192.917      2.84409      194.824    0.0817228      48.4037      24.6581      12.0902      48.8573      24255.3      12.4892      48.8569      96.6282      1.17436      24.1829      48.7838       192.76      48.6527       6.0255      1.85547      192.897      48.8978       6.3599        24255      24256.9      25029.4      779.898      50376.6      385.167      135.337      994.528      24255.3      626.971      41.0935       6103.2      195.086      800.416      2471.93      33881.5      197.408      826.056      41905.3      24314.4      1157.45      772.376
    0.500018        3.395        4.237      7.33188       11.576      1.22585      0.34389      1.17393      2.25347      2.22548      5.60132      34.0233      3.29294      34.0034    0.0807872      6.12535      1439.45     0.390417      3.22615    4.537e+18      9.47895      0.40751      2.53628      433.037     0.539538      1.10746      35.1998      4.20597      162.677      4.45038    -0.114029     0.459229      5.72174   -0.0398292      9.76034      8.91397    0.0316121     0.117501     0.671825      2.10966   -0.0300189      1.31294      2.02376      3.50893      3.88352    0.0466301      3.66372      6.74035      4.73207   0.00955444       61.334      44.8538      3.40453        52912      32.8473        267.8      35.5157      5.22125      7916.23      14.0307      294.327      29.8843      35.4156      1866.88  1.10258e+06      42.9494      35.6656      44637.7      64.1826      38.1789      12.1029
     551.451      6137.33      5227.38      1629.27      721.452       244.98      1471.94      2952.06      697.586      1146.46      59.8698     0.253479     0.906949     0.261348      20.4395      50.2373      11720.2       357672      33.7945      9.47895   9.2007e+21      5427.81      31969.5      1817.39      3357.72      2386.85      412.313      140.161      811.726      3605.36      8.48811      5914.03      6119.34      59.7853      860.317      5976.04      1908.62      5547.05       180628      720.959      107.181      458.311      245.096      840.081      35661.3      1164.36      369.177      693.214      29694.9      224.273       210757      29922.3        32090      45719.4      10780.1      28394.9      29321.3      1562.76      29540.8      29908.9      5505.25      1887.17      33600.2      32317.7  3.59226e+06      40278.1      27722.4      62926.5      6276.61      4091.76      58652.5
     22.7718      5044.35      5033.36      15.0132      277.023      82.7924      40.0306      28.3568      55.2415       8.3042      6.16441     0.052005    0.0789309      0.20004      0.11341      5.14823      1482.65      73.0559      48.3961      0.40751      5427.81  3.94306e+20      315.937      124.656      82.5693      92.1241      57.8712      15.4875      1528.02      73.3771    0.0696544      5.37876      5031.78      2.03753      4.11032      5190.15      22.2277      5034.07      49.5585      81.1358      7.11095      5.90575      2.78286      1178.24      50.7171      506.947      269.768      475.716      44.0562      55.7348      660.464      398.188      782.425      12525.4       5508.5      66.7796      140.592      135.328       563.69      397.003      781.422      249.298      5834.28      499.076      69638.9      58.3219      272.861        10642      345.315      381.197      5136.83
     271.157      781.957      1910.53      2017.01      493.915      141.015      2604.72      923.758      1212.74      530.296       8.5591      1664.36  -0.00495121     0.171778      63.4164      3.07219      47149.7      569.996      24255.9      2.53628      31969.5      315.937  2.10835e+20      1015.25      3138.01      861.211      283.956      863.104      649.597      599.536      14.1451      300.587      1106.24      45.8682      515.773      25026.3      1825.62      131.416      7480.31      238.438      568.647      86.9469      277.998      887.643      29286.1      8596.05      1600.34       1390.7      386.503      24351.8      62688.6      59962.8      30654.1       405110      14630.6      7303.19      10412.2      24560.8      13564.1      8089.83      14212.1      6572.49      1301.04        19744       277861      36860.5      15621.4       370486        25971      11185.1      30955.9
     85.8963      524.212      1031.78      1558.79      2396.68      371.954       911.13      870.571      594.841      557.541      1403.98     0.194953      257.117      249.541      248.855       1.1204      45113.9      41.7916      25.4354      433.037      1817.39      124.656      1015.25  1.50521e+20      73.7167      222.406      920.054       1514.6      620.551      4412.38      1.10597      31.7385      5665.58      15.7256      6498.41      1869.11      45.7968      128.342      97.2611      616.895      4.83824      1134.21      462.592      226.653      4240.41      118.079      9552.87      9934.49      9010.97      29.8832      3006.42       6773.6      804.829      2850.05      5344.15      54175.4      457.341      499.409  1.61859e+06      5683.98      54312.7      163.507      1004.25      63120.5  2.25635e+08      11552.3      573.045      2373.05      4808.27      4530.28       1339.3
     29.4497      133.666       95.729      15.8056      14.1269       12.696      7.91666      9.36394      45.2577      14.3777     0.836759  -0.00409472   0.00437198   -0.0159941      1.50309      0.24046      1475.41      18.4172      24.3549     0.539538      3357.72      82.5693      3138.01      73.7167  2.67397e+19      618.086      185.353       3.9114      373.714      1745.19     0.999392      25.4022      176.339      3.22088      12.8692      838.135      8.84409      87.0718      137.315      4.75337      6.83328      4.10635      8.40019      38.0921      2934.43      111.535      183.899      211.181      566.379      35.0325      3035.01      2971.16         2950      25039.7      749.997      150.308      142.448      39.0721      1381.93      684.355      674.937      65.4135      223.369      920.069       139031       3512.9      143.874      24050.9      120.373       14.395      3057.42
      149.73      54.4366      80.5665      287.969      607.296      584.317      18.7132      23.3758      191.319      75.5249      1.46565      0.25308     0.134234     0.129472     0.265487     0.160893      22529.9      301.798     0.255757      1.10746      2386.85      92.1241      861.211      222.406      618.086  2.09215e+19      36.3317      52.3975      118.769       109045      17.4108      10.0007      127.123      5.18055      108.343      1138.64      276.325      179.258      208.649       55.033      4.19734      24.2561       276.21      548.603      556.503      323.244       37.863      283.386      34514.9      278.087      1791.58      642.745      611.168      1089.87      34600.6      323.719      115.387       37.608       2572.9      34540.3      34658.5      90.1954      257.725      691.215       276966      34981.4      182.963      1388.27      657.216      21.5715      2787.12
     8.17523      26.0653       20.416      24.4569      26.8108      16.4048      29.3039      26.7936      7.28512      13.5135      11.3221      7722.45     0.116535      7722.42    0.0511756      1.44805      1502.82      18.6584      784.701      35.1998      412.313      57.8712      283.956      920.054      185.353      36.3317  1.34625e+20      34.7068      1339.82      306.797    0.0518151      5.73871      20.8208     0.589864       27.059      742.618      9.88253      8.95622       22.163      10.4535      3.55432      10.3806       6.0399      66.2499      108.185      60.3232      240.984      249.352      54.2235      21.8723      247.401      7926.67      150.275       197700      329.568      668.851      8115.55      100.323      16059.8      196.408      1110.53      486.894       7865.9      14574.9  2.20781e+06      254.167      8208.05       167145      521.774      7813.58      435.145
     14.3504      17.1116      16.6347      98.8186       27.276      53.1623      626.967      632.985      11.0201      31.5189      11.2041   -0.0226372    0.0658916   -0.0162289     0.379204     0.710402      941.486      2.44351      192.917      4.20597      140.161      15.4875      863.104       1514.6       3.9114      52.3975      34.7068  4.80303e+21      59.1886      85.2772     0.632971      1.40728      14.2898     0.647166      59.9873      229.371      5.02434      9.88244      40.0616      43.0107       12.395      14.8555      16.5208      111.388       13.029      28.5616       665.53      651.441       19.398      196.447      386.665      333.787      831.283      99235.6      146.453      662.201      184.858      236.534      15804.3      768.756      734.978      104.012      204.359      3764.03  2.19995e+06      116.645      442.639      84346.5      382.023      60.7618       720.96
     713.448      5122.53      105.413       51.125      219.509       596.11      651.406      2584.44      9735.15      10174.2      7.36122      9565.99       40.523      1.28485      2.06658      2.41649  5.65338e+06       28.418      2.84409      162.677      811.726      1528.02      649.597      620.551      373.714      118.769      1339.82      59.1886  1.67758e+19      228.513      2.80179      2567.69      332.572      7.35735      179.055      20.4637      8.90154      334.999      1324.88      19.2417      9848.79      26.1997      80.5316       139.31      626.498      297.194      173.004      5464.77      2781.37      9570.32       215152      5891.06      5677.42      20727.2       161531      530.476      5661.95       1349.6      2091.03      5352.34       161814       161420      20327.1      10599.3       276972      20870.1      2999.61      20354.5      9933.03      332.513      15179.2
     436.511      52.2597      249.835      894.252      2006.97      2278.86      77.5016      259.186      71.5466      306.184      33.9705      1.10197     0.727276       1.3872     0.995249      10.6587      5974.95      118.706      194.824      4.45038      3605.36      73.3771      599.536      4412.38      1745.19       109045      306.797      85.2772      228.513  1.79573e+19      55.1513      24.4015      240.614      22.3185      257.189       3698.2      900.769      456.373      34.3937      90.3204      34.5204      723.625      945.721      1868.29       4896.9      892.238      4235.73      5035.47       113143      2028.09      2572.88      824.936      314.722       398107       113215      752.012      30644.6      384.959      2302.28       110257       139586      30531.7      580.895      47376.9      71643.9       114180      30914.6       363511      32886.7       4388.6      37466.7
    0.168762     0.245203     0.113521     0.893811     0.337436     0.405629     0.946356      1.33394      0.92825     0.106902    -0.118145    -0.110928    -0.115571    -0.120304    -0.110884   -0.0949965      182.251    -0.108297    0.0817228    -0.114029      8.48811    0.0696544      14.1451      1.10597     0.999392      17.4108    0.0518151     0.632971      2.80179      55.1513    1.893e+18      0.23535     0.770624     0.193527     0.511539      1.43008     0.324108     0.319574      7.02794     0.336994     0.186565     0.179545     0.325253      3.93506      7.65202     0.518618      1.12115      1.34447      17.8674     0.524383      21.0488      14.9156      9.08177      3161.12       23.831      6.63369      1.18057      2.22391      3.03447      25.7494      19.3863      7.12671     0.860782      102.089       278.17      25.4855      7.55402      2675.08      5.36213     0.820632       9.8233
     12.8421      46.3198      2.94067      14.3218      6.27004      4.60722      15.0677      31.6172      6.17364      6.25813     0.419937   -0.0128205 -0.000624961    -0.112066     0.181444      22.2636      12312.7      2258.91      48.4037     0.459229      5914.03      5.37876      300.587      31.7385      25.4022      10.0007      5.73871      1.40728      2567.69      24.4015      0.23535  8.10614e+19      21.6353      1.00884      15.2504      52.4473      9.84006      11.9036      1155.44      33.8912      1.82711      5.19294      2.01034      9.90799      286.474       12.513      30.7877      61.1465      214.225       52.261      1970.36      457.381      374.937  3.13023e+06      535.234      230.076      44.8894      77.6676      427.826      495.463      498.841      453.108      120.445      92929.3      8899.04      358.819      147.777  2.64078e+06      3718.37      253.614       520.21
     51.0237      5069.12      5116.89      64.8728      121.212      122.926      25.3672      9.48807      206.041      50.7057      17.1077   -0.0139883    0.0230891   0.00302253     0.433487      16.5931      11841.4      21.5509      24.6581      5.72174      6119.34      5031.78      1106.24      5665.58      176.339      127.123      20.8208      14.2898      332.572      240.614     0.770624      21.6353  2.31435e+19      2.54446      4735.03      5091.82      31.6438      5072.88      55.4458      234.629      3.17552      9.82092      11.5563      11.1141      971.942      43.3257       4733.4      4740.64      4800.32      33.4401      1509.44      5724.06      1574.34  1.56892e+06      5164.27      710.266      58.2717      38.2506      16309.9      5128.85      674.338      46.8355      5169.55        51829  2.19987e+06      1084.59      163.025   1.3244e+06      6582.68      59.1043      6114.39
    0.673643      2.76446      1.09549      160.506      3.74618      4.67101     0.702015      160.619      1.75362      1.54753     0.088563    -0.119279    -0.115993    -0.116775   -0.0406619    -0.104266      125.963     0.193518      12.0902   -0.0398292      59.7853      2.03753      45.8682      15.7256      3.22088      5.18055     0.589864     0.647166      7.35735      22.3185     0.193527      1.00884      2.54446  1.18588e+19      2.42018        13.91      1.97224       2.2542      164.949      5.05448     0.311924     0.798818     0.536859      2.94872       30.097      2.74437      2.95301      4.30554      7.14579      13.9059      56.1089      212.828      199.105      1619.38      30.5768      49.9193      48.4125      174.653       268.18       197.23       202.87      22.6718      39.9575      275.827        34907      213.177      141.761      1413.08      38.2491      21.1038      56.4496
     21.9628      16.6971      92.7245      93.3296      59.6692      72.7614      9.73601      34.7904      164.756       49.451      23.3442   -0.0316997    0.0605953   -0.0239923    0.0310446     0.876042      11452.6      286.748      48.8573      9.76034      860.317      4.11032      515.773      6498.41      12.8692      108.343       27.059      59.9873      179.055      257.189     0.511539      15.2504      4735.03      2.42018  3.44557e+19      115.948      12.7934      42.1383      198.023        224.9      97.2451       10.533      14.9006      16.4043        51.81      35.1615      4826.86      4782.82       4849.9      54.6894      763.718       4915.7      169.275      49824.3      239.631      1102.53      52.7157      93.4258      31786.6      4859.94         1237      20.9045      218.175       7427.4  4.38919e+06      281.178      310.564      41891.8      4838.61      96.0646      129.279
     63.2689      5099.01      5156.15      107.076      351.473      156.468      145.954      193.555      324.574      418.593      32.9579   -0.0490309     0.124248   -0.0551199      48.5426      5.02821      24615.6      4.88265      24255.3      8.91397      5976.04      5190.15      25026.3      1869.11      838.135      1138.64      742.618      229.371      20.4637       3698.2      1.43008      52.4473      5091.82        13.91      115.948  2.18788e+19      46.8338      5139.84       137.44      106.593      35.3614      64.3352      224.997      13897.4      81.0124      31.1346      940.475      859.463       1191.9      24267.7      26149.1      24387.3       1455.3      7243.32      6550.74      1306.07      346.425      24311.6        32602      1352.16      8315.21      241.503         5161      1688.72  4.38982e+06      1481.25      203.625      5550.68      24378.3      2159.32      5932.24
     3.51981      24.9316      1686.16      1718.26      9.15763      8.92733      1669.89      49.3125      5.28635      16.0429      0.56636      1664.26    -0.111411    -0.117519   -0.0684444    0.0273957      1441.04      567.583      12.4892    0.0316121      1908.62      22.2277      1825.62      45.7968      8.84409      276.325      9.88253      5.02434      8.90154      900.769     0.324108      9.84006      31.6438      1.97224      12.7934      46.8338  2.65445e+20       29.412      328.221      10.7912     0.754832      7.88419      5.34883      15.3107      37.7481      396.403      15.8591      19.4938      331.657      17.3938      2053.44      88.8621      77.3065       8595.1      462.778      465.762       2280.4      59.6375      2320.43      767.426      525.829      38.6938      467.452      743.104      69612.6      548.086      622.181      5965.89       79.869      1683.75      156.186
      36.025      5065.99      5034.19      57.2052      97.7525      90.5826      25.7897       56.697      58.6686      26.3018      6.49992   -0.0739176   -0.0513733   -0.0780241    0.0814091      27.0233      23606.6      19.2973      48.8569     0.117501      5547.05      5034.07      131.416      128.342      87.0718      179.258      8.95622      9.88244      334.999      456.373     0.319574      11.9036      5072.88       2.2542      42.1383      5139.84       29.412  4.58246e+21      64.4075      90.6156      3.19277      15.6966      6.00448      452.699      78.7355       49.301      72.4669      102.063      187.048      56.6771      1755.26      879.246      1367.65  3.13119e+06       5898.1      711.842      525.565      125.726      446.841      1205.82      490.121      103.491      6132.41      93976.7      9427.66      316.196      1164.02  2.64107e+06      3732.88      111.556      5247.25
     54.1625      93.6634      26.8384      5353.31      58.7967      162.641       493.45      5659.53      782.354      51.8981      5.05641    -0.022173    0.0964483     0.107391      2.51111      19.9777      735.013      71432.5      96.6282     0.671825       180628      49.5585      7480.31      97.2611      137.315      208.649       22.163      40.0616      1324.88      34.3937      7.02794      1155.44      55.4458      164.949      198.023       137.44      328.221      64.4075  1.44177e+19      82.2386      9.25208      12.1087       33.307      54.9291      2310.11       81.145      71.4723      58.8829      5770.92      144.829      43118.4      12351.3      6612.96  1.57137e+06       6898.9       6335.6      287.298      5247.76      1094.34      11408.5      5963.43      6532.12      201.307      58233.8      70968.5      7436.94      6257.04  1.32482e+06      3094.94      764.024      5836.87
     20.0725       91.144      118.703      29.6058      78.4446      66.0045      70.5117      21.7695      16.1923      49.7255      5.80194   -0.0995576   -0.0726665   -0.0466836      0.14925     0.352242      47.2143      71.5298      1.17436      2.10966      720.959      81.1358      238.438      616.895      4.75337       55.033      10.4535      43.0107      19.2417      90.3204     0.336994      33.8912      234.629      5.05448        224.9      106.593      10.7912      90.6156      82.2386  1.64378e+19      61.6454      10.7135      8.71428      119.376      15.0406      38.1253      211.029      163.002      175.877      3.51435       281.75      239.009      2108.62      50111.3      207.929      743.568      509.496      88.5085      9934.53      635.573         2375      2042.14      560.847      4411.98  1.10266e+06       2141.6      589.979      42349.9       2243.6       32.452      2164.76
     3.20878      4.09692      3.06484     0.773323      2.22956      2.52088      7.84405      2.64859      9527.77      9527.91     0.039672      9525.38   -0.0936241    -0.110969  -0.00190058   -0.0966564      738.324      1.10261      24.1829   -0.0300189      107.181      7.11095      568.647      4.83824      6.83328      4.19734      3.55432       12.395      9848.79      34.5204     0.186565      1.82711      3.17552     0.311924      97.2451      35.3614     0.754832      3.19277      9.25208      61.6454  3.36988e+18     0.777887     0.780573      55.4925      70.9269      7.40374      63.9376      7.75696       9.8269      9557.29      170.835      179.115      165.891      318.172      106.529      33.8036      73.7791      82.5276      68.9313       47.827      149.496      133.554      9600.55      9692.31      8840.85      83.9623      103.891      9873.33      9588.46      68.6166      98.4932
     4.51283      17.5602      10.7547      8.34865      13.7453      15.0257      261.158      32.9759      6.46738      27.1207      256.654    -0.100856      248.385      248.353      248.505      5.45142      11591.9      2.23972      48.7838      1.31294      458.311      5.90575      86.9469      1134.21      4.10635      24.2561      10.3806      14.8555      26.1997      723.625     0.179545      5.19294      9.82092     0.798818       10.533      64.3352      7.88419      15.6966      12.1087      10.7135     0.777887  9.10102e+21      6.65957      4.46078      667.028      1.06974      671.246      677.212      677.294      51.1674      595.107      375.894      75.4573       786660      738.478       629.82      700.013       300.75      4049.39      603.985      187.903      23.9406      749.097      24582.6       552577      759.666      785.701       663676      964.095      768.241      99.4186
     3.99197      5.26559      7.68006      11.9049      19.5322      12.9809      11.7596      14.5033      10.8191      10.7815      5.68464    -0.109756   -0.0655657    -0.107357      0.31891     0.277488      89890.6      36.0059       192.76      2.02376      245.096      2.78286      277.998      462.592      8.40019       276.21       6.0399      16.5208      80.5316      945.721     0.325253      2.01034      11.5563     0.536859      14.9006      224.997      5.34883      6.00448       33.307      8.71428     0.780573      6.65957  9.10551e+21      115.311       48.832      39.5261      34.5938       39.877      299.755      197.726      3713.45      295.732        93.16      49967.1      396.181        417.7      426.653       197.71      7959.94      455.558      703.075      85.1266      332.299      1987.72   1.1026e+06      412.726      623.338        42147      1185.49      145.322      210.622
