0.4312559 0.0870892 0.0970622 0.0805927 0.0856799 0.1041700 0.0953426 0.1062092 0.0755482 0.0774173 -0.0697465 -0.0637790 -0.0357333 -0.0612606 -0.0374961 -0.0774463 -0.0427727 -0.0749209 -0.0401136 -0.0250124 0.0722030 0.0597149 0.0892554 0.0712162 0.0754180 0.0827470 0.0726223 0.0518253 0.0715532 0.0730964 -0.0236077 -0.0281304 -0.0288063 -0.0208415 -0.0273392 -0.0310957 -0.0279504 -0.0289680 -0.0296866 -0.0308726 -0.0477148 -0.0276175 -0.0509790 -0.0377219 -0.0416012 -0.0484547 -0.0377213 -0.0509023 -0.0425201 -0.0503270 -0.0466097 -0.0399630 -0.0282822 -0.0116605 -0.0582538 -0.0060419 -0.0230832 -0.0276557 -0.0559544 -0.0682351 -0.0073158 -0.0133021 -0.0630220 -0.0595465 -0.0706587 -0.0444911 -0.0323478 -0.0262702 -0.0123903
0.0870892 0.4399641 0.0642157 0.0916138 0.1053301 0.1029358 0.0712464 0.0780662 0.0696184 0.1019060 -0.0871756 -0.0912728 -0.0571160 -0.0942432 -0.0625498 -0.0962423 -0.0623443 -0.0726596 -0.0501774 -0.0386474 0.0669871 0.0471219 0.0869958 0.0712246 0.0698308 0.0529335 0.0433310 0.0593683 0.0698186 0.0713245 -0.0044353 -0.0026279 0.0145027 0.0087543 0.0029896 0.0015098 0.0230993 0.0231341 0.0023436 -0.0044853 -0.0249732 -0.0036783 -0.0100772 0.0168776 -0.0125089 -0.0104090 -0.0112145 -0.0120238 0.0016069 -0.0066374 -0.0592491 -0.0718219 -0.0543345 -0.0467046 -0.0796584 -0.0456609 -0.0415433 -0.0596242 -0.0762440 -0.0705128 -0.0215581 -0.0409609 -0.0739197 -0.0794048 -0.0838934 -0.0753788 -0.0453717 -0.0494813 -0.0301749
0.0970622 0.0642157 0.3979354 0.0792368 0.0861061 0.0678488 0.0785890 0.1016570 0.0638442 0.0695985 -0.0703056 -0.0670011 -0.0310014 -0.0651172 -0.0546110 -0.0781217 -0.0341387 -0.0681851 -0.0387231 -0.0438438 0.0714588 0.0685970 0.0640612 0.0643998 0.0557503 0.0629080 0.0537254 0.0441140 0.0555357 0.0451706 -0.0071310 -0.0137785 -0.0221241 -0.0221918 -0.0212165 -0.0224505 -0.0186293 -0.0080348 -0.0119383 -0.0185624 -0.0415661 -0.0248500 -0.0337756 -0.0286918 -0.0259309 -0.0310576 -0.0249513 -0.0314652 -0.0372272 -0.0395604 -0.0444643 -0.0367300 -0.0259758 -0.0248699 -0.0357349 -0.0277418 -0.0192753 -0.0282129 -0.0445766 -0.0703039 -0.0072353 -0.0182510 -0.0615382 -0.0431651 -0.0472787 -0.0476325 -0.0269333 -0.0313005 -0.0062369
0.0805927 0.0916138 0.0792368 0.4459847 0.0831645 0.0963350 0.0822930 0.0883926 0.0603179 0.0970352 -0.0795570 -0.0832243 -0.0549064 -0.0639923 -0.0599592 -0.0712403 -0.0444288 -0.0817733 -0.0364621 -0.0472953 0.0743756 0.0646390 0.0759281 0.0480749 0.0479381 0.0574107 0.0394876 0.0519326 0.0697278 0.0827589 -0.0063876 -0.0074252 -0.0055068 -0.0211454 -0.0063194 -0.0036999 -0.0067784 0.0029671 -0.0089444 -0.0164505 -0.0174507 -0.0317624 -0.0296896 -0.0101211 -0.0215048 -0.0338274 -0.0426838 -0.0296591 -0.0206699 -0.0201401 -0.0324075 -0.0549846 -0.0406499 -0.0315039 -0.0699651 -0.0307392 -0.0344777 -0.0463354 -0.0593845 -0.0506733 -0.0245596 -0.0238937 -0.0628589 -0.0565156 -0.0632785 -0.0608696 -0.0196316 -0.0346894 -0.0244946
0.0856799 0.1053301 0.0861061 0.0831645 0.4752986 0.0824239 0.0829010 0.0846735 0.0456447 0.0881423 -0.0610524 -0.0856242 -0.0497409 -0.0813539 -0.0484954 -0.0752941 -0.0454224 -0.0641385 -0.0445057 -0.0474040 0.0840343 0.0765171 0.0859103 0.0739492 0.0595277 0.0534822 0.0543531 0.0454890 0.0661362 0.0770084 -0.0205697 -0.0254975 -0.0082874 -0.0269668 -0.0063433 -0.0182554 -0.0120592 -0.0075304 -0.0199196 -0.0116706 -0.0402476 -0.0170826 -0.0318838 -0.0170836 -0.0344198 -0.0297667 -0.0251917 -0.0299821 -0.0207374 -0.0261233 -0.0418099 -0.0363507 -0.0327402 -0.0280333 -0.0630164 -0.0369993 -0.0346748 -0.0479456 -0.0549916 -0.0489558 -0.0272482 -0.0265490 -0.0706516 -0.0548544 -0.0588012 -0.0542965 -0.0237882 -0.0313967 -0.0282171
0.1041700 0.1029358 0.0678488 0.0963350 0.0824239 0.4348830 0.0751223 0.0975390 0.0653530 0.1284883 -0.0881523 -0.0884742 -0.0524403 -0.0822390 -0.0582940 -0.0688454 -0.0530956 -0.0857265 -0.0480666 -0.0514148 0.0669968 0.0581608 0.0643783 0.0504595 0.0310412 0.0472592 0.0498308 0.0571797 0.0620386 0.0760087 -0.0045795 -0.0082820 0.0078451 -0.0017590 0.0042297 0.0116813 -0.0003483 0.0055591 0.0010562 -0.0005566 -0.0229462 -0.0081152 -0.0165227 0.0064884 -0.0118813 -0.0318565 -0.0207642 -0.0190800 -0.0117138 -0.0202081 -0.0483182 -0.0632872 -0.0380924 -0.0296252 -0.0866339 -0.0381338 -0.0467625 -0.0592640 -0.0734888 -0.0572309 -0.0200788 -0.0332657 -0.0796397 -0.0617745 -0.0815573 -0.0698668 -0.0272124 -0.0415783 -0.0240117
0.0953426 0.0712464 0.0785890 0.0822930 0.0829010 0.0751223 0.4143454 0.0838610 0.0657798 0.0808028 -0.0570273 -0.0777999 -0.0185489 -0.0649891 -0.0259276 -0.0672486 -0.0278177 -0.0605618 -0.0315333 -0.0136939 0.0692919 0.0563598 0.0669678 0.0523908 0.0560461 0.0535529 0.0622998 0.0403854 0.0459925 0.0581512 -0.0134017 -0.0299983 -0.0269062 -0.0334350 -0.0404673 -0.0271138 -0.0168085 -0.0212864 -0.0290195 -0.0266548 -0.0414540 -0.0444297 -0.0417866 -0.0233043 -0.0351892 -0.0553803 -0.0458849 -0.0398604 -0.0397352 -0.0456187 -0.0295526 -0.0331513 -0.0117502 -0.0138545 -0.0539915 -0.0168955 -0.0181281 -0.0181502 -0.0536369 -0.0583124 -0.0057794 -0.0189849 -0.0565209 -0.0445534 -0.0389762 -0.0501157 -0.0164214 -0.0080462 -0.0169327
0.1062092 0.0780662 0.1016570 0.0883926 0.0846735 0.0975390 0.0838610 0.4174430 0.0680545 0.0739462 -0.0681248 -0.0551775 -0.0262899 -0.0719762 -0.0410027 -0.0606295 -0.0347663 -0.0693269 -0.0359953 -0.0448369 0.0760840 0.0631405 0.0737454 0.0669450 0.0550579 0.0704325 0.0659749 0.0424994 0.0612824 0.0518754 -0.0218513 -0.0240784 -0.0097601 -0.0214810 -0.0261784 -0.0181709 -0.0219773 -0.0058472 -0.0213109 -0.0158249 -0.0437843 -0.0331909 -0.0327428 -0.0321655 -0.0324114 -0.0426771 -0.0361592 -0.0352858 -0.0373844 -0.0430907 -0.0425837 -0.0581976 -0.0184228 -0.0243061 -0.0629167 -0.0271499 -0.0351528 -0.0234411 -0.0589066 -0.0638121 -0.0165598 -0.0133868 -0.0724068 -0.0387704 -0.0493767 -0.0539592 -0.0292974 -0.0246171 -0.0205770
0.0755482 0.0696184 0.0638442 0.0603179 0.0456447 0.0653530 0.0657798 0.0680545 0.4157024 0.0458103 -0.0692710 -0.0790991 -0.0253996 -0.0795271 -0.0339835 -0.0932760 -0.0444043 -0.0803789 -0.0382379 -0.0274014 0.0450638 0.0412666 0.0506324 0.0539143 0.0519500 0.0611971 0.0471609 0.0510599 0.0549290 0.0476573 0.0028878 0.0089650 0.0184966 0.0110561 0.0065177 0.0105571 0.0018828 0.0121000 -0.0016551 0.0084038 -0.0122935 -0.0002242 -0.0019304 -0.0017731 -0.0116371 -0.0067796 -0.0093099 -0.0041103 0.0051223 -0.0016205 -0.0652742 -0.0518778 -0.0461862 -0.0303886 -0.0595246 -0.0227601 -0.0475013 -0.0413051 -0.0635067 -0.0726350 -0.0218832 -0.0418676 -0.0700198 -0.0751171 -0.0619392 -0.0670122 -0.0262674 -0.0366383 -0.0255754
0.0774173 0.1019060 0.0695985 0.0970352 0.0881423 0.1284883 0.0808028 0.0739462 0.0458103 0.4563074 -0.0816948 -0.0883928 -0.0465769 -0.0753967 -0.0519847 -0.0593569 -0.0574556 -0.0846634 -0.0501021 -0.0246156 0.0493942 0.0533005 0.0686692 0.0609902 0.0623625 0.0559553 0.0454221 0.0649614 0.0952628 0.0920822 -0.0076287 -0.0216766 -0.0092317 -0.0192383 -0.0071480 0.0065149 -0.0056847 -0.0052218 -0.0113559 -0.0143484 -0.0186360 -0.0306245 -0.0247877 -0.0066842 -0.0147193 -0.0367213 -0.0110786 -0.0195096 -0.0165941 -0.0184874 -0.0465052 -0.0744046 -0.0349688 -0.0307364 -0.0773321 -0.0408897 -0.0443506 -0.0629705 -0.0606310 -0.0556743 -0.0194131 -0.0371147 -0.0577651 -0.0625143 -0.0706401 -0.0606684 -0.0254893 -0.0391815 -0.0343666
-0.0697465 -0.0871756 -0.0703056 -0.0795570 -0.0610524 -0.0881523 -0.0570273 -0.0681248 -0.0692710 -0.0816948 0.6007295 0.2393023 0.1677208 0.2680725 0.1872934 0.2753125 0.1805307 0.2568075 0.1694200 0.1399332 -0.0730994 -0.0828930 -0.0911513 -0.0970277 -0.0585623 -0.0579135 -0.0527737 -0.0774250 -0.0692459 -0.0920675 -0.1529220 -0.1565418 -0.1481887 -0.1553375 -0.1597292 -0.1583549 -0.1614115 -0.1604551 -0.1548080 -0.1492857 -0.1678359 -0.1696508 -0.1624141 -0.1811288 -0.1747657 -0.1508554 -0.1682495 -0.1686218 -0.1640906 -0.1713186 0.1656617 0.1365062 0.0767662 0.0560148 0.1717147 0.0721478 0.0739807 0.1017160 0.1801054 0.1894978 0.0682883 0.0742184 0.1756242 0.1865305 0.2007969 0.1601011 0.0597059 0.0720307 0.0609236
-0.0637790 -0.0912728 -0.0670011 -0.0832243 -0.0856242 -0.0884742 -0.0777999 -0.0551775 -0.0790991 -0.0883928 0.2393023 0.5728722 0.1516795 0.2621996 0.1648519 0.2729633 0.1446951 0.2607676 0.1465627 0.1338055 -0.0666845 -0.0783733 -0.0948193 -0.0831452 -0.0481764 -0.0479172 -0.0564707 -0.0986192 -0.0867198 -0.0862277 -0.1504315 -0.1517843 -0.1524591 -0.1470703 -0.1554393 -0.1573243 -0.1508122 -0.1619789 -0.1625321 -0.1641664 -0.1668237 -0.1549933 -0.1605678 -0.1750235 -0.1680369 -0.1351610 -0.1639362 -0.1616718 -0.1642726 -0.1705475 0.1436933 0.1540606 0.0777339 0.0811207 0.1663939 0.0869698 0.0987443 0.1030234 0.1908921 0.1644678 0.0622770 0.0821877 0.1958861 0.1808862 0.1839715 0.1932441 0.0622682 0.0693993 0.0789193
-0.0357333 -0.0571160 -0.0310014 -0.0549064 -0.0497409 -0.0524403 -0.0185489 -0.0262899 -0.0253996 -0.0465769 0.1677208 0.1516795 0.4830056 0.1396173 0.2346188 0.1453428 0.1973470 0.1428341 0.2009970 0.2007007 -0.0377809 -0.0449818 -0.0555113 -0.0602093 -0.0190787 -0.0209343 -0.0211714 -0.0492280 -0.0346004 -0.0496817 -0.1303279 -0.1387804 -0.1325406 -0.1350678 -0.1421661 -0.1439480 -0.1390914 -0.1459299 -0.1408529 -0.1390523 -0.1435405 -0.1538948 -0.1495416 -0.1592303 -0.1519724 -0.1354851 -0.1526985 -0.1491104 -0.1536792 -0.1509004 0.0247845 0.0241889 0.1023489 0.1129438 0.0675170 0.1267728 0.1035333 0.1136210 0.0644363 0.0572337 0.1036637 0.1186425 0.0813607 0.0657862 0.0741380 0.0598603 0.0899153 0.0953548 0.0981600
-0.0612606 -0.0942432 -0.0651172 -0.0639923 -0.0813539 -0.0822390 -0.0649891 -0.0719762 -0.0795271 -0.0753967 0.2680725 0.2621996 0.1396173 0.5992727 0.1404284 0.3003497 0.1482279 0.2588807 0.1533179 0.1428390 -0.0920492 -0.0863981 -0.0909094 -0.0791154 -0.0754775 -0.0410260 -0.0642237 -0.0962413 -0.0665427 -0.0756735 -0.1471810 -0.1416329 -0.1494637 -0.1395828 -0.1526872 -0.1603457 -0.1447887 -0.1591861 -0.1593316 -0.1569385 -0.1608017 -0.1663989 -0.1576580 -0.1770699 -0.1737709 -0.1470546 -0.1653908 -0.1675686 -0.1499705 -0.1734171 0.1554123 0.1387620 0.0641139 0.0650743 0.1913730 0.0845446 0.0783378 0.1039724 0.1661589 0.1662055 0.0772319 0.0732408 0.2065588 0.1606319 0.1729475 0.1697832 0.0589606 0.0716639 0.0618997
-0.0374961 -0.0625498 -0.0546110 -0.0599592 -0.0484954 -0.0582940 -0.0259276 -0.0410027 -0.0339835 -0.0519847 0.1872934 0.1648519 0.2346188 0.1404284 0.4952034 0.1651975 0.1918164 0.1583561 0.2044955 0.2050403 -0.0573176 -0.0523029 -0.0699723 -0.0600452 -0.0354944 -0.0122838 -0.0243741 -0.0549472 -0.0473561 -0.0597332 -0.1437009 -0.1477271 -0.1484589 -0.1475455 -0.1493842 -0.1472753 -0.1488706 -0.1479645 -0.1454619 -0.1523813 -0.1533824 -0.1600880 -0.1587810 -0.1714140 -0.1622843 -0.1375791 -0.1613740 -0.1543833 -0.1571065 -0.1602788 0.0649826 0.0528089 0.1106997 0.1193983 0.0574742 0.1335246 0.1147614 0.1375334 0.0722659 0.0886254 0.1041473 0.1233226 0.1010572 0.0799711 0.0989215 0.0665226 0.0994321 0.1147665 0.1127366
-0.0774463 -0.0962423 -0.0781217 -0.0712403 -0.0752941 -0.0688454 -0.0672486 -0.0606295 -0.0932760 -0.0593569 0.2753125 0.2729633 0.1453428 0.3003497 0.1651975 0.6051104 0.1671817 0.2885161 0.1327429 0.1281913 -0.0930642 -0.0975518 -0.0980647 -0.0970564 -0.0890553 -0.0526327 -0.0764490 -0.0993128 -0.0895891 -0.0921007 -0.1595529 -0.1572755 -0.1495032 -0.1499040 -0.1625709 -0.1608013 -0.1635132 -0.1600906 -0.1575658 -0.1594171 -0.1678768 -0.1673038 -0.1607808 -0.1760224 -0.1737879 -0.1615467 -0.1703511 -0.1743308 -0.1713447 -0.1796741 0.1746688 0.1389033 0.0763353 0.0708627 0.1792800 0.0842117 0.0926132 0.0878290 0.1789307 0.2066842 0.0722269 0.0798552 0.2042958 0.2002890 0.2035086 0.2031629 0.0740107 0.0883613 0.0604315
-0.0427727 -0.0623443 -0.0341387 -0.0444288 -0.0454224 -0.0530956 -0.0278177 -0.0347663 -0.0444043 -0.0574556 0.1805307 0.1446951 0.1973470 0.1482279 0.1918164 0.1671817 0.4882511 0.1595204 0.2058051 0.1971198 -0.0432902 -0.0386312 -0.0699122 -0.0544389 -0.0465509 -0.0256700 -0.0320942 -0.0534653 -0.0469196 -0.0475573 -0.1441943 -0.1427592 -0.1369620 -0.1431234 -0.1509304 -0.1489407 -0.1453803 -0.1432895 -0.1386702 -0.1410328 -0.1437361 -0.1490730 -0.1479718 -0.1602381 -0.1541814 -0.1303953 -0.1499074 -0.1529648 -0.1472579 -0.1482559 0.0708159 0.0415381 0.1180366 0.0878918 0.0614044 0.1131231 0.1097480 0.1105023 0.0717016 0.0849622 0.1063639 0.1006120 0.0729684 0.0882026 0.1024084 0.0640131 0.1063680 0.1213895 0.0995699
-0.0749209 -0.0726596 -0.0681851 -0.0817733 -0.0641385 -0.0857265 -0.0605618 -0.0693269 -0.0803789 -0.0846634 0.2568075 0.2607676 0.1428341 0.2588807 0.1583561 0.2885161 0.1595204 0.5851687 0.1350614 0.1377922 -0.0602242 -0.0763779 -0.0942850 -0.0788186 -0.0740251 -0.0522034 -0.0645549 -0.0959175 -0.0868626 -0.0726250 -0.1615693 -0.1578863 -0.1647801 -0.1583172 -0.1722903 -0.1710301 -0.1546271 -0.1703634 -0.1677844 -0.1722321 -0.1798703 -0.1622018 -0.1704476 -0.1755811 -0.1722508 -0.1590862 -0.1686813 -0.1609161 -0.1611629 -0.1728339 0.1734568 0.1626284 0.0862587 0.0805488 0.1746823 0.0810397 0.1025312 0.0876825 0.1970713 0.2115435 0.0654227 0.0730283 0.1992257 0.1918758 0.1899675 0.1965234 0.0644438 0.0908027 0.0649911
-0.0401136 -0.0501774 -0.0387231 -0.0364621 -0.0445057 -0.0480666 -0.0315333 -0.0359953 -0.0382379 -0.0501021 0.1694200 0.1465627 0.2009970 0.1533179 0.2044955 0.1327429 0.2058051 0.1350614 0.5039417 0.1855530 -0.0479522 -0.0456015 -0.0640413 -0.0352527 -0.0339609 -0.0095838 -0.0272027 -0.0540877 -0.0140028 -0.0508659 -0.1310531 -0.1378271 -0.1223865 -0.1256492 -0.1237150 -0.1387017 -0.1326323 -0.1291785 -0.1437938 -0.1454168 -0.1350073 -0.1511350 -0.1432464 -0.1620586 -0.1495322 -0.1201783 -0.1410292 -0.1458554 -0.1436478 -0.1445647 0.0343752 0.0256333 0.1080989 0.1010522 0.0494962 0.1268279 0.1048578 0.1105421 0.0373411 0.0638758 0.0936093 0.1197941 0.0819646 0.0329203 0.0784791 0.0618486 0.0963344 0.1120659 0.0862189
-0.0250124 -0.0386474 -0.0438438 -0.0472953 -0.0474040 -0.0514148 -0.0136939 -0.0448369 -0.0274014 -0.0246156 0.1399332 0.1338055 0.2007007 0.1428390 0.2050403 0.1281913 0.1971198 0.1377922 0.1855530 0.4889943 -0.0431134 -0.0532620 -0.0486764 -0.0484879 -0.0147962 -0.0252541 -0.0171186 -0.0323717 -0.0352270 -0.0265794 -0.1281665 -0.1343229 -0.1375798 -0.1260189 -0.1234014 -0.1396165 -0.1364115 -0.1331840 -0.1445178 -0.1365038 -0.1376108 -0.1284226 -0.1457953 -0.1482182 -0.1455750 -0.1210399 -0.1336035 -0.1428969 -0.1437356 -0.1489277 0.0209167 0.0202441 0.0924999 0.1089400 0.0599745 0.1192992 0.1050282 0.1151612 0.0654073 0.0571121 0.1161353 0.0939386 0.0830328 0.0356781 0.0481440 0.0497835 0.0852261 0.1067166 0.0831701
0.0722030 0.0669871 0.0714588 0.0743756 0.0840343 0.0669968 0.0692919 0.0760840 0.0450638 0.0493942 -0.0730994 -0.0666845 -0.0377809 -0.0920492 -0.0573176 -0.0930642 -0.0432902 -0.0602242 -0.0479522 -0.0431134 0.4821402 0.1290721 0.1715430 0.1270423 0.0666500 0.0472700 0.0856683 0.0403050 0.0815411 0.1192410 -0.0355697 -0.0456116 -0.0415616 -0.0489636 -0.0331810 -0.0322661 -0.0215558 -0.0331512 -0.0404517 -0.0433258 -0.0033793 0.0209067 -0.0072279 0.0460774 0.0319345 -0.0337970 0.0098031 0.0040599 -0.0021654 0.0154909 -0.0690568 -0.0258141 -0.0424561 -0.0424571 -0.0729046 -0.0481158 -0.0361001 -0.0427483 -0.0691589 -0.0860895 -0.0303121 -0.0429022 -0.0801732 -0.0748670 -0.0822577 -0.0849609 -0.0545300 -0.0443569 -0.0316854
0.0597149 0.0471219 0.0685970 0.0646390 0.0765171 0.0581608 0.0563598 0.0631405 0.0412666 0.0533005 -0.0828930 -0.0783733 -0.0449818 -0.0863981 -0.0523029 -0.0975518 -0.0386312 -0.0763779 -0.0456015 -0.0532620 0.1290721 0.4465877 0.1129632 0.1245145 0.0857147 0.0752321 0.1046825 0.0763623 0.1145466 0.1310181 -0.0412522 -0.0509098 -0.0424250 -0.0534050 -0.0416988 -0.0406909 -0.0396282 -0.0381892 -0.0468597 -0.0497467 0.0279609 0.0197167 0.0063751 0.0135254 0.0216291 -0.0113070 0.0158801 0.0180485 0.0079631 0.0133323 -0.0599668 -0.0479401 -0.0417016 -0.0351587 -0.0683970 -0.0337145 -0.0430330 -0.0507581 -0.0704028 -0.0687586 -0.0393429 -0.0306118 -0.0660018 -0.0627424 -0.0699742 -0.0768922 -0.0395107 -0.0418485 -0.0251953
0.0892554 0.0869958 0.0640612 0.0759281 0.0859103 0.0643783 0.0669678 0.0737454 0.0506324 0.0686692 -0.0911513 -0.0948193 -0.0555113 -0.0909094 -0.0699723 -0.0980647 -0.0699122 -0.0942850 -0.0640413 -0.0486764 0.1715430 0.1129632 0.5280926 0.1035119 0.0770313 0.0494547 0.0746973 0.0387380 0.0944182 0.1154596 -0.0260487 -0.0322804 -0.0284613 -0.0293973 -0.0229797 -0.0273511 -0.0212261 -0.0201317 -0.0336829 -0.0316204 -0.0035492 0.0431753 -0.0073318 0.0920372 0.0250501 -0.0380779 0.0027708 0.0097476 -0.0015879 0.0072904 -0.0815952 -0.0670154 -0.0445597 -0.0337071 -0.0749386 -0.0419410 -0.0439031 -0.0441306 -0.0808496 -0.0888633 -0.0246674 -0.0433814 -0.0958215 -0.0797270 -0.0782927 -0.0790217 -0.0420929 -0.0352365 -0.0308299
0.0712162 0.0712246 0.0643998 0.0480749 0.0739492 0.0504595 0.0523908 0.0669450 0.0539143 0.0609902 -0.0970277 -0.0831452 -0.0602093 -0.0791154 -0.0600452 -0.0970564 -0.0544389 -0.0788186 -0.0352527 -0.0484879 0.1270423 0.1245145 0.1035119 0.4587053 0.0928672 0.1022179 0.1167511 0.0754981 0.1219588 0.1329103 -0.0261455 -0.0380088 -0.0307599 -0.0361334 -0.0237047 -0.0419131 -0.0155821 -0.0251812 -0.0402423 -0.0383022 0.0233363 0.0166498 0.0267553 0.0204142 0.0243234 0.0225697 0.0384661 0.0197483 0.0260215 0.0471988 -0.0874496 -0.0612525 -0.0577388 -0.0558205 -0.0850299 -0.0512983 -0.0557026 -0.0522379 -0.0883850 -0.1007731 -0.0565262 -0.0578142 -0.0786937 -0.0945117 -0.0849231 -0.0725059 -0.0419280 -0.0535783 -0.0420162
0.0754180 0.0698308 0.0557503 0.0479381 0.0595277 0.0310412 0.0560461 0.0550579 0.0519500 0.0623625 -0.0585623 -0.0481764 -0.0190787 -0.0754775 -0.0354944 -0.0890553 -0.0465509 -0.0740251 -0.0339609 -0.0147962 0.0666500 0.0857147 0.0770313 0.0928672 0.4466644 0.1087007 0.1073482 0.0944760 0.1307463 0.1021717 -0.0255102 -0.0462294 -0.0403311 -0.0395506 -0.0327415 -0.0270116 -0.0354770 -0.0318112 -0.0408857 -0.0308669 0.0080374 -0.0300170 -0.0126297 -0.0282260 -0.0269460 0.0071485 -0.0035180 -0.0176767 -0.0094982 -0.0034127 -0.0571780 -0.0489134 -0.0443250 -0.0371795 -0.0600991 -0.0430851 -0.0306584 -0.0313193 -0.0401642 -0.0642952 -0.0242756 -0.0380409 -0.0484931 -0.0650603 -0.0642237 -0.0665039 -0.0409718 -0.0488878 -0.0271636
0.0827470 0.0529335 0.0629080 0.0574107 0.0534822 0.0472592 0.0535529 0.0704325 0.0611971 0.0559553 -0.0579135 -0.0479172 -0.0209343 -0.0410260 -0.0122838 -0.0526327 -0.0256700 -0.0522034 -0.0095838 -0.0252541 0.0472700 0.0752321 0.0494547 0.1022179 0.1087007 0.4224347 0.0897332 0.0758299 0.0997569 0.0815586 -0.0208138 -0.0401450 -0.0378651 -0.0393219 -0.0456611 -0.0415195 -0.0343838 -0.0359577 -0.0469266 -0.0525236 -0.0235502 -0.0470881 -0.0204565 -0.0642156 -0.0368010 0.0008062 -0.0204046 -0.0267328 -0.0269207 -0.0324026 -0.0492022 -0.0366462 -0.0340171 -0.0220727 -0.0553537 -0.0201784 -0.0141677 -0.0255465 -0.0718049 -0.0628865 -0.0261971 -0.0271287 -0.0494481 -0.0498236 -0.0506069 -0.0416797 -0.0189636 -0.0277792 -0.0141933
0.0726223 0.0433310 0.0537254 0.0394876 0.0543531 0.0498308 0.0622998 0.0659749 0.0471609 0.0454221 -0.0527737 -0.0564707 -0.0211714 -0.0642237 -0.0243741 -0.0764490 -0.0320942 -0.0645549 -0.0272027 -0.0171186 0.0856683 0.1046825 0.0746973 0.1167511 0.1073482 0.0897332 0.4191151 0.0783451 0.1274205 0.0966698 -0.0291690 -0.0466387 -0.0428312 -0.0554715 -0.0422876 -0.0425411 -0.0489097 -0.0332507 -0.0405907 -0.0351857 -0.0045111 -0.0221930 -0.0048545 -0.0304034 -0.0200727 -0.0038141 0.0046091 -0.0164273 -0.0078680 -0.0088322 -0.0554351 -0.0491665 -0.0222245 -0.0253453 -0.0711181 -0.0293245 -0.0259507 -0.0315973 -0.0606307 -0.0808735 -0.0314099 -0.0254673 -0.0645432 -0.0647553 -0.0594340 -0.0553822 -0.0377456 -0.0227378 -0.0214455
0.0518253 0.0593683 0.0441140 0.0519326 0.0454890 0.0571797 0.0403854 0.0424994 0.0510599 0.0649614 -0.0774250 -0.0986192 -0.0492280 -0.0962413 -0.0549472 -0.0993128 -0.0534653 -0.0959175 -0.0540877 -0.0323717 0.0403050 0.0763623 0.0387380 0.0754981 0.0944760 0.0758299 0.0783451 0.4325317 0.1075486 0.0878400 0.0062042 0.0050000 0.0057580 0.0114438 0.0171015 0.0211021 0.0161244 0.0111228 0.0092593 0.0091991 0.0453618 0.0201520 0.0342751 0.0094418 0.0200403 0.0560921 0.0427986 0.0312446 0.0359554 0.0349471 -0.0783549 -0.0916653 -0.0495477 -0.0632216 -0.0940648 -0.0656154 -0.0609559 -0.0583831 -0.0951734 -0.0840143 -0.0536033 -0.0585692 -0.0834630 -0.0920022 -0.0824616 -0.0706303 -0.0484295 -0.0466569 -0.0472998
0.0715532 0.0698186 0.0555357 0.0697278 0.0661362 0.0620386 0.0459925 0.0612824 0.0549290 0.0952628 -0.0692459 -0.0867198 -0.0346004 -0.0665427 -0.0473561 -0.0895891 -0.0469196 -0.0868626 -0.0140028 -0.0352270 0.0815411 0.1145466 0.0944182 0.1219588 0.1307463 0.0997569 0.1274205 0.1075486 0.4702893 0.1337193 -0.0372758 -0.0510360 -0.0449637 -0.0544719 -0.0314519 -0.0238534 -0.0438722 -0.0341861 -0.0525487 -0.0388350 0.0133398 -0.0171959 0.0006509 -0.0158104 -0.0181968 0.0017060 0.0017600 -0.0080989 0.0072246 0.0037684 -0.0748222 -0.0700679 -0.0499418 -0.0458314 -0.0744054 -0.0246099 -0.0428388 -0.0514475 -0.0866005 -0.0763831 -0.0348588 -0.0196798 -0.0617505 -0.0888736 -0.0836199 -0.0669064 -0.0471431 -0.0384870 -0.0295320
0.0730964 0.0713245 0.0451706 0.0827589 0.0770084 0.0760087 0.0581512 0.0518754 0.0476573 0.0920822 -0.0920675 -0.0862277 -0.0496817 -0.0756735 -0.0597332 -0.0921007 -0.0475573 -0.0726250 -0.0508659 -0.0265794 0.1192410 0.1310181 0.1154596 0.1329103 0.1021717 0.0815586 0.0966698 0.0878400 0.1337193 0.4662023 -0.0338767 -0.0473690 -0.0431851 -0.0456423 -0.0345387 -0.0386498 -0.0283552 -0.0364616 -0.0460736 -0.0449861 0.0127709 0.0109181 0.0088022 0.0315899 0.0149162 -0.0135831 0.0142538 0.0095052 0.0119951 0.0290421 -0.0716328 -0.0571263 -0.0526560 -0.0471817 -0.0773298 -0.0511413 -0.0411779 -0.0555070 -0.0838790 -0.0715316 -0.0503464 -0.0485674 -0.0639682 -0.0983965 -0.0914813 -0.0877744 -0.0293590 -0.0535161 -0.0402890
-0.0236077 -0.0044353 -0.0071310 -0.0063876 -0.0205697 -0.0045795 -0.0134017 -0.0218513 0.0028878 -0.0076287 -0.1529220 -0.1504315 -0.1303279 -0.1471810 -0.1437009 -0.1595529 -0.1441943 -0.1615693 -0.1310531 -0.1281665 -0.0355697 -0.0412522 -0.0260487 -0.0261455 -0.0255102 -0.0208138 -0.0291690 0.0062042 -0.0372758 -0.0338767 0.4785521 0.2119315 0.2083623 0.2150812 0.2123567 0.2125522 0.2006700 0.2113226 0.2277105 0.2258427 0.1890166 0.1685846 0.1935832 0.1776532 0.2063020 0.1897381 0.1910239 0.1961456 0.1846658 0.1821785 -0.1292065 -0.1283022 -0.1158770 -0.1217539 -0.1288235 -0.1241911 -0.1192280 -0.1229171 -0.1324093 -0.1377703 -0.1213510 -0.1271639 -0.1476345 -0.1387469 -0.1449628 -0.1475940 -0.1138148 -0.1309032 -0.1189078
-0.0281304 -0.0026279 -0.0137785 -0.0074252 -0.0254975 -0.0082820 -0.0299983 -0.0240784 0.0089650 -0.0216766 -0.1565418 -0.1517843 -0.1387804 -0.1416329 -0.1477271 -0.1572755 -0.1427592 -0.1578863 -0.1378271 -0.1343229 -0.0456116 -0.0509098 -0.0322804 -0.0380088 -0.0462294 -0.0401450 -0.0466387 0.0050000 -0.0510360 -0.0473690 0.2119315 0.5057905 0.2355384 0.2380473 0.2232919 0.2243114 0.2204245 0.2317333 0.2397906 0.2362768 0.1801261 0.1845049 0.1921017 0.1974148 0.1894642 0.1923009 0.1780542 0.1935356 0.1824769 0.1986219 -0.1305919 -0.1286172 -0.1195298 -0.1156329 -0.1293418 -0.1246802 -0.1189164 -0.1168321 -0.1318934 -0.1344543 -0.1214919 -0.1247036 -0.1381714 -0.1381498 -0.1406770 -0.1378484 -0.1129599 -0.1171016 -0.1133844
-0.0288063 0.0145027 -0.0221241 -0.0055068 -0.0082874 0.0078451 -0.0269062 -0.0097601 0.0184966 -0.0092317 -0.1481887 -0.1524591 -0.1325406 -0.1494637 -0.1484589 -0.1495032 -0.1369620 -0.1647801 -0.1223865 -0.1375798 -0.0415616 -0.0424250 -0.0284613 -0.0307599 -0.0403311 -0.0378651 -0.0428312 0.0057580 -0.0449637 -0.0431851 0.2083623 0.2355384 0.5084340 0.2270202 0.2190329 0.2187930 0.2170232 0.2175473 0.2326249 0.2402848 0.1746001 0.1654613 0.2053650 0.1936246 0.1733900 0.2013238 0.1778261 0.2013060 0.1819225 0.2001621 -0.1103832 -0.1317289 -0.1238195 -0.1254139 -0.1352182 -0.1353507 -0.1309660 -0.1297065 -0.1398818 -0.1359321 -0.1292341 -0.1353890 -0.1539014 -0.1412100 -0.1458232 -0.1448479 -0.1052570 -0.1282256 -0.1184328
-0.0208415 0.0087543 -0.0221918 -0.0211454 -0.0269668 -0.0017590 -0.0334350 -0.0214810 0.0110561 -0.0192383 -0.1553375 -0.1470703 -0.1350678 -0.1395828 -0.1475455 -0.1499040 -0.1431234 -0.1583172 -0.1256492 -0.1260189 -0.0489636 -0.0534050 -0.0293973 -0.0361334 -0.0395506 -0.0393219 -0.0554715 0.0114438 -0.0544719 -0.0456423 0.2150812 0.2380473 0.2270202 0.4972338 0.2241707 0.2208305 0.2106662 0.2269251 0.2370623 0.2261644 0.1766434 0.1832713 0.1858077 0.1890873 0.1820913 0.2054124 0.1854156 0.1996017 0.1847273 0.1678142 -0.1275874 -0.1386731 -0.1190036 -0.1074070 -0.1281631 -0.1300505 -0.1081150 -0.1155186 -0.1348199 -0.1345686 -0.1160973 -0.1267849 -0.1370605 -0.1381874 -0.1409820 -0.1328644 -0.1008151 -0.1218239 -0.1201542
-0.0273392 0.0029896 -0.0212165 -0.0063194 -0.0063433 0.0042297 -0.0404673 -0.0261784 0.0065177 -0.0071480 -0.1597292 -0.1554393 -0.1421661 -0.1526872 -0.1493842 -0.1625709 -0.1509304 -0.1722903 -0.1237150 -0.1234014 -0.0331810 -0.0416988 -0.0229797 -0.0237047 -0.0327415 -0.0456611 -0.0422876 0.0171015 -0.0314519 -0.0345387 0.2123567 0.2232919 0.2190329 0.2241707 0.5255903 0.2302749 0.2079275 0.2268194 0.2185763 0.2428433 0.1976216 0.2161887 0.1972581 0.2015676 0.1975184 0.2127866 0.2117786 0.2020983 0.1972838 0.1976226 -0.1406025 -0.1279782 -0.1248735 -0.1303968 -0.1261130 -0.1358846 -0.1367532 -0.1376117 -0.1344629 -0.1489500 -0.1265007 -0.1288160 -0.1534505 -0.1467105 -0.1544136 -0.1607407 -0.1258485 -0.1318878 -0.1344871
-0.0310957 0.0015098 -0.0224505 -0.0036999 -0.0182554 0.0116813 -0.0271138 -0.0181709 0.0105571 0.0065149 -0.1583549 -0.1573243 -0.1439480 -0.1603457 -0.1472753 -0.1608013 -0.1489407 -0.1710301 -0.1387017 -0.1396165 -0.0322661 -0.0406909 -0.0273511 -0.0419131 -0.0270116 -0.0415195 -0.0425411 0.0211021 -0.0238534 -0.0386498 0.2125522 0.2243114 0.2187930 0.2208305 0.2302749 0.5241736 0.2209745 0.2407196 0.2273761 0.2369793 0.2016136 0.1978078 0.1996854 0.2040913 0.2103200 0.2046321 0.2041327 0.2103652 0.2052328 0.1985717 -0.1400774 -0.1423569 -0.1321505 -0.1339717 -0.1461248 -0.1466236 -0.1412516 -0.1374234 -0.1359353 -0.1422654 -0.1292444 -0.1322644 -0.1500279 -0.1431142 -0.1535298 -0.1491615 -0.1182394 -0.1274109 -0.1309807
-0.0279504 0.0230993 -0.0186293 -0.0067784 -0.0120592 -0.0003483 -0.0168085 -0.0219773 0.0018828 -0.0056847 -0.1614115 -0.1508122 -0.1390914 -0.1447887 -0.1488706 -0.1635132 -0.1453803 -0.1546271 -0.1326323 -0.1364115 -0.0215558 -0.0396282 -0.0212261 -0.0155821 -0.0354770 -0.0343838 -0.0489097 0.0161244 -0.0438722 -0.0283552 0.2006700 0.2204245 0.2170232 0.2106662 0.2079275 0.2209745 0.5065429 0.2032218 0.2124313 0.2100928 0.1820022 0.1788364 0.2025612 0.2042213 0.1937062 0.1949907 0.1753836 0.2129709 0.2031606 0.1973438 -0.1251341 -0.1166250 -0.1215713 -0.1214553 -0.1320021 -0.1406462 -0.1257269 -0.1183226 -0.1437517 -0.1359719 -0.1238931 -0.1287519 -0.1421506 -0.1518838 -0.1498398 -0.1467045 -0.1059934 -0.1304490 -0.1170421
-0.0289680 0.0231341 -0.0080348 0.0029671 -0.0075304 0.0055591 -0.0212864 -0.0058472 0.0121000 -0.0052218 -0.1604551 -0.1619789 -0.1459299 -0.1591861 -0.1479645 -0.1600906 -0.1432895 -0.1703634 -0.1291785 -0.1331840 -0.0331512 -0.0381892 -0.0201317 -0.0251812 -0.0318112 -0.0359577 -0.0332507 0.0111228 -0.0341861 -0.0364616 0.2113226 0.2317333 0.2175473 0.2269251 0.2268194 0.2407196 0.2032218 0.5262368 0.2339956 0.2323661 0.1868414 0.1794272 0.1905600 0.1876634 0.1934090 0.1970295 0.1921786 0.1846420 0.1904408 0.1901049 -0.1266716 -0.1296996 -0.1296670 -0.1226161 -0.1460229 -0.1436275 -0.1359822 -0.1280982 -0.1389271 -0.1423594 -0.1328372 -0.1260721 -0.1542869 -0.1428248 -0.1514422 -0.1514577 -0.1185739 -0.1274348 -0.1182262
-0.0296866 0.0023436 -0.0119383 -0.0089444 -0.0199196 0.0010562 -0.0290195 -0.0213109 -0.0016551 -0.0113559 -0.1548080 -0.1625321 -0.1408529 -0.1593316 -0.1454619 -0.1575658 -0.1386702 -0.1677844 -0.1437938 -0.1445178 -0.0404517 -0.0468597 -0.0336829 -0.0402423 -0.0408857 -0.0469266 -0.0405907 0.0092593 -0.0525487 -0.0460736 0.2277105 0.2397906 0.2326249 0.2370623 0.2185763 0.2273761 0.2124313 0.2339956 0.5156760 0.2544617 0.1912867 0.1855835 0.1868981 0.2014085 0.2051039 0.2012048 0.1888068 0.1915763 0.1766821 0.2010688 -0.1165434 -0.1293481 -0.1243288 -0.1209289 -0.1440259 -0.1323835 -0.1194592 -0.1157915 -0.1392003 -0.1376431 -0.1193332 -0.1230069 -0.1455698 -0.1394289 -0.1481359 -0.1403710 -0.1133038 -0.1211947 -0.1229405
-0.0308726 -0.0044853 -0.0185624 -0.0164505 -0.0116706 -0.0005566 -0.0266548 -0.0158249 0.0084038 -0.0143484 -0.1492857 -0.1641664 -0.1390523 -0.1569385 -0.1523813 -0.1594171 -0.1410328 -0.1722321 -0.1454168 -0.1365038 -0.0433258 -0.0497467 -0.0316204 -0.0383022 -0.0308669 -0.0525236 -0.0351857 0.0091991 -0.0388350 -0.0449861 0.2258427 0.2362768 0.2402848 0.2261644 0.2428433 0.2369793 0.2100928 0.2323661 0.2544617 0.4980043 0.2032160 0.1973605 0.2014262 0.2044341 0.1957488 0.2094451 0.1978249 0.1963187 0.1873410 0.1989603 -0.1340906 -0.1367076 -0.1240183 -0.1241249 -0.1430463 -0.1418722 -0.1307823 -0.1283290 -0.1332256 -0.1409287 -0.1312081 -0.1346468 -0.1496682 -0.1420872 -0.1449023 -0.1517908 -0.1186062 -0.1206564 -0.1224916
-0.0477148 -0.0249732 -0.0415661 -0.0174507 -0.0402476 -0.0229462 -0.0414540 -0.0437843 -0.0122935 -0.0186360 -0.1678359 -0.1668237 -0.1435405 -0.1608017 -0.1533824 -0.1678768 -0.1437361 -0.1798703 -0.1350073 -0.1376108 -0.0033793 0.0279609 -0.0035492 0.0233363 0.0080374 -0.0235502 -0.0045111 0.0453618 0.0133398 0.0127709 0.1890166 0.1801261 0.1746001 0.1766434 0.1976216 0.2016136 0.1820022 0.1868414 0.1912867 0.2032160 0.5302632 0.2266307 0.2337043 0.2129750 0.2542174 0.2374814 0.2506255 0.2322179 0.2436937 0.2523477 -0.1397053 -0.1352316 -0.1424454 -0.1404401 -0.1386572 -0.1483063 -0.1429829 -0.1402785 -0.1429251 -0.1510775 -0.1435619 -0.1360815 -0.1419064 -0.1530607 -0.1574525 -0.1671557 -0.1275187 -0.1398918 -0.1340211
-0.0276175 -0.0036783 -0.0248500 -0.0317624 -0.0170826 -0.0081152 -0.0444297 -0.0331909 -0.0002242 -0.0306245 -0.1696508 -0.1549933 -0.1538948 -0.1663989 -0.1600880 -0.1673038 -0.1490730 -0.1622018 -0.1511350 -0.1284226 0.0209067 0.0197167 0.0431753 0.0166498 -0.0300170 -0.0470881 -0.0221930 0.0201520 -0.0171959 0.0109181 0.1685846 0.1845049 0.1654613 0.1832713 0.2161887 0.1978078 0.1788364 0.1794272 0.1855835 0.1973605 0.2266307 0.5358639 0.2269003 0.2552883 0.2281326 0.1954198 0.2465172 0.2268298 0.2266718 0.2239152 -0.1330364 -0.1368883 -0.1262202 -0.1336467 -0.1295787 -0.1487138 -0.1302322 -0.1297405 -0.1323772 -0.1498930 -0.1274062 -0.1406502 -0.1576235 -0.1519123 -0.1464626 -0.1698258 -0.1250250 -0.1340917 -0.1219694
-0.0509790 -0.0100772 -0.0337756 -0.0296896 -0.0318838 -0.0165227 -0.0417866 -0.0327428 -0.0019304 -0.0247877 -0.1624141 -0.1605678 -0.1495416 -0.1576580 -0.1587810 -0.1607808 -0.1479718 -0.1704476 -0.1432464 -0.1457953 -0.0072279 0.0063751 -0.0073318 0.0267553 -0.0126297 -0.0204565 -0.0048545 0.0342751 0.0006509 0.0088022 0.1935832 0.1921017 0.2053650 0.1858077 0.1972581 0.1996854 0.2025612 0.1905600 0.1868981 0.2014262 0.2337043 0.2269003 0.5358919 0.2173551 0.2449812 0.2374714 0.2506712 0.2347100 0.2477320 0.2526845 -0.1385723 -0.1274617 -0.1350643 -0.1504777 -0.1393053 -0.1489118 -0.1511992 -0.1389245 -0.1506580 -0.1602758 -0.1386343 -0.1492456 -0.1580373 -0.1553965 -0.1543372 -0.1703134 -0.1205013 -0.1480576 -0.1332286
-0.0377219 0.0168776 -0.0286918 -0.0101211 -0.0170836 0.0064884 -0.0233043 -0.0321655 -0.0017731 -0.0066842 -0.1811288 -0.1750235 -0.1592303 -0.1770699 -0.1714140 -0.1760224 -0.1602381 -0.1755811 -0.1620586 -0.1482182 0.0460774 0.0135254 0.0920372 0.0204142 -0.0282260 -0.0642156 -0.0304034 0.0094418 -0.0158104 0.0315899 0.1776532 0.1974148 0.1936246 0.1890873 0.2015676 0.2040913 0.2042213 0.1876634 0.2014085 0.2044341 0.2129750 0.2552883 0.2173551 0.5769882 0.2447609 0.1832037 0.2266638 0.2359791 0.2171273 0.2584901 -0.1439413 -0.1334058 -0.1408936 -0.1260858 -0.1468780 -0.1460874 -0.1428168 -0.1376835 -0.1520987 -0.1526306 -0.1312135 -0.1405316 -0.1619658 -0.1621056 -0.1745279 -0.1666788 -0.1263666 -0.1400644 -0.1289779
-0.0416012 -0.0125089 -0.0259309 -0.0215048 -0.0344198 -0.0118813 -0.0351892 -0.0324114 -0.0116371 -0.0147193 -0.1747657 -0.1680369 -0.1519724 -0.1737709 -0.1622843 -0.1737879 -0.1541814 -0.1722508 -0.1495322 -0.1455750 0.0319345 0.0216291 0.0250501 0.0243234 -0.0269460 -0.0368010 -0.0200727 0.0200403 -0.0181968 0.0149162 0.2063020 0.1894642 0.1733900 0.1820913 0.1975184 0.2103200 0.1937062 0.1934090 0.2051039 0.1957488 0.2542174 0.2281326 0.2449812 0.2447609 0.5547792 0.2197417 0.2437972 0.2462854 0.2371324 0.2531998 -0.1519777 -0.1247022 -0.1410132 -0.1373509 -0.1541952 -0.1539634 -0.1417332 -0.1394038 -0.1497316 -0.1588084 -0.1345431 -0.1402707 -0.1530909 -0.1595667 -0.1670412 -0.1701242 -0.1198671 -0.1440554 -0.1253472
-0.0484547 -0.0104090 -0.0310576 -0.0338274 -0.0297667 -0.0318565 -0.0553803 -0.0426771 -0.0067796 -0.0367213 -0.1508554 -0.1351610 -0.1354851 -0.1470546 -0.1375791 -0.1615467 -0.1303953 -0.1590862 -0.1201783 -0.1210399 -0.0337970 -0.0113070 -0.0380779 0.0225697 0.0071485 0.0008062 -0.0038141 0.0560921 0.0017060 -0.0135831 0.1897381 0.1923009 0.2013238 0.2054124 0.2127866 0.2046321 0.1949907 0.1970295 0.2012048 0.2094451 0.2374814 0.1954198 0.2374714 0.1832037 0.2197417 0.5329642 0.2346866 0.2333561 0.2304276 0.2289441 -0.1356658 -0.1425512 -0.1334507 -0.1432675 -0.1433831 -0.1504718 -0.1442887 -0.1334823 -0.1437981 -0.1559934 -0.1389647 -0.1373133 -0.1467175 -0.1621769 -0.1596961 -0.1675084 -0.1308559 -0.1463274 -0.1331972
-0.0377213 -0.0112145 -0.0249513 -0.0426838 -0.0251917 -0.0207642 -0.0458849 -0.0361592 -0.0093099 -0.0110786 -0.1682495 -0.1639362 -0.1526985 -0.1653908 -0.1613740 -0.1703511 -0.1499074 -0.1686813 -0.1410292 -0.1336035 0.0098031 0.0158801 0.0027708 0.0384661 -0.0035180 -0.0204046 0.0046091 0.0427986 0.0017600 0.0142538 0.1910239 0.1780542 0.1778261 0.1854156 0.2117786 0.2041327 0.1753836 0.1921786 0.1888068 0.1978249 0.2506255 0.2465172 0.2506712 0.2266638 0.2437972 0.2346866 0.5349085 0.2489842 0.2528968 0.2490172 -0.1545910 -0.1460737 -0.1331854 -0.1418598 -0.1513521 -0.1527028 -0.1409813 -0.1406465 -0.1504726 -0.1628475 -0.1348651 -0.1524342 -0.1527181 -0.1640493 -0.1670818 -0.1706969 -0.1302795 -0.1483898 -0.1430051
-0.0509023 -0.0120238 -0.0314652 -0.0296591 -0.0299821 -0.0190800 -0.0398604 -0.0352858 -0.0041103 -0.0195096 -0.1686218 -0.1616718 -0.1491104 -0.1675686 -0.1543833 -0.1743308 -0.1529648 -0.1609161 -0.1458554 -0.1428969 0.0040599 0.0180485 0.0097476 0.0197483 -0.0176767 -0.0267328 -0.0164273 0.0312446 -0.0080989 0.0095052 0.1961456 0.1935356 0.2013060 0.1996017 0.2020983 0.2103652 0.2129709 0.1846420 0.1915763 0.1963187 0.2322179 0.2268298 0.2347100 0.2359791 0.2462854 0.2333561 0.2489842 0.5463756 0.2305910 0.2441069 -0.1435052 -0.1368537 -0.1351929 -0.1461971 -0.1391192 -0.1555796 -0.1355023 -0.1439889 -0.1566742 -0.1452625 -0.1424287 -0.1456212 -0.1536548 -0.1599669 -0.1630558 -0.1682079 -0.1176914 -0.1464240 -0.1375042
-0.0425201 0.0016069 -0.0372272 -0.0206699 -0.0207374 -0.0117138 -0.0397352 -0.0373844 0.0051223 -0.0165941 -0.1640906 -0.1642726 -0.1536792 -0.1499705 -0.1571065 -0.1713447 -0.1472579 -0.1611629 -0.1436478 -0.1437356 -0.0021654 0.0079631 -0.0015879 0.0260215 -0.0094982 -0.0269207 -0.0078680 0.0359554 0.0072246 0.0119951 0.1846658 0.1824769 0.1819225 0.1847273 0.1972838 0.2052328 0.2031606 0.1904408 0.1766821 0.1873410 0.2436937 0.2266718 0.2477320 0.2171273 0.2371324 0.2304276 0.2528968 0.2305910 0.5302978 0.2537533 -0.1346223 -0.1282630 -0.1382328 -0.1381370 -0.1488520 -0.1468696 -0.1431582 -0.1400626 -0.1440234 -0.1534537 -0.1381374 -0.1545642 -0.1506199 -0.1660954 -0.1694879 -0.1682156 -0.1251052 -0.1508249 -0.1254794
-0.0503270 -0.0066374 -0.0395604 -0.0201401 -0.0261233 -0.0202081 -0.0456187 -0.0430907 -0.0016205 -0.0184874 -0.1713186 -0.1705475 -0.1509004 -0.1734171 -0.1602788 -0.1796741 -0.1482559 -0.1728339 -0.1445647 -0.1489277 0.0154909 0.0133323 0.0072904 0.0471988 -0.0034127 -0.0324026 -0.0088322 0.0349471 0.0037684 0.0290421 0.1821785 0.1986219 0.2001621 0.1678142 0.1976226 0.1985717 0.1973438 0.1901049 0.2010688 0.1989603 0.2523477 0.2239152 0.2526845 0.2584901 0.2531998 0.2289441 0.2490172 0.2441069 0.2537533 0.5559077 -0.1406914 -0.1398796 -0.1486431 -0.1401610 -0.1537460 -0.1505611 -0.1503520 -0.1477832 -0.1551775 -0.1581587 -0.1393116 -0.1482329 -0.1578760 -0.1654071 -0.1702090 -0.1748588 -0.1228601 -0.1475295 -0.1360059
-0.0466097 -0.0592491 -0.0444643 -0.0324075 -0.0418099 -0.0483182 -0.0295526 -0.0425837 -0.0652742 -0.0465052 0.1656617 0.1436933 0.0247845 0.1554123 0.0649826 0.1746688 0.0708159 0.1734568 0.0343752 0.0209167 -0.0690568 -0.0599668 -0.0815952 -0.0874496 -0.0571780 -0.0492022 -0.0554351 -0.0783549 -0.0748222 -0.0716328 -0.1292065 -0.1305919 -0.1103832 -0.1275874 -0.1406025 -0.1400774 -0.1251341 -0.1266716 -0.1165434 -0.1340906 -0.1397053 -0.1330364 -0.1385723 -0.1439413 -0.1519777 -0.1356658 -0.1545910 -0.1435052 -0.1346223 -0.1406914 0.6555473 0.2312615 0.0900593 0.0500191 0.1812169 0.0691409 0.0707432 0.0758042 0.1790229 0.1976917 0.0491173 0.0692625 0.1743739 0.1917172 0.2024773 0.1823981 0.0719748 0.0789900 0.0917764
-0.0399630 -0.0718219 -0.0367300 -0.0549846 -0.0363507 -0.0632872 -0.0331513 -0.0581976 -0.0518778 -0.0744046 0.1365062 0.1540606 0.0241889 0.1387620 0.0528089 0.1389033 0.0415381 0.1626284 0.0256333 0.0202441 -0.0258141 -0.0479401 -0.0670154 -0.0612525 -0.0489134 -0.0366462 -0.0491665 -0.0916653 -0.0700679 -0.0571263 -0.1283022 -0.1286172 -0.1317289 -0.1386731 -0.1279782 -0.1423569 -0.1166250 -0.1296996 -0.1293481 -0.1367076 -0.1352316 -0.1368883 -0.1274617 -0.1334058 -0.1247022 -0.1425512 -0.1460737 -0.1368537 -0.1282630 -0.1398796 0.2312615 0.7002002 0.0627135 0.0605098 0.2074733 0.0867273 0.0793114 0.0778701 0.1918226 0.1562790 0.0565454 0.0784255 0.1730853 0.1866336 0.1832169 0.1862911 0.0596028 0.0727854 0.1012816
-0.0282822 -0.0543345 -0.0259758 -0.0406499 -0.0327402 -0.0380924 -0.0117502 -0.0184228 -0.0461862 -0.0349688 0.0767662 0.0777339 0.1023489 0.0641139 0.1106997 0.0763353 0.1180366 0.0862587 0.1080989 0.0924999 -0.0424561 -0.0417016 -0.0445597 -0.0577388 -0.0443250 -0.0340171 -0.0222245 -0.0495477 -0.0499418 -0.0526560 -0.1158770 -0.1195298 -0.1238195 -0.1190036 -0.1248735 -0.1321505 -0.1215713 -0.1296670 -0.1243288 -0.1240183 -0.1424454 -0.1262202 -0.1350643 -0.1408936 -0.1410132 -0.1334507 -0.1331854 -0.1351929 -0.1382328 -0.1486431 0.0900593 0.0627135 0.4751050 0.1298379 0.0726238 0.1479763 0.1240860 0.1420969 0.0850432 0.1085555 0.1190476 0.1337285 0.0784795 0.1241829 0.1156106 0.1102497 0.1123845 0.1479914 0.1078736
-0.0116605 -0.0467046 -0.0248699 -0.0315039 -0.0280333 -0.0296252 -0.0138545 -0.0243061 -0.0303886 -0.0307364 0.0560148 0.0811207 0.1129438 0.0650743 0.1193983 0.0708627 0.0878918 0.0805488 0.1010522 0.1089400 -0.0424571 -0.0351587 -0.0337071 -0.0558205 -0.0371795 -0.0220727 -0.0253453 -0.0632216 -0.0458314 -0.0471817 -0.1217539 -0.1156329 -0.1254139 -0.1074070 -0.1303968 -0.1339717 -0.1214553 -0.1226161 -0.1209289 -0.1241249 -0.1404401 -0.1336467 -0.1504777 -0.1260858 -0.1373509 -0.1432675 -0.1418598 -0.1461971 -0.1381370 -0.1401610 0.0500191 0.0605098 0.1298379 0.4881411 0.0858714 0.1470873 0.1303050 0.1326366 0.0924480 0.1077447 0.1381887 0.1393223 0.0856228 0.0953677 0.0713042 0.1087576 0.1238707 0.1453201 0.1091965
