    0.646397    0.0478306    0.0834016    0.0610769    0.0599034    0.0687959    0.0645637    0.0810625    0.0698507    0.0564535   -0.0460965   -0.0584529   -0.0455079   -0.0552947   -0.0252755   -0.0691119   -0.0435352   -0.0636148       -0.045   -0.0346153     0.047089    0.0124216    0.0516774   0.00836807    0.0275746    0.0386213   0.00346943    0.0472186    0.0250752    0.0279455    -0.002557   -0.0235516   -0.0189475   -0.0183661   -0.0157794   -0.0186729   -0.0133906   -0.0125895  -0.00667169   0.00443093   -0.0199081 -0.000440776   -0.0282438   -0.0250071   -0.0277386   -0.0245528   -0.0257172   -0.0447563   -0.0288962   -0.0265038   -0.0143016   -0.0352787   -0.0173859    -0.033976    -0.049445   -0.0137727   -0.0189604   0.00305747   -0.0621129   -0.0604719   -0.0173848   -0.0226133   -0.0728843   -0.0419976   -0.0491555   -0.0334677    -0.012825   -0.0298612  -0.00625269
   0.0478306     0.729562    0.0579438     0.056895    0.0866757      0.08728    0.0454093    0.0658821    0.0438984    0.0864444   -0.0606492   -0.0481103   -0.0462596   -0.0692602   -0.0426072   -0.0609444   -0.0489154   -0.0460608   -0.0385089   -0.0422766    0.0471152     0.046985     0.042411     0.044825    0.0231931      0.02449    0.0333443    0.0188986    0.0089059     0.022561   -0.0181231   -0.0216623    0.0158832   0.00991346   -0.0185845   -0.0122942    0.0111124  -0.00404242  -0.00949434   -0.0262307   -0.0400843   -0.0206742   -0.0246071  -0.00237721   -0.0234268   -0.0221813   -0.0131307   -0.0380835   -0.0268045  -0.00202416    -0.032679   -0.0308849   -0.0366591   -0.0265787   -0.0563799   -0.0362884   -0.0228942   -0.0258579   -0.0392454   -0.0680498   -0.0222654   -0.0527298   -0.0453461   -0.0318672   -0.0597873    -0.026496   -0.0274681   -0.0439025   -0.0272376
   0.0834016    0.0579438     0.631437    0.0571188     0.038867    0.0322383    0.0400759    0.0509785    0.0627595    0.0421181   -0.0443252   -0.0431511   -0.0128651   -0.0309995   -0.0195403   -0.0663838   -0.0280952   -0.0512997   -0.0429433   -0.0237779    0.0244367    0.0368006  -0.00946822   0.00822299    0.0363973    0.0396987    0.0191555    0.0330488  -0.00256664  0.000372493   0.00132321    -0.014127  -0.00531251  -0.00954997   -0.0141314   -0.0200732  -0.00360495  -0.00922189  -0.00210898   -0.0101115   -0.0393772   -0.0104026   -0.0471255   0.00153612   -0.0321652   -0.0248105   -0.0348128   -0.0265443   -0.0117478   -0.0343108   -0.0240186  -0.00223383   -0.0258437   -0.0283061  -0.00771883   -0.0313606   -0.0283699   -0.0194909   -0.0633003   -0.0633591  0.000328496   -0.0354795   -0.0412844   -0.0445568   -0.0428576   -0.0130327   -0.0374647   -0.0141874  -0.00820343
   0.0610769     0.056895    0.0571188     0.739611   0.00576863    0.0366955    0.0616947    0.0400972    0.0111134    0.0745189   -0.0154888   -0.0462619   -0.0363396   -0.0426492   -0.0422065   -0.0472168   -0.0407917   -0.0441921   -0.0213757   -0.0382914    0.0454804    0.0322229    0.0523397   0.00296946    0.0237538    0.0437855  -0.00926677    0.0399007    0.0587931    0.0576257   -0.0138998   0.00381459   0.00194535   -0.0156788   -0.0289373   -0.0119219   -0.0209376 -0.000920664   -0.0102775   -0.0298231    -0.011522   -0.0418901    -0.043476   -0.0229292   -0.0241701   -0.0278446    -0.074076   -0.0332167   -0.0451907   -0.0516064  -0.00973632   -0.0338119   -0.0442443   -0.0442588     -0.03655   -0.0142799   -0.0184935   -0.0240142   -0.0349021   -0.0397813   -0.0342105   -0.0331219   -0.0367518   -0.0513073  -0.00265632   -0.0193354  -0.00872695   -0.0410694  -0.00389285
   0.0599034    0.0866757     0.038867   0.00576863     0.778697    0.0666957    0.0458257    0.0527538    0.0405756    0.0447346   -0.0470581   -0.0552141   -0.0393184   -0.0533604   -0.0361285    -0.045541   -0.0362036   -0.0526937   -0.0457812   -0.0472841    0.0437646     0.065199    0.0324799     0.052932    0.0223503    0.0198914    0.0137835  -0.00965435   -0.0199736    0.0249292   -0.0282863   -0.0434746    0.0071906   -0.0279663    0.0274941   -0.0340028   -0.0174349     0.012688   -0.0202629  -0.00842354   -0.0368444  -0.00943791   -0.0254336   -0.0350121   -0.0305873   -0.0228263   -0.0161394    -0.010725   -0.0130578   -0.0160011   -0.0105201    0.0160376   -0.0337573   -0.0211667   -0.0397998   -0.0535318   -0.0252724   -0.0284134   -0.0470827   -0.0495675   -0.0104479   -0.0330301   -0.0454065   -0.0319831   -0.0411729   -0.0172756   -0.0324407   -0.0227475   -0.0133701
   0.0687959      0.08728    0.0322383    0.0366955    0.0666957     0.703969    0.0412772    0.0441485    0.0358145     0.113488   -0.0636588   -0.0445093     -0.05927   -0.0437491     -0.04885   -0.0404306   -0.0460255   -0.0420829   -0.0492912   -0.0432421    0.0340842   0.00890587    0.0620302    0.0143533   -0.0145134     0.038884    0.0178009  -0.00372232    0.0075991    0.0655957  0.000469677   -0.0281124    0.0071952   -0.0129537    0.0192627   0.00860776  -0.00308867   0.00197533   0.00626894  -0.00144147  -0.00372472  -0.00669189   -0.0351631  0.000733902    -0.024333   -0.0272982    -0.029544   -0.0140426    -0.022106   -0.0290003   -0.0118438    -0.058425    -0.043961   -0.0257519   -0.0522021   -0.0448269   -0.0340659   -0.0499177   -0.0507086   -0.0218717    -0.025658   -0.0377041   -0.0576975   -0.0378179   -0.0552526   -0.0365866   -0.0233266   -0.0277772   -0.0152309
   0.0645637    0.0454093    0.0400759    0.0616947    0.0458257    0.0412772     0.649891    0.0508525    0.0551194     0.043374    -0.033431   -0.0433885   -0.0241272   -0.0426764   -0.0145912   -0.0406689   -0.0260744   -0.0455091   -0.0313234   -0.0119412    0.0352748    0.0223024    0.0238909    0.0202609    0.0232167    0.0263921    0.0131965   0.00573469   0.00532767    0.0224858   -0.0231222   -0.0294161  -0.00812276   -0.0186401   -0.0219866   -0.0212605  0.000671007   -0.0221406   -0.0287968   -0.0220167   -0.0468168    -0.038041    -0.011072   -0.0137415   -0.0380358   -0.0300306   -0.0509167   -0.0397648   -0.0331912   -0.0290976   -0.0118913  -0.00529196   -0.0126862   -0.0355404   -0.0292643  -0.00125609   -0.0244638   -0.0307078   -0.0645608   -0.0446014   0.00170597  -0.00754357   -0.0259489    -0.029681  -0.00729853   -0.0513128   -0.0238661  -0.00643515   -0.0194762
   0.0810625    0.0658821    0.0509785    0.0400972    0.0527538    0.0441485    0.0508525     0.646752    0.0434049    0.0477408   -0.0381304   -0.0301728   -0.0162161   -0.0446218   -0.0114966   -0.0603085   -0.0328034    -0.041065   -0.0381585   -0.0160663    0.0670619   0.00195169   0.00523038    0.0233687    0.0121426    0.0162337    0.0296294   0.00766171   -0.0104223   0.00374914   -0.0174444   -0.0302597   0.00850882    -0.018374  -0.00788524   -0.0124636   0.00505119   0.00504695   -0.0110927  -0.00295605   -0.0322334   -0.0283816   -0.0391311   -0.0366412   -0.0374944   -0.0375245   -0.0344089   -0.0302912   -0.0395195   -0.0479455  0.000412495 -0.000667039   0.00798069   -0.0390084    -0.030792  -0.00145087   -0.0219001    0.0163416   -0.0347532   -0.0520517   -0.0204807    -0.028549   -0.0468532   -0.0268047   -0.0211637   -0.0449465   -0.0523337   -0.0234257   -0.0152751
   0.0698507    0.0438984    0.0627595    0.0111134    0.0405756    0.0358145    0.0551194    0.0434049     0.609451    0.0302011    -0.043785    -0.053932   -0.0334801    -0.040806   -0.0257959   -0.0451595   -0.0417039   -0.0314103   -0.0352984   -0.0170358    0.0181535    0.0115103    0.0397465    0.0157215    0.0498026    0.0298395    0.0211373    0.0508596    0.0189007   0.00574251  -0.00353772    -0.015267   0.00476769   0.00468397   -0.0179809  0.000853616   -0.0173162  -0.00819807    -0.019875  -0.00257244   -0.0305637   -0.0228609  -0.00818521   -0.0139604   -0.0208063   -0.0197667   -0.0235764    -0.022828   -0.0174141   -0.0159462    -0.038567   -0.0352421   -0.0261905    -0.042954   -0.0274732   -0.0257461   -0.0303957   -0.0209674   -0.0408775   -0.0375584   -0.0197429   -0.0289977   -0.0609015   -0.0486037   -0.0166292   -0.0218899   -0.0194584   -0.0195282   -0.0300775
   0.0564535    0.0864444    0.0421181    0.0745189    0.0447346     0.113488     0.043374    0.0477408    0.0302011     0.685018   -0.0567953   -0.0444925   -0.0404744   -0.0417705   -0.0482947   -0.0469382    -0.066533   -0.0490509   -0.0407577  -0.00996156    0.0176186    0.0175387     0.028461    0.0208648    0.0191279     0.023935    0.0154917    0.0276659    0.0403787    0.0489049   -0.0116823   -0.0168117   -0.0121167    -0.012771   -0.0229573   -0.0124451    0.0111899   0.00291233   -0.0119738    0.0088542   -0.0156561  -0.00619203   -0.0330505    -0.003396   -0.0169169   -0.0485335   -0.0186525   -0.0302311   -0.0206147   -0.0416775   -0.0396816   -0.0540437   -0.0209195   -0.0151968   -0.0368471   -0.0511335   -0.0346024   -0.0372496   -0.0314598   -0.0293071   -0.0240988   -0.0378936   -0.0512489     -0.05815   -0.0465449   -0.0233051   -0.0180958   -0.0469159   -0.0255071
  -0.0460965   -0.0606492   -0.0443252   -0.0154888   -0.0470581   -0.0636588    -0.033431   -0.0381304    -0.043785   -0.0567953     0.828158      0.11101     0.094268     0.146628     0.121179     0.147189    0.0942197     0.100102     0.108966    0.0921848   -0.0380851   -0.0503224    -0.056211   -0.0684079   -0.0362889   -0.0370494   -0.0297156   -0.0258207   -0.0284709   -0.0497801   -0.0782206   -0.0697637   -0.0743186   -0.0901054   -0.0678744   -0.0673026   -0.0843895   -0.0956053   -0.0873927   -0.0707801   -0.0815194   -0.0794419   -0.0873135   -0.0792175   -0.0911423   -0.0788038   -0.0775444   -0.0736021   -0.0861065   -0.0794889    0.0326357    0.0446777    0.0167626   -0.0011056    0.0723848    0.0110757    0.0174242    0.0355512    0.0625454    0.0673015    0.0275165    0.0447876    0.0457028    0.0719506     0.109588  -0.00219548    0.0114353   -0.0128961  -0.00305319
  -0.0584529   -0.0481103   -0.0431511   -0.0462619   -0.0552141   -0.0445093   -0.0433885   -0.0301728    -0.053932   -0.0444925      0.11101     0.672115    0.0926326     0.113762    0.0612291     0.145574    0.0905232     0.137419     0.093081    0.0682712   -0.0295088   -0.0486915   -0.0588633   -0.0274039   -0.0242631   -0.0268211    -0.019607   -0.0655478   -0.0459896   -0.0447934   -0.0653407   -0.0749037   -0.0743432   -0.0709969   -0.0677768   -0.0628033   -0.0722469   -0.0720923    -0.086365   -0.0795848   -0.0773727   -0.0726194   -0.0741472   -0.0837954   -0.0793241    -0.057708   -0.0760567   -0.0498411   -0.0772263   -0.0777594    0.0295903    0.0233958    0.0356777    0.0431652    0.0503061    0.0243531    0.0320386    0.0253841    0.0970636    0.0656295    0.0107538    0.0135918    0.0822814    0.0761906    0.0330949    0.0828648    0.0101282   0.00159992   0.00301895
  -0.0455079   -0.0462596   -0.0128651   -0.0363396   -0.0393184     -0.05927   -0.0241272   -0.0162161   -0.0334801   -0.0404744     0.094268    0.0926326     0.658753     0.093852     0.144036    0.0540038     0.118679    0.0783221     0.132959     0.126692   -0.0309089   -0.0419655   -0.0291266   -0.0200378   -0.0153668   -0.0236679    0.0176663  -0.00789067  -0.00289218   -0.0374554   -0.0697423   -0.0802573   -0.0594553   -0.0728414   -0.0767792    -0.073147   -0.0766781    -0.089017   -0.0793849   -0.0642574   -0.0749668   -0.0848124   -0.0786999   -0.0815706   -0.0691936   -0.0709211   -0.0888448   -0.0730112   -0.0883103   -0.0697222   -0.0201068   -0.0221821    0.0101802    0.0363744    0.0159744    0.0583307     0.033407    0.0412793  -0.00549036   0.00106352    0.0248411    0.0319726    0.0337862   0.00106057   0.00725558    0.0207096    0.0333867    0.0304953    0.0558299
  -0.0552947   -0.0692602   -0.0309995   -0.0426492   -0.0533604   -0.0437491   -0.0426764   -0.0446218    -0.040806   -0.0417705     0.146628     0.113762     0.093852     0.746699    0.0626028     0.172131    0.0788044      0.10644    0.0829837     0.105313   -0.0794303   -0.0347071   -0.0697245   -0.0328749    -0.045167  -0.00899389   -0.0297584   -0.0494052   -0.0208734   -0.0130296   -0.0489928   -0.0690837   -0.0788931   -0.0672961   -0.0619887   -0.0824096    -0.077505   -0.0887724   -0.0890896   -0.0672053   -0.0859388   -0.0847594    -0.077497   -0.0953673   -0.0963718   -0.0728937   -0.0789779   -0.0821266   -0.0833607   -0.0834175    0.0472081     0.050246  -0.00574946  -0.00714392    0.0909341     0.018308   0.00548796    0.0104751    0.0269224    0.0516299    0.0311419    0.0355142     0.106108    0.0693945     0.079995    0.0249959    0.0380424    0.0265849   0.00818395
  -0.0252755   -0.0426072   -0.0195403   -0.0422065   -0.0361285     -0.04885   -0.0145912   -0.0114966   -0.0257959   -0.0482947     0.121179    0.0612291     0.144036    0.0626028       0.6624    0.0643256     0.115026    0.0687498     0.131297     0.103422    -0.034636   -0.0247394   -0.0375204   -0.0281105   -0.0143872  -0.00505854   -0.0142428  -0.00264627   -0.0262491   -0.0180504   -0.0653864   -0.0802882   -0.0922712   -0.0879341   -0.0756868     -0.07383   -0.0690894   -0.0785722   -0.0777027   -0.0811648   -0.0761111   -0.0832754   -0.0821797    -0.083394   -0.0759014   -0.0669346   -0.0872735   -0.0758616   -0.0899654   -0.0927215    0.0029339    0.0145518    0.0351653    0.0785536    -0.018655    0.0557968    0.0471084    0.0632702   0.00883538    0.0237111    0.0182205    0.0507147    0.0534438  -0.00168453    0.0156915   -0.0153244   0.00922533    0.0518728    0.0445394
  -0.0691119   -0.0609444   -0.0663838   -0.0472168    -0.045541   -0.0404306   -0.0406689   -0.0603085   -0.0451595   -0.0469382     0.147189     0.145574    0.0540038     0.172131    0.0643256     0.766798    0.0794442     0.140787    0.0671237    0.0495394   -0.0519609   -0.0714905   -0.0515916   -0.0490063   -0.0674223    -0.036693   -0.0512209   -0.0701993   -0.0407708   -0.0427896   -0.0649853   -0.0558209   -0.0767823   -0.0658998   -0.0750178   -0.0645116   -0.0865238   -0.0747508   -0.0724664   -0.0563375   -0.0781404   -0.0806607   -0.0663257   -0.0611957   -0.0831712   -0.0872834   -0.0804745    -0.084925   -0.0662977   -0.0869704    0.0425757     0.052014    0.0085566   0.00136894     0.102509   0.00465438    0.0398418  -0.00326819    0.0780344     0.108946    0.0382822    0.0274561     0.095008    0.0637158    0.0923897     0.082535    0.0135935    0.0317404   -0.0125531
  -0.0435352   -0.0489154   -0.0280952   -0.0407917   -0.0362036   -0.0460255   -0.0260744   -0.0328034   -0.0417039    -0.066533    0.0942197    0.0905232     0.118679    0.0788044     0.115026    0.0794442     0.715421     0.088144     0.137232     0.130663   -0.0359521    0.0051918   -0.0443687   -0.0270684   -0.0358887  -0.00371472   -0.0167726   -0.0272375   -0.0167686   0.00015744   -0.0835812   -0.0762274   -0.0891321   -0.0852124   -0.0913444   -0.0821758   -0.0916429   -0.0839013   -0.0708031   -0.0706401   -0.0606622   -0.0920578   -0.0800221   -0.0873906    -0.064548   -0.0713799   -0.0935376   -0.0768465   -0.0826377   -0.0642628  -0.00197805   -0.0249777    0.0267004    0.0454132  -0.00902154    0.0670561    0.0553939    0.0307005    0.0193074     0.019067    0.0443043    0.0339397    0.0297536     0.042602    0.0365441   -0.0130137    0.0516082    0.0646189    0.0191352
  -0.0636148   -0.0460608   -0.0512997   -0.0441921   -0.0526937   -0.0420829   -0.0455091    -0.041065   -0.0314103   -0.0490509     0.100102     0.137419    0.0783221      0.10644    0.0687498     0.140787     0.088144     0.724279    0.0872496    0.0681462   -0.0284288   -0.0614491   -0.0637455   -0.0449756   -0.0431194   -0.0339513   -0.0280733   -0.0189539   -0.0287249   -0.0161969   -0.0696531   -0.0746448   -0.0851323   -0.0845271    -0.080116   -0.0691038   -0.0909478    -0.086877   -0.0847504   -0.0883696   -0.0741376   -0.0880929   -0.0809438   -0.0992872   -0.0777501   -0.0730494   -0.0690581   -0.0759998    -0.074925   -0.0773668    0.0616129    0.0650449    0.0695275    0.0157648    0.0379075    0.0248045    0.0407602    0.0180907     0.112218    0.0843965    0.0246441    0.0190916    0.0958513    0.0685397    0.0524566    0.0772755    0.0143253    0.0141807   0.00184397
      -0.045   -0.0385089   -0.0429433   -0.0213757   -0.0457812   -0.0492912   -0.0313234   -0.0381585   -0.0352984   -0.0407577     0.108966     0.093081     0.132959    0.0829837     0.131297    0.0671237     0.137232    0.0872496      0.72499     0.126571   -0.0375089   -0.0428194    -0.042026   0.00253297   -0.0335071   -0.0140322  -0.00702781   -0.0138349    0.0275102   -0.0427937    -0.076202     -0.07935   -0.0689121   -0.0559795   -0.0570886   -0.0772103   -0.0861971    -0.056887   -0.0933086   -0.0857399   -0.0769101   -0.0953108   -0.0883789    -0.110195   -0.0777248   -0.0782398   -0.0904581   -0.0954589   -0.0839321    -0.074725   -0.0236584   -0.0476757    0.0736217     0.055552   0.00835148    0.0744574     0.044372    0.0422736  -0.00482657    0.0229717    0.0308342    0.0463602    0.0350474   -0.0149044    0.0248884   0.00601362    0.0239879     0.050381    0.0231952
  -0.0346153   -0.0422766   -0.0237779   -0.0382914   -0.0472841   -0.0432421   -0.0119412   -0.0160663   -0.0170358  -0.00996156    0.0921848    0.0682712     0.126692     0.105313     0.103422    0.0495394     0.130663    0.0681462     0.126571     0.730344    -0.030084    -0.049791   -0.0391109   -0.0310617   -0.0137156   -0.0116612   0.00645795   0.00228822   -0.0057656   -0.0349969   -0.0568304   -0.0775193    -0.092138   -0.0781003   -0.0650736   -0.0691984   -0.0823207   -0.0733366   -0.0932038   -0.0834857   -0.0671918   -0.0753326   -0.0934955    -0.094223   -0.0623511   -0.0533731   -0.0775699   -0.0747795   -0.0786837   -0.0824019   -0.0130679   -0.0207725     0.019939    0.0685958   0.00863959    0.0388414     0.041918    0.0305549    0.0173577   -0.0107044    0.0225649    0.0539704    0.0299215  -0.00797879    -0.012322     0.010561    0.0284913    0.0441551    0.0177495
    0.047089    0.0471152    0.0244367    0.0454804    0.0437646    0.0340842    0.0352748    0.0670619    0.0181535    0.0176186   -0.0380851   -0.0295088   -0.0309089   -0.0794303    -0.034636   -0.0519609   -0.0359521   -0.0284288   -0.0375089    -0.030084     0.690666    0.0825848     0.163252    0.0890872    0.0269289   -0.0121473    0.0165384    0.0109595    0.0481555     0.061903   -0.0382374   -0.0466992   -0.0451472   -0.0389171   -0.0346798   -0.0183019   -0.0220369   -0.0316466   -0.0259892   -0.0244441   -0.0106042    0.0123741   -0.0241476    0.0528981    0.0421366   -0.0397991  -0.00257207   0.00389443  -0.00784228   -0.0032563   -0.0380148  -0.00846415   -0.0217941   -0.0581646   -0.0598615   -0.0463156  -0.00544824   -0.0121689   -0.0613813    -0.059052   -0.0337968   -0.0527137   -0.0545379   -0.0525181   -0.0457587   -0.0550837   -0.0487455   -0.0468459   -0.0168127
   0.0124216     0.046985    0.0368006    0.0322229     0.065199   0.00890587    0.0223024   0.00195169    0.0115103    0.0175387   -0.0503224   -0.0486915   -0.0419655   -0.0347071   -0.0247394   -0.0714905    0.0051918   -0.0614491   -0.0428194    -0.049791    0.0825848     0.697526    0.0790364    0.0881944    0.0564597    0.0594104    0.0893437    0.0761482    0.0650413     0.101776   -0.0448179   -0.0485323   -0.0398277   -0.0521987   -0.0498615   -0.0545277   -0.0550325   -0.0592795   -0.0569439   -0.0493321   0.00706396    0.0122391  -0.00885874 -0.000906299   0.00967754   -0.0177958   0.00960772    0.0202524  -0.00310671 -0.000677771   -0.0120342  -0.00920094   -0.0327673   -0.0300547   -0.0376292   -0.0342005   -0.0217315   -0.0298497   -0.0603216   -0.0522537   -0.0308372   -0.0310291   -0.0546393   -0.0482744   -0.0425625   -0.0537805   -0.0336935   -0.0339159   -0.0167937
   0.0516774     0.042411  -0.00946822    0.0523397    0.0324799    0.0620302    0.0238909   0.00523038    0.0397465     0.028461    -0.056211   -0.0588633   -0.0291266   -0.0697245   -0.0375204   -0.0515916   -0.0443687   -0.0637455    -0.042026   -0.0391109     0.163252    0.0790364      0.77498    0.0316266     0.026241   -0.0253261    0.0145732    -0.014513    0.0633221    0.0556702   -0.0279461   -0.0563797   -0.0451675   -0.0476785   -0.0400709   -0.0261805   -0.0317789   -0.0365897   -0.0369119   -0.0452659   -0.0256836    0.0316008   -0.0354454    0.0942938    0.0195386   -0.0548256   -0.0280142   -0.0157929   -0.0170701   -0.0161435  -0.00946261   -0.0306483   -0.0106289   -0.0157354   -0.0242587    0.0156945   -0.0065953  -0.00679758   -0.0560137    -0.043499  0.000138086   -0.0191452   -0.0761133   -0.0642986   -0.0306816   -0.0517081   -0.0149658   -0.0133231    0.0225304
  0.00836807     0.044825   0.00822299   0.00296946     0.052932    0.0143533    0.0202609    0.0233687    0.0157215    0.0208648   -0.0684079   -0.0274039   -0.0200378   -0.0328749   -0.0281105   -0.0490063   -0.0270684   -0.0449756   0.00253297   -0.0310617    0.0890872    0.0881944    0.0316266     0.672475    0.0475473    0.0521897    0.0785594    0.0243679    0.0927222    0.0726378   -0.0286228   -0.0365569   -0.0251098   -0.0398005   -0.0130309   -0.0653122   -0.0335349   -0.0260906   -0.0271294   -0.0371838    0.0135071   0.00281312     0.028427   -0.0199079   -0.0016747    0.0237533    0.0254463    0.0124708    -0.001047    0.0331728   -0.0468683   -0.0203675     -0.05181   -0.0424646   -0.0558657   -0.0374107   -0.0389232   -0.0198059   -0.0726979   -0.0616002   -0.0415218   -0.0546714   -0.0587364   -0.0738285   -0.0769804   -0.0423392  -0.00674125   -0.0334504   0.00240704
   0.0275746    0.0231931    0.0363973    0.0237538    0.0223503   -0.0145134    0.0232167    0.0121426    0.0498026    0.0191279   -0.0362889   -0.0242631   -0.0153668    -0.045167   -0.0143872   -0.0674223   -0.0358887   -0.0431194   -0.0335071   -0.0137156    0.0269289    0.0564597     0.026241    0.0475473     0.673791    0.0700338    0.0695013    0.0842518    0.0768703    0.0366297   -0.0105183   -0.0392605  -0.00320014   -0.0362651    -0.030972   -0.0167685   -0.0293644   -0.0307606   -0.0239605   -0.0156671  -0.00958454   -0.0126394   0.00399369   -0.0307339   -0.0394111     0.017637   -0.0147539  -0.00544222   -0.0240275 -0.000678562  -0.00437942   -0.0246199   -0.0373513   -0.0489424   -0.0368057   -0.0261947   -0.0309967   -0.0148178   -0.0086275   -0.0359966   -0.0255534   -0.0462881   -0.0394815   -0.0564654   -0.0351507    -0.056149   -0.0344101   -0.0487281   -0.0287859
   0.0386213      0.02449    0.0396987    0.0437855    0.0198914     0.038884    0.0263921    0.0162337    0.0298395     0.023935   -0.0370494   -0.0268211   -0.0236679  -0.00899389  -0.00505854    -0.036693  -0.00371472   -0.0339513   -0.0140322   -0.0116612   -0.0121473    0.0594104   -0.0253261    0.0521897    0.0700338     0.621547    0.0467129    0.0566111    0.0433505    0.0566378  -0.00383783   -0.0213253   -0.0362254   -0.0373171   -0.0365807    -0.046292   -0.0385331  -0.00617614   -0.0223355   -0.0290758   -0.0177606   -0.0394558   0.00734446   -0.0659268     -0.03574   0.00833882    0.0031021   0.00171177   -0.0290102   -0.0074145  -0.00917727  -0.00385183   -0.0281589   -0.0453253   -0.0408009   -0.0354021   -0.0253155   -0.0200186   -0.0707817   -0.0462493   -0.0311364   -0.0251101   -0.0421477   -0.0370746   -0.0329364   -0.0255974   -0.0158479    -0.027977  0.000109726
  0.00346943    0.0333443    0.0191555  -0.00926677    0.0137835    0.0178009    0.0131965    0.0296294    0.0211373    0.0154917   -0.0297156    -0.019607    0.0176663   -0.0297584   -0.0142428   -0.0512209   -0.0167726   -0.0280733  -0.00702781   0.00645795    0.0165384    0.0893437    0.0145732    0.0785594    0.0695013    0.0467129     0.594795    0.0638693     0.102143    0.0621964   -0.0224825   -0.0512921    -0.027642   -0.0572944   -0.0240293   -0.0447634   -0.0424877    -0.034438   -0.0373844   -0.0272626  -0.00621444   -0.0108404  -0.00609377   -0.0359128    -0.036272  -0.00397295   0.00566427   -0.0132852   -0.0120493   -0.0129753   -0.0270502   -0.0314833   -0.0249083   -0.0221873   -0.0552529   -0.0217713   -0.0136121   -0.0256262   -0.0345138   -0.0434625   -0.0238574    -0.027631   -0.0416327   -0.0482497   -0.0370261   -0.0422276   -0.0388265  -0.00844413  -0.00914663
   0.0472186    0.0188986    0.0330488    0.0399007  -0.00965435  -0.00372232   0.00573469   0.00766171    0.0508596    0.0276659   -0.0258207   -0.0655478  -0.00789067   -0.0494052  -0.00264627   -0.0701993   -0.0272375   -0.0189539   -0.0138349   0.00228822    0.0109595    0.0761482    -0.014513    0.0243679    0.0842518    0.0566111    0.0638693     0.673595    0.0454307      0.05736   -0.0180169   -0.0227612   -0.0133222   -0.0254987  -0.00266915    -0.025105    -0.029402   -0.0431163   -0.0177487   -0.0220455    0.0148956  -0.00723595   0.00379472   -0.0240214   0.00186645    0.0276074  0.000939804    -0.022114   -0.0160195  -0.00279377   -0.0447701   -0.0503525   -0.0327865   -0.0390822   -0.0520705    -0.038909   -0.0346683   -0.0152369   -0.0679266   -0.0242419    -0.020505   -0.0409335   -0.0463665   -0.0525764   -0.0376937   -0.0390844   -0.0282919   -0.0290339   -0.0398798
   0.0250752    0.0089059  -0.00256664    0.0587931   -0.0199736    0.0075991   0.00532767   -0.0104223    0.0189007    0.0403787   -0.0284709   -0.0459896  -0.00289218   -0.0208734   -0.0262491   -0.0407708   -0.0167686   -0.0287249    0.0275102   -0.0057656    0.0481555    0.0650413    0.0633221    0.0927222    0.0768703    0.0433505     0.102143    0.0454307     0.707732    0.0958878   -0.0437275   -0.0462461   -0.0403036   -0.0561203    -0.029054   -0.0335868   -0.0590443    -0.017165   -0.0573828    -0.019235   0.00138751  -0.00584093   0.00713787   -0.0188664    -0.025342   -0.0125637  -0.00704203  -0.00344429   0.00396682  -0.00363611   -0.0571717   -0.0625487   -0.0488191   -0.0433515   -0.0389043  -0.00726952   -0.0316596   -0.0269077   -0.0569009   -0.0293751   -0.0352673   -0.0179797   -0.0395669   -0.0853334   -0.0615724   -0.0239226   -0.0301407   -0.0332001   -0.0189675
   0.0279455     0.022561  0.000372493    0.0576257    0.0249292    0.0655957    0.0224858   0.00374914   0.00574251    0.0489049   -0.0497801   -0.0447934   -0.0374554   -0.0130296   -0.0180504   -0.0427896   0.00015744   -0.0161969   -0.0427937   -0.0349969     0.061903     0.101776    0.0556702    0.0726378    0.0366297    0.0566378    0.0621964      0.05736    0.0958878     0.682626   -0.0195213   -0.0514478   -0.0401343   -0.0444207   -0.0393561   -0.0491707    -0.038071   -0.0394988   -0.0456921   -0.0303018  -0.00770136  -0.00704676   0.00814821   0.00507383    0.0108934  -0.00974698  -0.00100378    0.0109314   -0.0113846   0.00763181   -0.0254627   -0.0442811   -0.0519863   -0.0369179   -0.0416788   -0.0493235   -0.0473064    -0.044017   -0.0485923   -0.0318841   -0.0421553    -0.043622   -0.0332457   -0.0559246   -0.0591641   -0.0506968   -0.0146933   -0.0430457   -0.0271514
   -0.002557   -0.0181231   0.00132321   -0.0138998   -0.0282863  0.000469677   -0.0231222   -0.0174444  -0.00353772   -0.0116823   -0.0782206   -0.0653407   -0.0697423   -0.0489928   -0.0653864   -0.0649853   -0.0835812   -0.0696531    -0.076202   -0.0568304   -0.0382374   -0.0448179   -0.0279461   -0.0286228   -0.0105183  -0.00383783   -0.0224825   -0.0180169   -0.0437275   -0.0195213     0.563741       0.1095     0.108279     0.129912     0.103942      0.10709     0.101749     0.101055     0.135764     0.112286    0.0896866    0.0677731    0.0765093    0.0643292    0.0966428      0.08192    0.0982453    0.0654645      0.10874    0.0783767   -0.0696511   -0.0806729   -0.0795439   -0.0869826   -0.0576398   -0.0759431    -0.057557   -0.0632235   -0.0632239   -0.0594898   -0.0737141     -0.07184   -0.0844725   -0.0604155   -0.0707449   -0.0763982   -0.0620342   -0.0851837   -0.0627113
  -0.0235516   -0.0216623    -0.014127   0.00381459   -0.0434746   -0.0281124   -0.0294161   -0.0302597    -0.015267   -0.0168117   -0.0697637   -0.0749037   -0.0802573   -0.0690837   -0.0802882   -0.0558209   -0.0762274   -0.0746448     -0.07935   -0.0775193   -0.0466992   -0.0485323   -0.0563797   -0.0365569   -0.0392605   -0.0213253   -0.0512921   -0.0227612   -0.0462461   -0.0514478       0.1095     0.664397     0.135508     0.149994    0.0981019     0.115971     0.133465      0.11118      0.14089      0.13105    0.0890851    0.0807875     0.108837    0.0782525    0.0916497    0.0810739    0.0825452    0.0801627    0.0648321     0.107012   -0.0624299   -0.0849791    -0.069262   -0.0555476   -0.0654742    -0.073161   -0.0687583   -0.0752246   -0.0596473   -0.0466686   -0.0754822   -0.0669336   -0.0542645   -0.0431419   -0.0630555   -0.0539588   -0.0598805   -0.0520589   -0.0598394
  -0.0189475    0.0158832  -0.00531251   0.00194535    0.0071906    0.0071952  -0.00812276   0.00850882   0.00476769   -0.0121167   -0.0743186   -0.0743432   -0.0594553   -0.0788931   -0.0922712   -0.0767823   -0.0891321   -0.0851323   -0.0689121    -0.092138   -0.0451472   -0.0398277   -0.0451675   -0.0251098  -0.00320014   -0.0362254    -0.027642   -0.0133222   -0.0403036   -0.0401343     0.108279     0.135508     0.678424     0.140169     0.113844     0.100277     0.118294     0.113133     0.142031     0.139768    0.0594207    0.0585796       0.1295    0.0702204    0.0677196     0.113499    0.0897725    0.0955081    0.0834112    0.0796459   -0.0561952   -0.0684249   -0.0761465   -0.0738873   -0.0762274   -0.0808965   -0.0771379   -0.0861775   -0.0687118   -0.0937802   -0.0822911    -0.073104   -0.0997025   -0.0768544   -0.0818885   -0.0673761   -0.0640652   -0.0906473   -0.0742555
  -0.0183661   0.00991346  -0.00954997   -0.0156788   -0.0279663   -0.0129537   -0.0186401    -0.018374   0.00468397    -0.012771   -0.0901054   -0.0709969   -0.0728414   -0.0672961   -0.0879341   -0.0658998   -0.0852124   -0.0845271   -0.0559795   -0.0781003   -0.0389171   -0.0521987   -0.0476785   -0.0398005   -0.0362651   -0.0373171   -0.0572944   -0.0254987   -0.0561203   -0.0444207     0.129912     0.149994     0.140169     0.674062     0.101555     0.108762     0.126649     0.182278     0.158792      0.15499    0.0687107    0.0683077    0.0684809    0.0808834    0.0762493     0.108229    0.0625005    0.0929181    0.0773249    0.0597067   -0.0748284   -0.0941077   -0.0805979   -0.0319573   -0.0820291   -0.0974739   -0.0357632   -0.0775647   -0.0716781   -0.0696574   -0.0564526   -0.0607053   -0.0736535   -0.0711208   -0.0718237   -0.0552305   -0.0614824   -0.0693409   -0.0632489
  -0.0157794   -0.0185845   -0.0141314   -0.0289373    0.0274941    0.0192627   -0.0219866  -0.00788524   -0.0179809   -0.0229573   -0.0678744   -0.0677768   -0.0767792   -0.0619887   -0.0756868   -0.0750178   -0.0913444    -0.080116   -0.0570886   -0.0650736   -0.0346798   -0.0498615   -0.0400709   -0.0130309    -0.030972   -0.0365807   -0.0240293  -0.00266915    -0.029054   -0.0393561     0.103942    0.0981019     0.113844     0.101555      0.67229    0.0964397     0.110872      0.11536     0.102177     0.123291    0.0975697     0.113142    0.0783216    0.0788482     0.084076       0.1243     0.100237     0.105741    0.0940779    0.0708035   -0.0638379   -0.0358905   -0.0595059   -0.0857138   -0.0493316   -0.0783917   -0.0902141   -0.0706079   -0.0608531   -0.0732162   -0.0733217   -0.0628204   -0.0899906   -0.0690703   -0.0809159   -0.0877505   -0.0869849   -0.0668737   -0.0840011
  -0.0186729   -0.0122942   -0.0200732   -0.0119219   -0.0340028   0.00860776   -0.0212605   -0.0124636  0.000853616   -0.0124451   -0.0673026   -0.0628033    -0.073147   -0.0824096     -0.07383   -0.0645116   -0.0821758   -0.0691038   -0.0772103   -0.0691984   -0.0183019   -0.0545277   -0.0261805   -0.0653122   -0.0167685    -0.046292   -0.0447634    -0.025105   -0.0335868   -0.0491707      0.10709     0.115971     0.100277     0.108762    0.0964397     0.736938     0.132285     0.135128     0.123476     0.100044    0.0775126    0.0898029    0.0655837      0.10001     0.070671    0.0774186    0.0768816     0.091321    0.0786609      0.05629   -0.0751327   -0.0982901   -0.0714335   -0.0697181   -0.0708153   -0.0987385   -0.0652535   -0.0634057   -0.0280523   -0.0467011   -0.0535879   -0.0447924   -0.0783587   -0.0588637   -0.0642794   -0.0645864   -0.0669045   -0.0599238   -0.0649382
  -0.0133906    0.0111124  -0.00360495   -0.0209376   -0.0174349  -0.00308867  0.000671007   0.00505119   -0.0173162    0.0111899   -0.0843895   -0.0722469   -0.0766781    -0.077505   -0.0690894   -0.0865238   -0.0916429   -0.0909478   -0.0861971   -0.0823207   -0.0220369   -0.0550325   -0.0317789   -0.0335349   -0.0293644   -0.0385331   -0.0424877    -0.029402   -0.0590443    -0.038071     0.101749     0.133465     0.118294     0.126649     0.110872     0.132285     0.656544    0.0933315     0.124631     0.118192    0.0935012      0.10208     0.107006    0.0962123    0.0990743    0.0991758    0.0725704    0.0912687     0.110118    0.0991789    -0.058688   -0.0483259   -0.0626326   -0.0803527   -0.0720731   -0.0871142   -0.0818348   -0.0644605   -0.0851452   -0.0751109   -0.0825625   -0.0576747   -0.0849805   -0.0714885   -0.0843106    -0.068881   -0.0761595    -0.070313   -0.0607065
  -0.0125895  -0.00404242  -0.00922189 -0.000920664     0.012688   0.00197533   -0.0221406   0.00504695  -0.00819807   0.00291233   -0.0956053   -0.0720923    -0.089017   -0.0887724   -0.0785722   -0.0747508   -0.0839013    -0.086877    -0.056887   -0.0733366   -0.0316466   -0.0592795   -0.0365897   -0.0260906   -0.0307606  -0.00617614    -0.034438   -0.0431163    -0.017165   -0.0394988     0.101055      0.11118     0.113133     0.182278      0.11536     0.135128    0.0933315     0.733771     0.114456      0.11015    0.0728228    0.0524892    0.0899437    0.0696741    0.0845678     0.085793    0.0951025     0.071465    0.0587818    0.0758648   -0.0518153   -0.0571887   -0.0786662   -0.0205823   -0.0909312   -0.0873972   -0.0725971   -0.0766099   -0.0614411   -0.0682799   -0.0886406    -0.055997   -0.0834141   -0.0653446   -0.0914444   -0.0765732   -0.0713292   -0.0661236   -0.0631725
 -0.00667169  -0.00949434  -0.00210898   -0.0102775   -0.0202629   0.00626894   -0.0287968   -0.0110927    -0.019875   -0.0119738   -0.0873927    -0.086365   -0.0793849   -0.0890896   -0.0777027   -0.0724664   -0.0708031   -0.0847504   -0.0933086   -0.0932038   -0.0259892   -0.0569439   -0.0369119   -0.0271294   -0.0239605   -0.0223355   -0.0373844   -0.0177487   -0.0573828   -0.0456921     0.135764      0.14089     0.142031     0.158792     0.102177     0.123476     0.124631     0.114456     0.677967     0.142591    0.0803676     0.088154    0.0949233    0.0887388    0.0900556     0.112398    0.0776256    0.0697826    0.0695998    0.0796173     -0.03138   -0.0509243   -0.0945925   -0.0777107   -0.0903358   -0.0800327   -0.0749397   -0.0587776   -0.0612939   -0.0692492   -0.0777361   -0.0693394   -0.0827178    -0.081735   -0.0600608   -0.0619591   -0.0642409   -0.0677869   -0.0651971
  0.00443093   -0.0262307   -0.0101115   -0.0298231  -0.00842354  -0.00144147   -0.0220167  -0.00295605  -0.00257244    0.0088542   -0.0707801   -0.0795848   -0.0642574   -0.0672053   -0.0811648   -0.0563375   -0.0706401   -0.0883696   -0.0857399   -0.0834857   -0.0244441   -0.0493321   -0.0452659   -0.0371838   -0.0156671   -0.0290758   -0.0272626   -0.0220455    -0.019235   -0.0303018     0.112286      0.13105     0.139768      0.15499     0.123291     0.100044     0.118192      0.11015     0.142591     0.626121    0.0918805    0.0581801    0.0817312    0.0820992    0.0782771    0.0967311     0.114135    0.0919539    0.0671387    0.0847786    -0.075605   -0.0814327   -0.0768761   -0.0783999   -0.0808139   -0.0789435   -0.0836731   -0.0761234   -0.0634389    -0.062245   -0.0785236   -0.0735168   -0.0782696   -0.0741735   -0.0642093   -0.0807175   -0.0660059   -0.0519908   -0.0800186
  -0.0199081   -0.0400843   -0.0393772    -0.011522   -0.0368444  -0.00372472   -0.0468168   -0.0322334   -0.0305637   -0.0156561   -0.0815194   -0.0773727   -0.0749668   -0.0859388   -0.0761111   -0.0781404   -0.0606622   -0.0741376   -0.0769101   -0.0671918   -0.0106042   0.00706396   -0.0256836    0.0135071  -0.00958454   -0.0177606  -0.00621444    0.0148956   0.00138751  -0.00770136    0.0896866    0.0890851    0.0594207    0.0687107    0.0975697    0.0775126    0.0935012    0.0728228    0.0803676    0.0918805      0.66042     0.118254     0.107874    0.0879612     0.139283      0.14063     0.124703     0.105946     0.152585     0.124086   -0.0567713   -0.0691262   -0.0846749   -0.0955129   -0.0751601   -0.0979723   -0.0667066   -0.0785064   -0.0703887   -0.0723471   -0.0923171   -0.0800868   -0.0728798     -0.07395   -0.0844259   -0.0619314    -0.072463   -0.0781122   -0.0612559
-0.000440776   -0.0206742   -0.0104026   -0.0418901  -0.00943791  -0.00669189    -0.038041   -0.0283816   -0.0228609  -0.00619203   -0.0794419   -0.0726194   -0.0848124   -0.0847594   -0.0832754   -0.0806607   -0.0920578   -0.0880929   -0.0953108   -0.0753326    0.0123741    0.0122391    0.0316008   0.00281312   -0.0126394   -0.0394558   -0.0108404  -0.00723595  -0.00584093  -0.00704676    0.0677731    0.0807875    0.0585796    0.0683077     0.113142    0.0898029      0.10208    0.0524892     0.088154    0.0581801     0.118254     0.642351     0.119101     0.139709     0.117637     0.101678     0.141731      0.11946     0.130171     0.119996   -0.0704663    -0.073004   -0.0725814   -0.0828176   -0.0491582   -0.0883323   -0.0773236   -0.0830861   -0.0452833   -0.0649674   -0.0671825   -0.0666128   -0.0929977   -0.0810812   -0.0673657   -0.0896684   -0.0764045   -0.0811762   -0.0658117
  -0.0282438   -0.0246071   -0.0471255    -0.043476   -0.0254336   -0.0351631    -0.011072   -0.0391311  -0.00818521   -0.0330505   -0.0873135   -0.0741472   -0.0786999    -0.077497   -0.0821797   -0.0663257   -0.0800221   -0.0809438   -0.0883789   -0.0934955   -0.0241476  -0.00885874   -0.0354454     0.028427   0.00399369   0.00734446  -0.00609377   0.00379472   0.00713787   0.00814821    0.0765093     0.108837       0.1295    0.0684809    0.0783216    0.0655837     0.107006    0.0899437    0.0949233    0.0817312     0.107874     0.119101     0.696759     0.106848       0.1176     0.118906     0.148886     0.134408     0.145112      0.14907   -0.0696136   -0.0577422    -0.080738   -0.0751841   -0.0801453     -0.06528   -0.0833288   -0.0746358    -0.085519   -0.0904778   -0.0640762   -0.0871291   -0.0861061   -0.0803591   -0.0837601    -0.101163   -0.0734081   -0.0960111   -0.0744138
  -0.0250071  -0.00237721   0.00153612   -0.0229292   -0.0350121  0.000733902   -0.0137415   -0.0366412   -0.0139604    -0.003396   -0.0792175   -0.0837954   -0.0815706   -0.0953673    -0.083394   -0.0611957   -0.0873906   -0.0992872    -0.110195    -0.094223    0.0528981 -0.000906299    0.0942938   -0.0199079   -0.0307339   -0.0659268   -0.0359128   -0.0240214   -0.0188664   0.00507383    0.0643292    0.0782525    0.0702204    0.0808834    0.0788482      0.10001    0.0962123    0.0696741    0.0887388    0.0820992    0.0879612     0.139709     0.106848     0.736143     0.166743    0.0641153     0.111956     0.118207     0.128318      0.14376   -0.0581555   -0.0467545   -0.0831214   -0.0792252   -0.0686661   -0.0881858   -0.0873741   -0.0872461   -0.0685501   -0.0498209   -0.0852447   -0.0803207   -0.0735294    -0.093277   -0.0733872   -0.0817042   -0.0561773   -0.0869961   -0.0636931
