     0.64683    0.0488828    0.0829868    0.0608883    0.0576659    0.0689641    0.0647441    0.0817098    0.0703649    0.0563911   -0.0482847   -0.0585111     -0.04613   -0.0564068   -0.0252176   -0.0697623   -0.0433433   -0.0615019   -0.0455027   -0.0341842    0.0470902    0.0122441    0.0522991   0.00841433    0.0282839    0.0391298   0.00380478    0.0461177    0.0253676    0.0275183  -0.00291677   -0.0235681   -0.0194837    -0.020814   -0.0167995   -0.0186093   -0.0131745   -0.0117097  -0.00600684   0.00388228   -0.0198125  -0.00020168   -0.0281426   -0.0256861   -0.0275091   -0.0240924   -0.0250786   -0.0449243   -0.0285473   -0.0258139    -0.014119   -0.0355729   -0.0156916   -0.0338981    -0.050734   -0.0139116    -0.018749    0.0061469   -0.0595065   -0.0613314   -0.0209629    -0.022728   -0.0729897   -0.0416405   -0.0491895   -0.0305491   -0.0133951   -0.0302619  -0.00891656
   0.0488828     0.732708    0.0575449    0.0555588    0.0920922    0.0878419    0.0462826    0.0650207    0.0436825    0.0853467   -0.0603899   -0.0485089   -0.0467563   -0.0697812   -0.0434671   -0.0618866   -0.0486872   -0.0468601   -0.0387861   -0.0427463    0.0466323    0.0491055    0.0405989     0.045396    0.0280705    0.0256183    0.0345014    0.0189117   0.00778616    0.0215508   -0.0196606   -0.0218163    0.0165281    0.0103428   -0.0190945   -0.0151044    0.0106761  -0.00569756  -0.00901749    -0.025744    -0.040382    -0.019425   -0.0235625  -0.00331918   -0.0243356    -0.021404   -0.0134614    -0.037016   -0.0266468  -0.00200618   -0.0330743   -0.0321738   -0.0346618   -0.0261403   -0.0579042     -0.03798   -0.0212773   -0.0290732   -0.0385885   -0.0689772   -0.0243636    -0.054179   -0.0440582   -0.0299053   -0.0600512   -0.0235083   -0.0264926   -0.0443074    -0.029002
   0.0829868    0.0575449      0.63203    0.0558807    0.0382276    0.0318513    0.0406284    0.0496019    0.0617206     0.042196   -0.0445458   -0.0439702   -0.0126879   -0.0304856     -0.01942     -0.06649   -0.0275507   -0.0521763    -0.042806   -0.0240177    0.0235691    0.0363229  -0.00891309   0.00823804    0.0364937    0.0402293    0.0190144    0.0331922  -0.00221357  0.000252123   0.00155801   -0.0134847  -0.00521481  -0.00891075   -0.0150062   -0.0205192  -0.00346976  -0.00917815  -0.00263307  -0.00959025   -0.0392505   -0.0106685   -0.0468336   0.00152828   -0.0322031    -0.024505   -0.0356106   -0.0261351    -0.011135   -0.0342471   -0.0233624  -0.00085559   -0.0275636   -0.0280001  -0.00696546    -0.031354   -0.0283162     -0.02037   -0.0652963   -0.0640831   0.00401833   -0.0351661   -0.0383643   -0.0465659   -0.0423284   -0.0129063   -0.0354335   -0.0132478  -0.00698461
   0.0608883    0.0555588    0.0558807     0.737492   0.00127378    0.0376437    0.0592016    0.0403022    0.0106732    0.0756199   -0.0160308   -0.0457033   -0.0368707   -0.0421566   -0.0421895   -0.0486719   -0.0414771   -0.0437849   -0.0214966   -0.0384326    0.0458661    0.0320977    0.0531741    0.0052802    0.0238737    0.0451416  -0.00814344    0.0403623    0.0599791    0.0570077   -0.0138766   0.00254558   0.00213316   -0.0154089   -0.0292972   -0.0112519   -0.0212028  0.000375833   -0.0113613    -0.029897   -0.0118281   -0.0428253   -0.0449755   -0.0238733   -0.0247614    -0.027344   -0.0714689   -0.0330633   -0.0444615    -0.051735  -0.00850752   -0.0326461   -0.0435529   -0.0431696   -0.0355435   -0.0146722   -0.0185589   -0.0218354   -0.0324826   -0.0393481   -0.0321333   -0.0328475   -0.0377351   -0.0457953  -0.00572411   -0.0201236  -0.00903108     -0.04152  -0.00223227
   0.0576659    0.0920922    0.0382276   0.00127378     0.782248    0.0669262     0.047616    0.0512023    0.0410463    0.0415066   -0.0468095    -0.055293   -0.0388375   -0.0532136   -0.0370829   -0.0451448    -0.035252   -0.0528533   -0.0450675   -0.0472307    0.0409798    0.0670923    0.0290677    0.0538782    0.0219296    0.0204483      0.01377   -0.0120849   -0.0251275    0.0234049   -0.0287785   -0.0437587   0.00842192   -0.0268387    0.0276613   -0.0348696   -0.0164449    0.0104422   -0.0189834  -0.00816479    -0.035933  -0.00875745   -0.0247291   -0.0363969   -0.0303909   -0.0218168   -0.0154992  -0.00978389   -0.0131784    -0.015047   -0.0108902    0.0166934    -0.033162   -0.0196291   -0.0387417   -0.0548114    -0.024785   -0.0323414   -0.0486792   -0.0503834   -0.0124891   -0.0339544   -0.0406408   -0.0269339   -0.0419462   -0.0128957    -0.030082   -0.0219733   -0.0152962
   0.0689641    0.0878419    0.0318513    0.0376437    0.0669262     0.704654     0.040779    0.0455769    0.0364318     0.113606   -0.0624908   -0.0445902    -0.058866   -0.0441196   -0.0490198   -0.0404063   -0.0463682   -0.0423938   -0.0495202   -0.0431164    0.0342328    0.0087526    0.0639455    0.0132345   -0.0141917    0.0363849    0.0181405  -0.00262859   0.00766395    0.0656039  3.99648e-05   -0.0283785   0.00807215   -0.0128576    0.0207623   0.00913435  -0.00313807   0.00140927   0.00674788  -0.00137836  -0.00345449  -0.00618622   -0.0377063   0.00199576   -0.0253181   -0.0277286    -0.030522   -0.0142727   -0.0224705   -0.0293958   -0.0131909   -0.0590782   -0.0438861   -0.0267075   -0.0514533   -0.0476055      -0.0342    -0.047539   -0.0479102   -0.0208683    -0.025288   -0.0385209   -0.0578217   -0.0377564   -0.0540469   -0.0346759   -0.0249233    -0.028489   -0.0167412
   0.0647441    0.0462826    0.0406284    0.0592016     0.047616     0.040779     0.651828    0.0522091    0.0555801    0.0424215   -0.0337082   -0.0425828   -0.0245696   -0.0433697   -0.0150991   -0.0414025   -0.0259319   -0.0436023   -0.0302674   -0.0102023    0.0338822    0.0223026    0.0235983    0.0209069     0.024698    0.0264373    0.0142699   0.00640806    0.0048511    0.0208521   -0.0233472   -0.0309067  -0.00749792    -0.019658   -0.0219181   -0.0223124  0.000780668   -0.0214716    -0.030019   -0.0223388   -0.0467524   -0.0364556   -0.0101988   -0.0148008   -0.0383255   -0.0283064   -0.0497601   -0.0396524    -0.031811   -0.0289419   -0.0123416  -0.00459366   -0.0108939   -0.0372685   -0.0290624  0.000124736   -0.0254556   -0.0285009   -0.0608709   -0.0460279   0.00405978  -0.00734297   -0.0257742   -0.0283665  -0.00787601   -0.0518134   -0.0264212    -0.007321   -0.0265752
   0.0817098    0.0650207    0.0496019    0.0403022    0.0512023    0.0455769    0.0522091     0.646121    0.0438352    0.0471278   -0.0363521   -0.0297783   -0.0163368   -0.0440821   -0.0118396   -0.0593512   -0.0320023   -0.0410604   -0.0379604   -0.0157347    0.0671412   0.00143766   0.00704498    0.0228267    0.0112911    0.0165077    0.0294609   0.00711701  -0.00988306   0.00300332   -0.0178623    -0.030049   0.00791361   -0.0205132  -0.00868715   -0.0119341   0.00544714   0.00537873   -0.0113607   -0.0024221   -0.0318593   -0.0279286    -0.040714   -0.0361156    -0.037407   -0.0370301   -0.0363935   -0.0304857   -0.0393658   -0.0473371  -0.00116397  -0.00267928   0.00886201    -0.040601   -0.0305753    0.0018618   -0.0221145    0.0173786   -0.0335351   -0.0518824   -0.0194749   -0.0296525   -0.0470879    -0.027683   -0.0189424    -0.045978    -0.052461   -0.0235036   -0.0195421
   0.0703649    0.0436825    0.0617206    0.0106732    0.0410463    0.0364318    0.0555801    0.0438352     0.610208    0.0306837    -0.043431   -0.0532818   -0.0359497   -0.0409044   -0.0262013   -0.0458803   -0.0389589   -0.0323386   -0.0362475   -0.0173323    0.0170917    0.0111243     0.037738    0.0145015    0.0494621    0.0302524    0.0216741    0.0504503     0.018572   0.00720805  -0.00359118   -0.0154299   0.00421879   0.00388319    -0.019197  4.89366e-05   -0.0173082  -0.00594841   -0.0196653  -0.00275142   -0.0304443   -0.0232617  -0.00659751   -0.0133998   -0.0212194   -0.0183841   -0.0224966   -0.0232157   -0.0171055   -0.0157067   -0.0361243   -0.0323464   -0.0241847   -0.0443349   -0.0281366   -0.0247731   -0.0313753   -0.0217812   -0.0358172   -0.0342224   -0.0216613   -0.0295888   -0.0618041   -0.0476119   -0.0162208   -0.0226888   -0.0200255   -0.0196146   -0.0341687
   0.0563911    0.0853467     0.042196    0.0756199    0.0415066     0.113606    0.0424215    0.0471278    0.0306837     0.685416   -0.0554101   -0.0449008   -0.0406039   -0.0414418   -0.0478386   -0.0468858   -0.0669705   -0.0492902   -0.0411569    -0.010533    0.0171353    0.0184997    0.0293823    0.0244722    0.0181992    0.0245781    0.0158039    0.0293059    0.0406931    0.0480143   -0.0116952     -0.01686   -0.0125322   -0.0128839   -0.0237791   -0.0122437    0.0108168   0.00268703   -0.0116315   0.00916234    -0.015402  -0.00607081   -0.0331716   -0.0027687   -0.0175426   -0.0489109   -0.0211038   -0.0307581   -0.0204621   -0.0419332   -0.0408278   -0.0545036   -0.0211048   -0.0156546   -0.0358135   -0.0516738   -0.0351336   -0.0341434   -0.0327864    -0.029228   -0.0226658   -0.0377924   -0.0512107   -0.0584949   -0.0445471   -0.0238296   -0.0161806   -0.0466936   -0.0249035
  -0.0482847   -0.0603899   -0.0445458   -0.0160308   -0.0468095   -0.0624908   -0.0337082   -0.0363521    -0.043431   -0.0554101     0.827781     0.111952    0.0952786     0.147259     0.121538     0.147244     0.095734     0.100224     0.109163    0.0924844    -0.038475   -0.0524391   -0.0570508    -0.063074   -0.0377516   -0.0373492   -0.0293368   -0.0287986    -0.028335   -0.0492273   -0.0791018   -0.0699681   -0.0754756   -0.0912575    -0.067744   -0.0684429   -0.0838865   -0.0952302   -0.0876142   -0.0715907   -0.0823861   -0.0795376   -0.0870729   -0.0804976   -0.0922173   -0.0788711   -0.0779398   -0.0753913   -0.0863228   -0.0791536    0.0323379    0.0458484    0.0160391 -0.000676039    0.0709114   0.00969136    0.0169342    0.0358438    0.0637781    0.0669558    0.0273674    0.0452274    0.0471178    0.0709882     0.108061 -0.000493435    0.0129743   -0.0119016    0.0006927
  -0.0585111   -0.0485089   -0.0439702   -0.0457033    -0.055293   -0.0445902   -0.0425828   -0.0297783   -0.0532818   -0.0449008     0.111952      0.67152    0.0926691     0.114953     0.061351     0.145678    0.0908623     0.136826    0.0932322    0.0680459   -0.0286934   -0.0488019   -0.0580435   -0.0284605   -0.0254983   -0.0256977   -0.0200263   -0.0652477   -0.0456389   -0.0437944   -0.0651953   -0.0746352   -0.0740048   -0.0706293   -0.0680284   -0.0630969   -0.0722449   -0.0734549   -0.0862693    -0.079422   -0.0777187   -0.0726943   -0.0731944   -0.0837482   -0.0793407   -0.0576171   -0.0772168   -0.0494854    -0.077762   -0.0776166    0.0280674    0.0219283     0.035493    0.0424541     0.049185    0.0251218     0.032252    0.0251157    0.0958504    0.0642908   0.00761775    0.0128882    0.0834736    0.0764624    0.0348314    0.0822625   0.00881007   0.00182154   0.00207348
    -0.04613   -0.0467563   -0.0126879   -0.0368707   -0.0388375    -0.058866   -0.0245696   -0.0163368   -0.0359497   -0.0406039    0.0952786    0.0926691     0.658476    0.0948107     0.143602    0.0546556     0.118584    0.0784039     0.132777     0.126866   -0.0312132    -0.042212   -0.0285507   -0.0207715   -0.0151818     -0.02151    0.0171547  -0.00833527  -0.00316602   -0.0366745   -0.0690725    -0.080078   -0.0591345   -0.0724892   -0.0750243     -0.07332   -0.0772969    -0.088823    -0.079366   -0.0639697   -0.0750331   -0.0847874   -0.0790382    -0.082805   -0.0691604   -0.0708963    -0.088385   -0.0725134   -0.0887682   -0.0698546   -0.0207166   -0.0218356   0.00936481    0.0367842    0.0161117    0.0580097    0.0332038    0.0403299  -0.00689016  -0.00138774    0.0245676    0.0309059    0.0341823 -0.000252438   0.00613359    0.0208646    0.0342992    0.0304844    0.0604492
  -0.0564068   -0.0697812   -0.0304856   -0.0421566   -0.0532136   -0.0441196   -0.0433697   -0.0440821   -0.0409044   -0.0414418     0.147259     0.114953    0.0948107     0.745268    0.0632842     0.171944    0.0791041     0.104592     0.083313     0.105997   -0.0779709   -0.0357593    -0.068726   -0.0329178    -0.044638   -0.0104573   -0.0286772   -0.0481645   -0.0199086   -0.0139927   -0.0486546   -0.0696238   -0.0784274   -0.0676372   -0.0617425   -0.0812797   -0.0774511    -0.088984   -0.0888488   -0.0673699   -0.0859395   -0.0845895    -0.077952   -0.0938682   -0.0965222    -0.075003    -0.082147   -0.0818442   -0.0840871    -0.083624    0.0434153    0.0514028  -0.00705015  -0.00771168    0.0918294    0.0165422   0.00558853    0.0125675    0.0273007    0.0511545    0.0326492    0.0364926     0.106986    0.0654784    0.0799276    0.0228127    0.0374679    0.0258787   0.00800494
  -0.0252176   -0.0434671     -0.01942   -0.0421895   -0.0370829   -0.0490198   -0.0150991   -0.0118396   -0.0262013   -0.0478386     0.121538     0.061351     0.143602    0.0632842       0.6616    0.0644351     0.114446    0.0692907     0.131121     0.103494   -0.0343661   -0.0257482   -0.0380777   -0.0281604   -0.0146352   -0.0044889   -0.0144275   -0.0016736   -0.0256321   -0.0175057   -0.0652433   -0.0797628    -0.092211   -0.0898392   -0.0755295    -0.073451    -0.069107   -0.0781756    -0.077905   -0.0809339   -0.0762992   -0.0831768    -0.082607   -0.0840593   -0.0758669   -0.0670464   -0.0873339   -0.0758898   -0.0901528   -0.0929194   0.00228691    0.0139992    0.0355668    0.0787745   -0.0184536     0.055859    0.0468738    0.0626544   0.00857746    0.0223645     0.018288    0.0512596    0.0529288  -0.00284326    0.0158164   -0.0161265    0.0100085    0.0516595    0.0434012
  -0.0697623   -0.0618866     -0.06649   -0.0486719   -0.0451448   -0.0404063   -0.0414025   -0.0593512   -0.0458803   -0.0468858     0.147244     0.145678    0.0546556     0.171944    0.0644351     0.766261    0.0804093     0.140478    0.0674965    0.0496168   -0.0507203   -0.0725102   -0.0506039   -0.0479412   -0.0690843   -0.0383799   -0.0508001   -0.0683248   -0.0412254   -0.0430319   -0.0646485   -0.0565922   -0.0766363   -0.0658349   -0.0724235   -0.0646136   -0.0866747   -0.0746009   -0.0738181   -0.0565266   -0.0783207   -0.0802544   -0.0670692   -0.0597294   -0.0833151   -0.0880051   -0.0799921   -0.0844451    -0.066905   -0.0872506    0.0412524    0.0512489   0.00832344   0.00141885     0.101628   0.00401264    0.0397097  -0.00327939    0.0780328     0.109229    0.0415401     0.028153    0.0958995    0.0630081    0.0937714    0.0830253    0.0129238    0.0314369   -0.0112976
  -0.0433433   -0.0486872   -0.0275507   -0.0414771    -0.035252   -0.0463682   -0.0259319   -0.0320023   -0.0389589   -0.0669705     0.095734    0.0908623     0.118584    0.0791041     0.114446    0.0804093      0.71458     0.091192     0.137492     0.131269   -0.0361739   0.00458639   -0.0454214   -0.0267571   -0.0349137  -0.00332897   -0.0157609   -0.0263311   -0.0164946   0.00168376    -0.084074   -0.0761275   -0.0888439     -0.08569   -0.0895863   -0.0820496   -0.0916739   -0.0845858   -0.0726223   -0.0711345   -0.0620263   -0.0915358   -0.0794682   -0.0894243   -0.0647219   -0.0710176   -0.0935267   -0.0764714   -0.0825084   -0.0642079    -0.004723   -0.0253734    0.0264016    0.0452543  -0.00948912    0.0664808    0.0550789    0.0304038    0.0211375    0.0186203    0.0456494    0.0334706    0.0296928    0.0416559    0.0359803   -0.0136903    0.0514374    0.0645771    0.0190655
  -0.0615019   -0.0468601   -0.0521763   -0.0437849   -0.0528533   -0.0423938   -0.0436023   -0.0410604   -0.0323386   -0.0492902     0.100224     0.136826    0.0784039     0.104592    0.0692907     0.140478     0.091192      0.72548    0.0854706    0.0691343   -0.0298261   -0.0615383   -0.0649548   -0.0450953   -0.0448996   -0.0329116   -0.0286553   -0.0172636   -0.0284274   -0.0151162   -0.0698402   -0.0750769   -0.0854152   -0.0848765   -0.0815021   -0.0699863   -0.0915073   -0.0871497   -0.0843065   -0.0888202   -0.0747702   -0.0887143    -0.080805   -0.0994176   -0.0776822   -0.0734011   -0.0703683   -0.0763083   -0.0759076   -0.0771255     0.064057     0.061644    0.0688194    0.0148319    0.0362935    0.0276388    0.0389186    0.0170441     0.112211    0.0832672    0.0179028    0.0215826    0.0979749    0.0693441    0.0558086    0.0770689    0.0171084    0.0149292   0.00337603
  -0.0455027   -0.0387861    -0.042806   -0.0214966   -0.0450675   -0.0495202   -0.0302674   -0.0379604   -0.0362475   -0.0411569     0.109163    0.0932322     0.132777     0.083313     0.131121    0.0674965     0.137492    0.0854706     0.724676     0.126219   -0.0378477   -0.0435475   -0.0430655   0.00638338   -0.0343456   -0.0134039  -0.00724843   -0.0135167    0.0274709   -0.0436176   -0.0762786   -0.0796091   -0.0685077    -0.056341    -0.057056   -0.0775434   -0.0861323   -0.0572742   -0.0930782   -0.0858254   -0.0770738   -0.0950005   -0.0887693    -0.109226   -0.0774737   -0.0781671   -0.0896616    -0.095393   -0.0840146   -0.0748699    -0.025551   -0.0473529    0.0736093    0.0552686   0.00786947    0.0752514     0.044414    0.0420223  -0.00382285    0.0210894    0.0312325    0.0464907    0.0352359    -0.015037    0.0256525   0.00602539    0.0236164    0.0505359    0.0232966
  -0.0341842   -0.0427463   -0.0240177   -0.0384326   -0.0472307   -0.0431164   -0.0102023   -0.0157347   -0.0173323    -0.010533    0.0924844    0.0680459     0.126866     0.105997     0.103494    0.0496168     0.131269    0.0691343     0.126219     0.730318   -0.0290883   -0.0501017    -0.038229   -0.0322604   -0.0159817   -0.0111859   0.00608361  0.000783372   -0.0068531   -0.0350232   -0.0566173    -0.077344   -0.0918105   -0.0782768   -0.0647943   -0.0696911   -0.0822986    -0.073922   -0.0928049   -0.0834803   -0.0674384   -0.0759517   -0.0934015   -0.0942373   -0.0623902   -0.0533772   -0.0788818   -0.0752002   -0.0793114    -0.082808   -0.0130809     -0.02001    0.0197436    0.0677453   0.00861901    0.0401859    0.0420237    0.0300708    0.0164734    -0.012025    0.0207333    0.0547211    0.0305604  -0.00828176    -0.012575   0.00989928    0.0288007    0.0444281    0.0188674
   0.0470902    0.0466323    0.0235691    0.0458661    0.0409798    0.0342328    0.0338822    0.0671412    0.0170917    0.0171353    -0.038475   -0.0286934   -0.0312132   -0.0779709   -0.0343661   -0.0507203   -0.0361739   -0.0298261   -0.0378477   -0.0290883       0.6903    0.0817717     0.163692    0.0892914     0.024757   -0.0132731    0.0157754    0.0109906    0.0485894    0.0634946    -0.038675   -0.0469643   -0.0442534   -0.0390143    -0.033794   -0.0190297   -0.0213919   -0.0303472   -0.0260952    -0.023827   -0.0110406    0.0129029   -0.0234371    0.0533411    0.0420142   -0.0397847  -0.00479376   0.00281547  -0.00846492  -0.00362297   -0.0374185  -0.00901755   -0.0207375   -0.0575111   -0.0608453   -0.0457096  -0.00637196   -0.0132831   -0.0601392    -0.061565   -0.0361892   -0.0525577   -0.0548524   -0.0533643   -0.0442356   -0.0561018   -0.0482329   -0.0460325   -0.0151296
   0.0122441    0.0491055    0.0363229    0.0320977    0.0670923    0.0087526    0.0223026   0.00143766    0.0111243    0.0184997   -0.0524391   -0.0488019    -0.042212   -0.0357593   -0.0257482   -0.0725102   0.00458639   -0.0615383   -0.0435475   -0.0501017    0.0817717     0.699769    0.0797094     0.088138    0.0604643    0.0577432    0.0897595    0.0770921    0.0650443     0.101348   -0.0453317   -0.0489104   -0.0404472   -0.0493471   -0.0507572   -0.0553483   -0.0556641   -0.0608792   -0.0571513   -0.0501109   0.00663434    0.0114532  -0.00968818  -0.00137123   0.00932519   -0.0175931   0.00967897    0.0227544  -0.00305388 -0.000815235   -0.0127138    -0.010617   -0.0334456   -0.0301595   -0.0381757   -0.0345677   -0.0187877   -0.0283394   -0.0571337   -0.0529207   -0.0322082    -0.028489    -0.054799   -0.0477159   -0.0437344   -0.0492934   -0.0339443   -0.0348677   -0.0183993
   0.0522991    0.0405989  -0.00891309    0.0531741    0.0290677    0.0639455    0.0235983   0.00704498     0.037738    0.0293823   -0.0570508   -0.0580435   -0.0285507    -0.068726   -0.0380777   -0.0506039   -0.0454214   -0.0649548   -0.0430655    -0.038229     0.163692    0.0797094       0.7767    0.0314185    0.0234852   -0.0269097    0.0144154   -0.0143084     0.064253    0.0566268   -0.0283556   -0.0574796   -0.0442877   -0.0473801   -0.0409481   -0.0273655   -0.0328342   -0.0345682   -0.0359634   -0.0461329   -0.0246704    0.0309764   -0.0357589    0.0965286    0.0201427   -0.0557732   -0.0298441   -0.0174043   -0.0171807   -0.0177124  -0.00638118   -0.0282547   -0.0114888   -0.0156602   -0.0249408    0.0147711  -0.00890235  -0.00731633   -0.0544821   -0.0487469  -0.00188537   -0.0182384   -0.0816356   -0.0601522   -0.0307213   -0.0506275   -0.0135043   -0.0131169    0.0291495
  0.00841433     0.045396   0.00823804    0.0052802    0.0538782    0.0132345    0.0209069    0.0228267    0.0145015    0.0244722    -0.063074   -0.0284605   -0.0207715   -0.0329178   -0.0281604   -0.0479412   -0.0267571   -0.0450953   0.00638338   -0.0322604    0.0892914     0.088138    0.0314185      0.67474    0.0472842    0.0504123     0.078627     0.025775     0.091618    0.0714048   -0.0285395   -0.0367612   -0.0252927   -0.0402607   -0.0128325   -0.0652225   -0.0344617    -0.028899    -0.027455   -0.0369734    0.0132985   0.00384287    0.0284863   -0.0186185  -0.00198798    0.0226096    0.0277251    0.0126385  -0.00127548     0.033081   -0.0478718   -0.0209246   -0.0528645   -0.0439389   -0.0529496   -0.0375758   -0.0388494   -0.0198473   -0.0740673   -0.0625541   -0.0394278    -0.055622   -0.0583251   -0.0749925   -0.0762748   -0.0430267  -0.00761313   -0.0343934 -0.000202227
   0.0282839    0.0280705    0.0364937    0.0238737    0.0219296   -0.0141917     0.024698    0.0112911    0.0494621    0.0181992   -0.0377516   -0.0254983   -0.0151818    -0.044638   -0.0146352   -0.0690843   -0.0349137   -0.0448996   -0.0343456   -0.0159817     0.024757    0.0604643    0.0234852    0.0472842     0.671445    0.0735465    0.0696319    0.0830776    0.0763538    0.0370953  -0.00988362   -0.0385173  -0.00312044   -0.0355449   -0.0342775   -0.0190382   -0.0286301   -0.0296213   -0.0233069   -0.0154133  -0.00932727   -0.0129265   0.00454085   -0.0307685   -0.0393034    0.0175628   -0.0148764  -0.00434655   -0.0223599  0.000101147  -0.00356622   -0.0245545   -0.0376657   -0.0449609   -0.0397035   -0.0249284   -0.0301045   -0.0156826   -0.0126284   -0.0376938   -0.0255892   -0.0478677   -0.0450636   -0.0564017   -0.0366409     -0.05597   -0.0290796   -0.0463272   -0.0277252
   0.0391298    0.0256183    0.0402293    0.0451416    0.0204483    0.0363849    0.0264373    0.0165077    0.0302524    0.0245781   -0.0373492   -0.0256977     -0.02151   -0.0104573   -0.0044889   -0.0383799  -0.00332897   -0.0329116   -0.0134039   -0.0111859   -0.0132731    0.0577432   -0.0269097    0.0504123    0.0735465     0.619864    0.0477673    0.0584787     0.044385    0.0541152    -0.003312   -0.0206683   -0.0354928   -0.0360353   -0.0359493    -0.043605   -0.0388379   -0.0047357    -0.020138   -0.0282979   -0.0162133   -0.0412887    0.0053776   -0.0671599   -0.0375466   0.00751542   0.00139793   0.00229617   -0.0297114  -0.00780239  -0.00927914  -0.00346474   -0.0283362    -0.045705   -0.0400016   -0.0379455   -0.0230421   -0.0186812   -0.0719419   -0.0442942   -0.0329255   -0.0279255   -0.0401962   -0.0375133   -0.0352008   -0.0244711   -0.0149272   -0.0303926 -0.000871073
  0.00380478    0.0345014    0.0190144  -0.00814344      0.01377    0.0181405    0.0142699    0.0294609    0.0216741    0.0158039   -0.0293368   -0.0200263    0.0171547   -0.0286772   -0.0144275   -0.0508001   -0.0157609   -0.0286553  -0.00724843   0.00608361    0.0157754    0.0897595    0.0144154     0.078627    0.0696319    0.0477673     0.594961    0.0645109      0.10195     0.064344   -0.0221804   -0.0507661   -0.0275039   -0.0570385   -0.0242063   -0.0449987   -0.0434106   -0.0353426   -0.0368278   -0.0269428  -0.00585418   -0.0107678  -0.00518115   -0.0354072   -0.0359132  -0.00389427   0.00635905   -0.0129872   -0.0115908   -0.0115538   -0.0279075    -0.033765   -0.0264391   -0.0222657    -0.056585   -0.0201837   -0.0141458   -0.0275371   -0.0354608   -0.0440258   -0.0244697   -0.0282098   -0.0410577   -0.0468983   -0.0367035   -0.0435531   -0.0374528  -0.00936011   -0.0113215
   0.0461177    0.0189117    0.0331922    0.0403623   -0.0120849  -0.00262859   0.00640806   0.00711701    0.0504503    0.0293059   -0.0287986   -0.0652477  -0.00833527   -0.0481645   -0.0016736   -0.0683248   -0.0263311   -0.0172636   -0.0135167  0.000783372    0.0109906    0.0770921   -0.0143084     0.025775    0.0830776    0.0584787    0.0645109     0.667011    0.0452839    0.0595114   -0.0173232    -0.023477   -0.0163095   -0.0288599  -0.00562784   -0.0303015    -0.030121   -0.0436537   -0.0193629   -0.0254956    0.0158396   -0.0100357    0.0049888   -0.0226286   0.00298487     0.027291   0.00145478    -0.020738    -0.014277  -0.00147759   -0.0416486   -0.0480499   -0.0333234   -0.0371648   -0.0518333    -0.036606   -0.0340888   -0.0153046   -0.0701332   -0.0224056   -0.0218221   -0.0429727   -0.0458475   -0.0535434   -0.0369832   -0.0398927   -0.0253139    -0.027896   -0.0375866
   0.0253676   0.00778616  -0.00221357    0.0599791   -0.0251275   0.00766395    0.0048511  -0.00988306     0.018572    0.0406931    -0.028335   -0.0456389  -0.00316602   -0.0199086   -0.0256321   -0.0412254   -0.0164946   -0.0284274    0.0274709   -0.0068531    0.0485894    0.0650443     0.064253     0.091618    0.0763538     0.044385      0.10195    0.0452839     0.706118    0.0963771   -0.0438528   -0.0460946   -0.0406358   -0.0558963   -0.0296668   -0.0345204   -0.0593968   -0.0166886   -0.0574063   -0.0188647  0.000732162  -0.00714029   0.00848202   -0.0181703   -0.0249621   -0.0129627  -0.00702018  -0.00329273    0.0042711  -0.00384426   -0.0545703    -0.061244   -0.0488212    -0.043287    -0.038881  -0.00660125   -0.0318371   -0.0239387   -0.0583548   -0.0308811   -0.0375673   -0.0176251   -0.0394651   -0.0855484   -0.0612566   -0.0253289   -0.0290174   -0.0329865   -0.0173588
   0.0275183    0.0215508  0.000252123    0.0570077    0.0234049    0.0656039    0.0208521   0.00300332   0.00720805    0.0480143   -0.0492273   -0.0437944   -0.0366745   -0.0139927   -0.0175057   -0.0430319   0.00168376   -0.0151162   -0.0436176   -0.0350232    0.0634946     0.101348    0.0566268    0.0714048    0.0370953    0.0541152     0.064344    0.0595114    0.0963771     0.682314   -0.0204993   -0.0520612   -0.0407726   -0.0453144   -0.0391853    -0.048647    -0.039141   -0.0404115   -0.0463203   -0.0308417  -0.00840552  -0.00587832   0.00850616   0.00520643    0.0105149   -0.0101468    0.0021964    0.0115681   -0.0113463   0.00832511   -0.0264407    -0.043055   -0.0498849   -0.0369262   -0.0411388   -0.0496429   -0.0474444   -0.0410226   -0.0458699    -0.030052   -0.0421888   -0.0435709    -0.033991   -0.0542778   -0.0599444   -0.0515653   -0.0164929   -0.0447684    -0.027559
 -0.00291677   -0.0196606   0.00155801   -0.0138766   -0.0287785  3.99648e-05   -0.0233472   -0.0178623  -0.00359118   -0.0116952   -0.0791018   -0.0651953   -0.0690725   -0.0486546   -0.0652433   -0.0646485    -0.084074   -0.0698402   -0.0762786   -0.0566173    -0.038675   -0.0453317   -0.0283556   -0.0285395  -0.00988362    -0.003312   -0.0221804   -0.0173232   -0.0438528   -0.0204993     0.563874     0.109314     0.108254     0.129633     0.103089     0.107459     0.101517     0.102088     0.135922     0.112429    0.0896562    0.0673726    0.0763323    0.0638632    0.0968271    0.0821784    0.0979098    0.0654878     0.108563    0.0780907   -0.0686224   -0.0800325   -0.0798456   -0.0869274   -0.0571985   -0.0773751   -0.0577326   -0.0636272   -0.0620183   -0.0586859    -0.072913   -0.0715676   -0.0845695   -0.0612229   -0.0709476   -0.0773681   -0.0615874   -0.0854701   -0.0630854
  -0.0235681   -0.0218163   -0.0134847   0.00254558   -0.0437587   -0.0283785   -0.0309067    -0.030049   -0.0154299     -0.01686   -0.0699681   -0.0746352    -0.080078   -0.0696238   -0.0797628   -0.0565922   -0.0761275   -0.0750769   -0.0796091    -0.077344   -0.0469643   -0.0489104   -0.0574796   -0.0367612   -0.0385173   -0.0206683   -0.0507661    -0.023477   -0.0460946   -0.0520612     0.109314     0.664783     0.135896     0.150633    0.0979037     0.116583     0.133597     0.112428     0.141501      0.13134    0.0890101    0.0805835     0.108049    0.0783369    0.0915662    0.0818609    0.0840804     0.080608    0.0650813     0.106743   -0.0612636   -0.0840983    -0.067443    -0.054944   -0.0654139   -0.0733435   -0.0690039   -0.0756638   -0.0590243   -0.0470974   -0.0753604   -0.0664789   -0.0536024   -0.0435249   -0.0640466   -0.0528882   -0.0625854   -0.0524582   -0.0581116
  -0.0194837    0.0165281  -0.00521481   0.00213316   0.00842192   0.00807215  -0.00749792   0.00791361   0.00421879   -0.0125322   -0.0754756   -0.0740048   -0.0591345   -0.0784274    -0.092211   -0.0766363   -0.0888439   -0.0854152   -0.0685077   -0.0918105   -0.0442534   -0.0404472   -0.0442877   -0.0252927  -0.00312044   -0.0354928   -0.0275039   -0.0163095   -0.0406358   -0.0407726     0.108254     0.135896     0.678373     0.140503     0.112554     0.100079     0.118694     0.114181     0.143131     0.139872    0.0592722    0.0578238     0.127703    0.0680266    0.0679603      0.11371    0.0880062    0.0953588    0.0828819    0.0793234   -0.0552962   -0.0683113   -0.0769652    -0.072813   -0.0768175   -0.0824864   -0.0768007    -0.087262   -0.0702048   -0.0936947    -0.082753   -0.0739955   -0.0994646   -0.0777138   -0.0827445   -0.0674046    -0.061386    -0.090168   -0.0681593
   -0.020814    0.0103428  -0.00891075   -0.0154089   -0.0268387   -0.0128576    -0.019658   -0.0205132   0.00388319   -0.0128839   -0.0912575   -0.0706293   -0.0724892   -0.0676372   -0.0898392   -0.0658349     -0.08569   -0.0848765    -0.056341   -0.0782768   -0.0390143   -0.0493471   -0.0473801   -0.0402607   -0.0355449   -0.0360353   -0.0570385   -0.0288599   -0.0558963   -0.0453144     0.129633     0.150633     0.140503      0.67245     0.101184     0.109226     0.126767     0.183319     0.159835     0.155269     0.068971    0.0678799     0.065058    0.0816449     0.076633      0.10895    0.0615921    0.0932338    0.0770659    0.0595303   -0.0730252   -0.0937249   -0.0817358   -0.0307562   -0.0818532   -0.0985847   -0.0353854   -0.0781243    -0.073418   -0.0692147   -0.0565112   -0.0601669   -0.0731927   -0.0719504   -0.0719976   -0.0539128   -0.0603196   -0.0690186   -0.0579449
  -0.0167995   -0.0190945   -0.0150062   -0.0292972    0.0276613    0.0207623   -0.0219181  -0.00868715    -0.019197   -0.0237791    -0.067744   -0.0680284   -0.0750243   -0.0617425   -0.0755295   -0.0724235   -0.0895863   -0.0815021    -0.057056   -0.0647943    -0.033794   -0.0507572   -0.0409481   -0.0128325   -0.0342775   -0.0359493   -0.0242063  -0.00562784   -0.0296668   -0.0391853     0.103089    0.0979037     0.112554     0.101184     0.673672    0.0973368     0.111014     0.114818     0.102499     0.122553    0.0968849     0.112579    0.0776098    0.0788608    0.0843553     0.123261    0.0982645     0.105083    0.0928431    0.0712796   -0.0644657   -0.0333291   -0.0617201   -0.0863497   -0.0480751   -0.0789494   -0.0901095   -0.0713081   -0.0625803   -0.0724566   -0.0735666   -0.0624313   -0.0854208   -0.0707692   -0.0807595   -0.0857541   -0.0857249   -0.0648815   -0.0789481
  -0.0186093   -0.0151044   -0.0205192   -0.0112519   -0.0348696   0.00913435   -0.0223124   -0.0119341  4.89366e-05   -0.0122437   -0.0684429   -0.0630969     -0.07332   -0.0812797    -0.073451   -0.0646136   -0.0820496   -0.0699863   -0.0775434   -0.0696911   -0.0190297   -0.0553483   -0.0273655   -0.0652225   -0.0190382    -0.043605   -0.0449987   -0.0303015   -0.0345204    -0.048647     0.107459     0.116583     0.100079     0.109226    0.0973368     0.735661     0.132939     0.136262     0.123993     0.100533    0.0779777    0.0891899    0.0661986     0.100674    0.0714137    0.0781228    0.0769317    0.0918757    0.0784941    0.0569147   -0.0719955   -0.0981905   -0.0720811   -0.0703116   -0.0710325   -0.0980519   -0.0662019   -0.0636386    -0.027777   -0.0465607   -0.0570846   -0.0440413    -0.078615   -0.0594276   -0.0632293   -0.0667408   -0.0680393   -0.0600741     -0.06198
  -0.0131745    0.0106761  -0.00346976   -0.0212028   -0.0164449  -0.00313807  0.000780668   0.00544714   -0.0173082    0.0108168   -0.0838865   -0.0722449   -0.0772969   -0.0774511    -0.069107   -0.0866747   -0.0916739   -0.0915073   -0.0861323   -0.0822986   -0.0213919   -0.0556641   -0.0328342   -0.0344617   -0.0286301   -0.0388379   -0.0434106    -0.030121   -0.0593968    -0.039141     0.101517     0.133597     0.118694     0.126767     0.111014     0.132939     0.655967     0.094037      0.12483     0.118709    0.0934099     0.102567     0.107662    0.0960882    0.0990563    0.0996602    0.0726841    0.0912778     0.110505    0.0987571    -0.059286   -0.0479798   -0.0616107   -0.0808224   -0.0711983   -0.0881992   -0.0820053   -0.0647309   -0.0855325   -0.0750826   -0.0810356   -0.0570981   -0.0843835   -0.0718799   -0.0852386   -0.0697817   -0.0790002     -0.06974   -0.0600409
  -0.0117097  -0.00569756  -0.00917815  0.000375833    0.0104422   0.00140927   -0.0214716   0.00537873  -0.00594841   0.00268703   -0.0952302   -0.0734549    -0.088823    -0.088984   -0.0781756   -0.0746009   -0.0845858   -0.0871497   -0.0572742    -0.073922   -0.0303472   -0.0608792   -0.0345682    -0.028899   -0.0296213   -0.0047357   -0.0353426   -0.0436537   -0.0166886   -0.0404115     0.102088     0.112428     0.114181     0.183319     0.114818     0.136262     0.094037     0.732519     0.116118     0.111607    0.0737008    0.0524663    0.0864058    0.0724814    0.0854386     0.086319    0.0925405    0.0714164      0.05753    0.0761254   -0.0513645   -0.0580155   -0.0793372   -0.0206814   -0.0904342    -0.087743   -0.0723803   -0.0772435   -0.0617187   -0.0674631   -0.0884758   -0.0560372   -0.0831847   -0.0674156   -0.0898149   -0.0761131   -0.0710116   -0.0660941   -0.0621941
 -0.00600684  -0.00901749  -0.00263307   -0.0113613   -0.0189834   0.00674788    -0.030019   -0.0113607   -0.0196653   -0.0116315   -0.0876142   -0.0862693    -0.079366   -0.0888488    -0.077905   -0.0738181   -0.0726223   -0.0843065   -0.0930782   -0.0928049   -0.0260952   -0.0571513   -0.0359634    -0.027455   -0.0233069    -0.020138   -0.0368278   -0.0193629   -0.0574063   -0.0463203     0.135922     0.141501     0.143131     0.159835     0.102499     0.123993      0.12483     0.116118     0.676827     0.143366    0.0799445    0.0878457    0.0924621    0.0865695     0.089655     0.113411    0.0782032    0.0700011    0.0694967    0.0789478    -0.031552   -0.0513601   -0.0936441   -0.0762796   -0.0904785   -0.0806135   -0.0749076   -0.0592599   -0.0600819   -0.0689345   -0.0759238    -0.070561   -0.0813102   -0.0825881   -0.0629006   -0.0617142   -0.0648259   -0.0681339   -0.0636957
  0.00388228    -0.025744  -0.00959025    -0.029897  -0.00816479  -0.00137836   -0.0223388   -0.0024221  -0.00275142   0.00916234   -0.0715907    -0.079422   -0.0639697   -0.0673699   -0.0809339   -0.0565266   -0.0711345   -0.0888202   -0.0858254   -0.0834803    -0.023827   -0.0501109   -0.0461329   -0.0369734   -0.0154133   -0.0282979   -0.0269428   -0.0254956   -0.0188647   -0.0308417     0.112429      0.13134     0.139872     0.155269     0.122553     0.100533     0.118709     0.111607     0.143366     0.625976    0.0919829    0.0575903    0.0814931    0.0809401    0.0784954    0.0972718     0.112584    0.0916977    0.0670309    0.0846331   -0.0740681   -0.0811829   -0.0775013    -0.077683    -0.080701   -0.0806269   -0.0839285   -0.0765944   -0.0626662   -0.0620583   -0.0783863   -0.0732935   -0.0786421   -0.0748331   -0.0650339   -0.0806631   -0.0682394   -0.0519909   -0.0755621
  -0.0198125    -0.040382   -0.0392505   -0.0118281    -0.035933  -0.00345449   -0.0467524   -0.0318593   -0.0304443    -0.015402   -0.0823861   -0.0777187   -0.0750331   -0.0859395   -0.0762992   -0.0783207   -0.0620263   -0.0747702   -0.0770738   -0.0674384   -0.0110406   0.00663434   -0.0246704    0.0132985  -0.00932727   -0.0162133  -0.00585418    0.0158396  0.000732162  -0.00840552    0.0896562    0.0890101    0.0592722     0.068971    0.0968849    0.0779777    0.0934099    0.0737008    0.0799445    0.0919829     0.659963     0.118265     0.108824    0.0880628     0.139244     0.140488     0.125383     0.106082     0.152954     0.124065   -0.0564077   -0.0695769   -0.0842265   -0.0950283   -0.0747468   -0.0970208   -0.0666202   -0.0789236   -0.0703105    -0.072258    -0.091089   -0.0792976   -0.0730778   -0.0734966   -0.0838835   -0.0631158     -0.07214   -0.0779458   -0.0621974
 -0.00020168    -0.019425   -0.0106685   -0.0428253  -0.00875745  -0.00618622   -0.0364556   -0.0279286   -0.0232617  -0.00607081   -0.0795376   -0.0726943   -0.0847874   -0.0845895   -0.0831768   -0.0802544   -0.0915358   -0.0887143   -0.0950005   -0.0759517    0.0129029    0.0114532    0.0309764   0.00384287   -0.0129265   -0.0412887   -0.0107678   -0.0100357  -0.00714029  -0.00587832    0.0673726    0.0805835    0.0578238    0.0678799     0.112579    0.0891899     0.102567    0.0524663    0.0878457    0.0575903     0.118265     0.641993     0.120866     0.140866     0.118024      0.10131     0.142442     0.119603     0.130739      0.12088   -0.0705304   -0.0734311   -0.0725702   -0.0833603   -0.0495748   -0.0878879   -0.0781663    -0.083502   -0.0445869   -0.0655383    -0.066883   -0.0662609   -0.0903542   -0.0812253   -0.0660039   -0.0908132   -0.0767568   -0.0807273   -0.0657578
  -0.0281426   -0.0235625   -0.0468336   -0.0449755   -0.0247291   -0.0377063   -0.0101988    -0.040714  -0.00659751   -0.0331716   -0.0870729   -0.0731944   -0.0790382    -0.077952    -0.082607   -0.0670692   -0.0794682    -0.080805   -0.0887693   -0.0934015   -0.0234371  -0.00968818   -0.0357589    0.0284863   0.00454085    0.0053776  -0.00518115    0.0049888   0.00848202   0.00850616    0.0763323     0.108049     0.127703     0.065058    0.0776098    0.0661986     0.107662    0.0864058    0.0924621    0.0814931     0.108824     0.120866      0.69469     0.106598     0.118616     0.120166     0.150901     0.135253     0.146684     0.150269   -0.0695627   -0.0573132    -0.078616   -0.0768741   -0.0797826   -0.0657135   -0.0836224   -0.0748366   -0.0826483   -0.0882836   -0.0621088    -0.086931   -0.0858018   -0.0793915   -0.0854389    -0.101339   -0.0768066   -0.0961047   -0.0788764
  -0.0256861  -0.00331918   0.00152828   -0.0238733   -0.0363969   0.00199576   -0.0148008   -0.0361156   -0.0133998   -0.0027687   -0.0804976   -0.0837482    -0.082805   -0.0938682   -0.0840593   -0.0597294   -0.0894243   -0.0994176    -0.109226   -0.0942373    0.0533411  -0.00137123    0.0965286   -0.0186185   -0.0307685   -0.0671599   -0.0354072   -0.0226286   -0.0181703   0.00520643    0.0638632    0.0783369    0.0680266    0.0816449    0.0788608     0.100674    0.0960882    0.0724814    0.0865695    0.0809401    0.0880628     0.140866     0.106598     0.737249     0.167007    0.0630363     0.111061     0.117979     0.128706     0.143382   -0.0590878    -0.048512   -0.0825125   -0.0776311   -0.0685798   -0.0876849   -0.0881271   -0.0876819   -0.0662314   -0.0499904   -0.0805734   -0.0783551   -0.0753339   -0.0944755   -0.0734303   -0.0828543   -0.0601424   -0.0867189   -0.0622174
