     1.05283    0.0625085    0.0557576    0.0220283    0.0219784    0.0286867    0.0237744    0.0566304    0.0104178    0.0277179   -0.0268391   -0.0297205    -0.033846   -0.0367882   -0.0288016   -0.0331008   -0.0267901   -0.0328671   -0.0293921   -0.0352988   0.00636355   0.00134535   0.00461688   0.00905756    0.0051743   0.00225574  -0.00292256    0.0123523   0.00523866  -0.00059079  -0.00911142    -0.011743   -0.0132579   -0.0106384   -0.0129311  -0.00891259  -0.00830987  -0.00896725   -0.0109781  -0.00937144   -0.0111622   -0.0138381   -0.0123196  -0.00968051   -0.0119711   -0.0150059   -0.0144846   -0.0121088   -0.0113387   -0.0117324   -0.0344914   -0.0371473   -0.0441204   -0.0500561   -0.0426814   -0.0404513   -0.0341552    -0.043984   -0.0397039   -0.0425126   -0.0400401   -0.0421852   -0.0431106   -0.0381227   -0.0407975    -0.041039   -0.0438673   -0.0509921   -0.0436047   -0.0369752   -0.0356962
   0.0625085      1.04974    0.0276477     0.025672    0.0204497    0.0330702    0.0302491    0.0559483     0.016416    0.0319729   -0.0426683    -0.034559   -0.0387961   -0.0426325   -0.0402105   -0.0394181   -0.0471357     -0.04774   -0.0415838   -0.0427125  0.000849499   -0.0013239   0.00874098   0.00616726   0.00617841   0.00194613   -0.0012561   0.00867919    0.0101058   0.00107099   0.00622917   0.00520735   0.00287482   0.00510595   0.00571743   0.00724719    0.0055718   0.00474305   0.00372509   0.00510304   0.00263921   0.00427928   0.00390986   0.00474746   0.00471673    0.0018265   0.00296098   0.00474748   0.00600056   0.00377582   -0.0471745   -0.0442467   -0.0570213   -0.0575217   -0.0539916   -0.0508934   -0.0493984   -0.0502837   -0.0538693   -0.0549912   -0.0506558    -0.052274   -0.0510905   -0.0575333   -0.0462681   -0.0484612   -0.0499795   -0.0602948   -0.0554915   -0.0473892   -0.0438803
   0.0557576    0.0276477       1.0667    0.0167917    0.0318797    0.0171451    0.0196598     0.173719   0.00757991     0.025715   -0.0335979   -0.0275041    -0.034873   -0.0402138   -0.0280215   -0.0385462   -0.0303352   -0.0324416   -0.0340844    -0.034396  -0.00826561   -0.0147241   -0.0136053   0.00133384  -0.00753142   -0.0117886   -0.0081509  -0.00691543   -0.0108846   -0.0168223  -0.00561157  -0.00763178  -0.00758314  -0.00653737  -0.00674117  -0.00688727  -0.00507123  -0.00457799  -0.00481811  -0.00494479  -0.00740296  -0.00952214  -0.00563556  -0.00708994  -0.00640168  -0.00863011  -0.00768066   -0.0085153   -0.0081049  -0.00749583   -0.0410726   -0.0379281   -0.0424699   -0.0509572   -0.0465857    -0.043786   -0.0310581   -0.0512079   -0.0387953   -0.0399835   -0.0408692    -0.037438   -0.0428723   -0.0363857   -0.0444694   -0.0346817   -0.0488533   -0.0503912   -0.0467793   -0.0361447   -0.0378959
   0.0220283     0.025672    0.0167917      1.04549    0.0275081    0.0299082    0.0193643    0.0245833    0.0199424    0.0198974   -0.0501786   -0.0473608   -0.0397296   -0.0422571   -0.0410937   -0.0391545    -0.042594   -0.0462698   -0.0349476   -0.0431337   0.00498813   0.00524906   0.00557761    0.0113069   0.00882191   0.00993915   0.00482142   0.00832433    0.0116292   0.00799291    0.0115162   0.00924478   0.00766531     0.010147    0.0091236    0.0110115    0.0103356    0.0092213   0.00843562   0.00924737   0.00759428    0.0050916   0.00846793   0.00675046   0.00795208   0.00571633   0.00581904   0.00861064    0.0100898   0.00842906   -0.0479824   -0.0452817   -0.0529171   -0.0579633   -0.0553005   -0.0523202   -0.0493753   -0.0603895   -0.0535561   -0.0543048   -0.0513536   -0.0497214   -0.0524439   -0.0547504   -0.0475153   -0.0496975   -0.0610187   -0.0598064   -0.0527344    -0.050059   -0.0459892
   0.0219784    0.0204497    0.0318797    0.0275081      1.04347    0.0252151    0.0164585     0.032837    0.0135965    0.0143883   -0.0397457    -0.039696   -0.0367234   -0.0387082   -0.0284938   -0.0321007   -0.0434457   -0.0382167   -0.0405192   -0.0409703  -0.00111375    0.0029809   0.00522375   0.00704062   0.00286816  0.000423178  0.000337275    0.0045786   0.00279865   0.00636514   0.00950978   0.00693845   0.00830647   0.00620516   0.00921991    0.0088839   0.00860186   0.00954083    0.0080868   0.00935302   0.00709008   0.00200589   0.00406178   0.00831178   0.00504757   0.00607864    0.0057596   0.00631533   0.00630109   0.00604128   -0.0452018   -0.0477295   -0.0501073   -0.0606133   -0.0524098   -0.0500129   -0.0491167   -0.0517953   -0.0488726   -0.0501356   -0.0476241   -0.0476316   -0.0491302   -0.0486313   -0.0501189   -0.0498372   -0.0516305   -0.0606881   -0.0511583    -0.045559   -0.0430355
   0.0286867    0.0330702    0.0171451    0.0299082    0.0252151      1.03547    0.0187875    0.0362847    0.0272377    0.0231147   -0.0489727   -0.0470812    -0.045503   -0.0486464   -0.0450828   -0.0495687   -0.0406109   -0.0489481   -0.0425618   -0.0506925   0.00327154   0.00568246   0.00582849   0.00946079   0.00703519   0.00628204    0.0036862    0.0127668    0.0109247   0.00713414    0.0144993    0.0126263     0.012063    0.0144378    0.0131241    0.0139123     0.014348     0.014055    0.0141465    0.0147328    0.0109536   0.00879342    0.0120666    0.0112928    0.0095986    0.0116921    0.0106994    0.0113374    0.0130558    0.0123833   -0.0471985   -0.0494693     -0.05506   -0.0584166    -0.056233   -0.0543386   -0.0479123   -0.0555556   -0.0568188   -0.0550676   -0.0518183   -0.0579484    -0.054499   -0.0639622   -0.0521997   -0.0538046   -0.0570971   -0.0612532   -0.0558832   -0.0508345   -0.0508864
   0.0237744    0.0302491    0.0196598    0.0193643    0.0164585    0.0187875      1.04273    0.0298148     0.013225    0.0170041   -0.0348417   -0.0379457   -0.0312225    -0.034468   -0.0287643   -0.0315185   -0.0328718   -0.0323999   -0.0350084    -0.029855   0.00278145   0.00554402     0.004406   0.00733294   0.00382526   0.00653919   0.00429499   0.00660681   0.00701723   0.00671103  0.000407121  -0.00150416  -0.00158495  -0.00155207  -0.00089864  0.000560152  0.000255269  -0.00183613  -0.00154161   8.2765e-06  -0.00147957  -0.00565119  -0.00298427  -0.00409703  -0.00335051  -0.00625568  -0.00481796  -0.00193298  -0.00134078  -0.00299877   -0.0407066   -0.0387482   -0.0479957   -0.0486503   -0.0465287   -0.0414076   -0.0405062   -0.0490899    -0.047119   -0.0443983   -0.0436224   -0.0419781   -0.0442567   -0.0516909   -0.0409066    -0.040191   -0.0510599   -0.0513444    -0.046412   -0.0411708   -0.0371301
   0.0566304    0.0559483     0.173719    0.0245833     0.032837    0.0362847    0.0298148      1.06208    0.0131947    0.0252622   -0.0455382   -0.0448924    -0.048978   -0.0446777   -0.0386319   -0.0493356   -0.0411348   -0.0517869   -0.0463892   -0.0510878  -0.00840973   -0.0100042   -0.0102538   0.00284446   -0.0130545   -0.0109236   -0.0150138  -0.00183509  -0.00805738   -0.0139336    0.0118347     0.008192   0.00932991     0.011669   0.00944655    0.0118883    0.0107254    0.0110717    0.0111332    0.0105247   0.00872538   0.00704023   0.00979998   0.00931384    0.0107373    0.0068947   0.00597797   0.00807244   0.00968295    0.0081993   -0.0557675    -0.053565   -0.0570855   -0.0662915    -0.060364   -0.0584167    -0.052801   -0.0603608   -0.0534261   -0.0564498   -0.0519599   -0.0525542   -0.0565675   -0.0532134   -0.0580839   -0.0484126   -0.0598405   -0.0665189   -0.0621579   -0.0506601   -0.0536215
   0.0104178     0.016416   0.00757991    0.0199424    0.0135965    0.0272377     0.013225    0.0131947      1.04214   0.00771001   -0.0430006    -0.041444   -0.0298087   -0.0372569   -0.0311438   -0.0377079   -0.0257624   -0.0349107    -0.027477   -0.0319752    0.0016529   0.00423169   0.00587729   0.00589611   0.00935609    0.0100607   0.00707454   0.00726544   0.00927768    0.0117157   0.00208158    0.0015084  0.000607116   0.00263391   0.00270942   0.00111412   0.00116135   0.00136673    0.0026197   0.00130153  0.000485693  -0.00128801   -0.0013014 -0.000306611 -0.000959848  -0.00186722  -0.00056741  8.14435e-05 -0.000172772 -0.000205637   -0.0366368   -0.0378636   -0.0441761   -0.0444804   -0.0473494   -0.0433052   -0.0391774   -0.0442737   -0.0463672   -0.0441997   -0.0431833   -0.0472706   -0.0419362   -0.0583999   -0.0353338   -0.0428557   -0.0492574   -0.0508442   -0.0471636   -0.0409274    -0.040085
   0.0277179    0.0319729     0.025715    0.0198974    0.0143883    0.0231147    0.0170041    0.0252622   0.00771001      1.04618   -0.0398015   -0.0365173   -0.0384387    -0.040518   -0.0281361   -0.0249634   -0.0378453   -0.0371027   -0.0367718   -0.0394206    0.0037452   0.00301262    0.0040027   0.00704351   0.00337671   0.00224203   0.00363967   0.00871404   0.00588612    0.0020119   0.00625259   0.00235133   0.00447131   0.00498249   0.00591006   0.00449676   0.00583959   0.00450088    0.0040117   0.00405373    0.0018096  -0.00141243   0.00131115   0.00331881  4.72242e-05  0.000898202 -0.000945083    0.0012717    0.0024281   0.00195343   -0.0432967   -0.0429068   -0.0491359   -0.0544881   -0.0536321    -0.045838   -0.0415738    -0.053258   -0.0443639   -0.0504827   -0.0506421   -0.0453284    -0.051241   -0.0480754   -0.0493269    -0.043167   -0.0500355   -0.0608387   -0.0485911   -0.0443016    -0.043514
  -0.0268391   -0.0426683   -0.0335979   -0.0501786   -0.0397457   -0.0489727   -0.0348417   -0.0455382   -0.0430006   -0.0398015      1.27674      0.18459     0.110529     0.121064      0.10016     0.132411     0.107059     0.116206     0.106405     0.128813   -0.0139921   -0.0203141   -0.0155396   -0.0211331   -0.0153478   -0.0184245   -0.0101711   -0.0168575  -0.00507867   -0.0187387    -0.168216    -0.167067    -0.169558    -0.169379    -0.166907      -0.1686    -0.168123    -0.168199    -0.167061    -0.169369    -0.156259    -0.154192    -0.164612    -0.163576    -0.164286    -0.161111    -0.162983    -0.164512    -0.166293     -0.16425    0.0766975    0.0795186    0.0728508    0.0774062    0.0683328     0.087038     0.087904    0.0774359    0.0790754    0.0794074    0.0681563    0.0817246    0.0690538     0.103359    0.0743641    0.0844642    0.0788555    0.0660669    0.0726795    0.0832111    0.0821348
  -0.0297205    -0.034559   -0.0275041   -0.0473608    -0.039696   -0.0470812   -0.0379457   -0.0448924    -0.041444   -0.0365173      0.18459      1.26294     0.122377     0.108996    0.0956913     0.114962     0.103518     0.116106    0.0978927     0.126454   -0.0174088   -0.0143341   -0.0204062   -0.0224533   -0.0168554    -0.013771   -0.0126457   -0.0179758  -0.00702194   -0.0185127    -0.164528    -0.165048    -0.165144    -0.164741    -0.164847    -0.165289    -0.165328    -0.164809    -0.163235    -0.165829    -0.155723    -0.152258     -0.16098    -0.162652    -0.163867    -0.158384    -0.159625    -0.162825    -0.161809    -0.161326    0.0822153    0.0820475    0.0790439    0.0824187    0.0719997    0.0882908    0.0917957    0.0706522    0.0693743    0.0847791    0.0746536    0.0774309    0.0701678    0.0531613    0.0731668     0.089553    0.0699239    0.0730762    0.0810302    0.0833907    0.0835964
   -0.033846   -0.0387961    -0.034873   -0.0397296   -0.0367234    -0.045503   -0.0312225    -0.048978   -0.0298087   -0.0384387     0.110529     0.122377      1.27853     0.142151     0.103674     0.110847     0.115894     0.109611     0.111713    0.0915689   -0.0133781  -0.00861521   -0.0258143   -0.0181903   -0.0106066    -0.011458   -0.0169058    -0.014809  -0.00956287   -0.0192585    -0.164113    -0.163187    -0.163963    -0.163445    -0.164125    -0.166016    -0.164601     -0.16422     -0.16166    -0.164534    -0.152763    -0.154255    -0.157887    -0.160416    -0.161146    -0.154038    -0.160269    -0.161796    -0.159917    -0.159624    0.0894196    0.0856272     0.071318    0.0803572    0.0706836    0.0806275    0.0928756    0.0709729    0.0681277    0.0736813    0.0689397    0.0797757    0.0656856    0.0721357    0.0785126     0.082927    0.0707429    0.0722546    0.0716573    0.0764151    0.0848231
  -0.0367882   -0.0426325   -0.0402138   -0.0422571   -0.0387082   -0.0486464    -0.034468   -0.0446777   -0.0372569    -0.040518     0.121064     0.108996     0.142151      1.27663     0.116125     0.118015     0.101063     0.130219    0.0953042     0.110058    -0.019707  -0.00941881   -0.0214031   -0.0239333   -0.0107675   -0.0185129   -0.0164224   -0.0184482  -0.00593642   -0.0158524    -0.170205     -0.16739    -0.169701    -0.166558    -0.167797    -0.169438     -0.16787    -0.169564    -0.168213    -0.170178    -0.159023    -0.156433     -0.16221    -0.164748    -0.165309    -0.161548    -0.165143     -0.16683    -0.166842    -0.163692    0.0835946    0.0863593    0.0756875    0.0796221    0.0723951    0.0891589    0.0863236    0.0763736    0.0859539    0.0903395    0.0722337    0.0916965     0.072368     0.112352    0.0821895    0.0885482    0.0838657    0.0673262    0.0773739    0.0855503    0.0879615
  -0.0288016   -0.0402105   -0.0280215   -0.0410937   -0.0284938   -0.0450828   -0.0287643   -0.0386319   -0.0311438   -0.0281361      0.10016    0.0956913     0.103674     0.116125      1.26872     0.126761     0.108409     0.113989    0.0944946     0.113308   -0.0236306   -0.0158332   -0.0170051   -0.0195705   -0.0111956   -0.0166246   -0.0122201   -0.0190534  -0.00419561   -0.0182098    -0.163515    -0.164458    -0.163813    -0.164166     -0.16097    -0.164901    -0.161252    -0.162224    -0.163478    -0.163703    -0.154981    -0.152941     -0.15804    -0.160229    -0.161549    -0.157421    -0.161993    -0.158223    -0.161243    -0.158315    0.0806575    0.0822431    0.0817372     0.092621    0.0730115    0.0896455    0.0744694     0.076087    0.0668868    0.0826571    0.0758441    0.0751735    0.0689125    0.0625033    0.0773061    0.0905289     0.079135    0.0708042    0.0878178     0.083732    0.0775835
  -0.0331008   -0.0394181   -0.0385462   -0.0391545   -0.0321007   -0.0495687   -0.0315185   -0.0493356   -0.0377079   -0.0249634     0.132411     0.114962     0.110847     0.118015     0.126761      1.28303    0.0982609    0.0938495     0.123569     0.106198   -0.0230525   -0.0173027  -0.00933054   -0.0251264   -0.0102246  -0.00433366   -0.0102994   -0.0182715  -0.00941879  -0.00960765    -0.166395    -0.165605    -0.166001    -0.165806    -0.165622    -0.165745    -0.168381    -0.165695    -0.165691    -0.165307    -0.155126    -0.153279    -0.161877    -0.161539    -0.162977    -0.158704    -0.161089    -0.161772    -0.162713     -0.16145    0.0775931    0.0764746    0.0796818    0.0899957    0.0621231    0.0834423    0.0796466     0.071384     0.079359    0.0790251    0.0754882    0.0813874    0.0642597    0.0877295    0.0706089    0.0906264      0.07293    0.0727066    0.0758925    0.0822568    0.0723791
  -0.0267901   -0.0471357   -0.0303352    -0.042594   -0.0434457   -0.0406109   -0.0328718   -0.0411348   -0.0257624   -0.0378453     0.107059     0.103518     0.115894     0.101063     0.108409    0.0982609       1.2694     0.117453     0.111943     0.118149  -0.00845174   -0.0100705    -0.020602   -0.0131852   -0.0201536   -0.0114757    -0.017192   -0.0148799   -0.0147157   -0.0196935     -0.16558    -0.164517    -0.163197     -0.16448    -0.163666    -0.164617    -0.164778    -0.165235    -0.162781    -0.164308    -0.153845    -0.152461    -0.156959    -0.160544    -0.162275    -0.157812    -0.160258    -0.161063    -0.160227    -0.160127    0.0935743     0.088127    0.0798163    0.0990797    0.0807299     0.093662    0.0890196    0.0699928    0.0615927    0.0822777    0.0782299    0.0731239    0.0798618    0.0395002    0.0857337    0.0895533    0.0730103    0.0842586    0.0913242    0.0855126    0.0842126
  -0.0328671     -0.04774   -0.0324416   -0.0462698   -0.0382167   -0.0489481   -0.0323999   -0.0517869   -0.0349107   -0.0371027     0.116206     0.116106     0.109611     0.130219     0.113989    0.0938495     0.117453      1.27572    0.0978262     0.120689   -0.0113429  -0.00520346   -0.0199064   -0.0132735   -0.0112287   -0.0202334   -0.0141256   -0.0158265  -0.00231977   -0.0164349    -0.168756    -0.165609    -0.167341    -0.167317    -0.167742    -0.168727    -0.166537    -0.169432    -0.167825    -0.168491    -0.159754    -0.157026    -0.163262      -0.1627    -0.164453     -0.16045    -0.162743    -0.163191    -0.162966    -0.162278    0.0843537    0.0906177    0.0658874    0.0699515    0.0796834    0.0934017    0.0864079    0.0794101    0.0844878    0.0879627    0.0647032    0.0900739    0.0762478     0.119106    0.0867431    0.0850987    0.0860394    0.0560223    0.0828487     0.078504    0.0841766
  -0.0293921   -0.0415838   -0.0340844   -0.0349476   -0.0405192   -0.0425618   -0.0350084   -0.0463892    -0.027477   -0.0367718     0.106405    0.0978927     0.111713    0.0953042    0.0944946     0.123569     0.111943    0.0978262      1.26452    0.0936284  -0.00439554   -0.0114052   -0.0224428   -0.0098691   -0.0152224   -0.0141808   -0.0142579   -0.0116953  -0.00746054   -0.0234202     -0.16071      -0.1601     -0.15976    -0.158293    -0.160941    -0.160236    -0.160196    -0.157225    -0.156718     -0.15991    -0.149223     -0.14915    -0.153851    -0.156253    -0.154306    -0.152146     -0.15393    -0.155963    -0.154611    -0.156009    0.0857081    0.0740484    0.0581137    0.0678337    0.0634487    0.0794831    0.0872058    0.0804196    0.0871265    0.0669802    0.0598004    0.0847684    0.0652569     0.129114    0.0776725    0.0795886    0.0805008    0.0552569    0.0695579    0.0771584    0.0748319
  -0.0352988   -0.0427125    -0.034396   -0.0431337   -0.0409703   -0.0506925    -0.029855   -0.0510878   -0.0319752   -0.0394206     0.128813     0.126454    0.0915689     0.110058     0.113308     0.106198     0.118149     0.120689    0.0936284      1.26923   -0.0151016   -0.0114204    -0.012917   -0.0136241   -0.0114204   -0.0129365  -0.00756905   -0.0168659   0.00361928   -0.0106958    -0.163729    -0.162076    -0.162179    -0.160901    -0.161773    -0.163781    -0.160453    -0.163113    -0.163338    -0.163185    -0.152424    -0.150154    -0.158166    -0.157833    -0.159619     -0.15525    -0.157443    -0.158683    -0.159726    -0.158012    0.0798832    0.0799334    0.0618763    0.0732797    0.0647818    0.0917024    0.0794712    0.0689449    0.0751642    0.0823358    0.0612345    0.0761198    0.0724267    0.0941488    0.0761265    0.0835473    0.0699967    0.0553918    0.0816485    0.0800894    0.0794599
  0.00636355  0.000849499  -0.00826561   0.00498813  -0.00111375   0.00327154   0.00278145  -0.00840973    0.0016529    0.0037452   -0.0139921   -0.0174088   -0.0133781    -0.019707   -0.0236306   -0.0230525  -0.00845174   -0.0113429  -0.00439554   -0.0151016      1.06008    0.0195761    0.0180304     0.014684    0.0136854    0.0171305    0.0106785    0.0231235    0.0205449    0.0203641   -0.0359005   -0.0371004    -0.034285   -0.0352275   -0.0347271   -0.0335704   -0.0330106   -0.0350557   -0.0358424   -0.0349675   -0.0339265   -0.0362455   -0.0358116   -0.0331148    -0.036527   -0.0362005   -0.0336691   -0.0304737   -0.0339867   -0.0363327  -0.00647935  -0.00580826   -0.0159795   -0.0175265   -0.0132937   -0.0172942   -0.0134259   -0.0194071   -0.0135062   -0.0117433   -0.0150692   -0.0156287  -0.00952548   -0.0142638  -0.00993955    -0.018277   -0.0207408   -0.0158193   -0.0157558  -0.00861172  -0.00940184
  0.00134535   -0.0013239   -0.0147241   0.00524906    0.0029809   0.00568246   0.00554402   -0.0100042   0.00423169   0.00301262   -0.0203141   -0.0143341  -0.00861521  -0.00941881   -0.0158332   -0.0173027   -0.0100705  -0.00520346   -0.0114052   -0.0114204    0.0195761      1.05888    0.0189509      0.01153    0.0224006    0.0230451    0.0203592    0.0126025    0.0200969    0.0274884   -0.0384224   -0.0370195   -0.0378796   -0.0366924   -0.0364311   -0.0366777   -0.0372079   -0.0374966   -0.0373375   -0.0376696   -0.0345413   -0.0367813    -0.034731   -0.0348802   -0.0386378   -0.0358485   -0.0352515   -0.0357913   -0.0347884    -0.039203  -0.00864185  -0.00737823   -0.0176524     -0.01791   -0.0174177   -0.0146362   -0.0109449   -0.0182877   -0.0205938   -0.0160518   -0.0151085   -0.0180807    -0.014613   -0.0302424  -0.00630109   -0.0171365   -0.0197555   -0.0205253   -0.0111454   -0.0164219  -0.00351512
  0.00461688   0.00874098   -0.0136053   0.00557761   0.00522375   0.00582849     0.004406   -0.0102538   0.00587729    0.0040027   -0.0155396   -0.0204062   -0.0258143   -0.0214031   -0.0170051  -0.00933054    -0.020602   -0.0199064   -0.0224428    -0.012917    0.0180304    0.0189509      1.05915    0.0156219    0.0229253    0.0294878    0.0299973    0.0207784    0.0287785    0.0399341   -0.0338625   -0.0309679   -0.0358099   -0.0328236   -0.0350607   -0.0320014   -0.0339565   -0.0318753   -0.0339061   -0.0345653   -0.0336901   -0.0342167    -0.034926   -0.0296932   -0.0334155   -0.0357957   -0.0330951   -0.0306433   -0.0321969   -0.0341985   -0.0109517   -0.0084543   -0.0162144    -0.018951   -0.0167044    -0.016378   -0.0166406   -0.0258452   -0.0235626   -0.0133246   -0.0187556   -0.0217157   -0.0139368   -0.0344105  -0.00919479   -0.0183201   -0.0292027   -0.0160389   -0.0149253   -0.0109478  -0.00789739
  0.00905756   0.00616726   0.00133384    0.0113069   0.00704062   0.00946079   0.00733294   0.00284446   0.00589611   0.00704351   -0.0211331   -0.0224533   -0.0181903   -0.0239333   -0.0195705   -0.0251264   -0.0131852   -0.0132735   -0.0098691   -0.0136241     0.014684      0.01153    0.0156219      1.04779    0.0165077    0.0106348   0.00463692    0.0202342    0.0174542    0.0154606    -0.031371   -0.0298251   -0.0321688   -0.0309689    -0.031017   -0.0308813   -0.0319242   -0.0311375   -0.0314365   -0.0330025   -0.0306291   -0.0324208   -0.0315527   -0.0286695   -0.0313028   -0.0294098   -0.0287447   -0.0303395   -0.0287238   -0.0326683  -0.00782942   -0.0115949   -0.0189868   -0.0212309   -0.0198155   -0.0197366   -0.0167318   -0.0231525     -0.01605    -0.020561   -0.0184496   -0.0172834    -0.010907   -0.0176232   -0.0154003   -0.0180905   -0.0216896   -0.0205896   -0.0158465   -0.0172711  -0.00872605
   0.0051743   0.00617841  -0.00753142   0.00882191   0.00286816   0.00703519   0.00382526   -0.0130545   0.00935609   0.00337671   -0.0153478   -0.0168554   -0.0106066   -0.0107675   -0.0111956   -0.0102246   -0.0201536   -0.0112287   -0.0152224   -0.0114204    0.0136854    0.0224006    0.0229253    0.0165077      1.06759    0.0310845    0.0153729    0.0183457    0.0207435    0.0229883   -0.0336062   -0.0335588   -0.0321927   -0.0325407    -0.034807   -0.0333152   -0.0318452   -0.0318906    -0.034317   -0.0324249    -0.033878   -0.0358216   -0.0348199   -0.0321595   -0.0336125   -0.0341369   -0.0340179   -0.0340332   -0.0310596   -0.0336551   -0.0132852    -0.019453   -0.0172387    -0.024938   -0.0244479   -0.0181895    -0.016758   -0.0247771   -0.0212884   -0.0196677   -0.0237887   -0.0210686   -0.0213307   -0.0212753   -0.0134925   -0.0236355    -0.025343    -0.031064    -0.019739   -0.0182445   -0.0147767
  0.00225574   0.00194613   -0.0117886   0.00993915  0.000423178   0.00628204   0.00653919   -0.0109236    0.0100607   0.00224203   -0.0184245    -0.013771    -0.011458   -0.0185129   -0.0166246  -0.00433366   -0.0114757   -0.0202334   -0.0141808   -0.0129365    0.0171305    0.0230451    0.0294878    0.0106348    0.0310845       1.0743    0.0222745     0.018919    0.0231233    0.0240103   -0.0321694   -0.0331207   -0.0318471   -0.0329236   -0.0332192   -0.0308898   -0.0326569   -0.0315979   -0.0326052   -0.0316236   -0.0299011   -0.0331805   -0.0318484   -0.0319002    -0.032564   -0.0324122   -0.0320455   -0.0324548   -0.0311074   -0.0338225   -0.0135389   -0.0145295   -0.0194943   -0.0193753    -0.022628   -0.0207425   -0.0161155   -0.0275316   -0.0268821   -0.0210028   -0.0199891    -0.028223   -0.0252091   -0.0466608    -0.018158   -0.0215974   -0.0322287   -0.0240285   -0.0216366   -0.0156825   -0.0133727
 -0.00292256   -0.0012561   -0.0081509   0.00482142  0.000337275    0.0036862   0.00429499   -0.0150138   0.00707454   0.00363967   -0.0101711   -0.0126457   -0.0169058   -0.0164224   -0.0122201   -0.0102994    -0.017192   -0.0141256   -0.0142579  -0.00756905    0.0106785    0.0203592    0.0299973   0.00463692    0.0153729    0.0222745       1.0581    0.0137688    0.0186369    0.0201284   -0.0314729   -0.0311349    -0.033816   -0.0310946   -0.0309798   -0.0328326   -0.0321673    -0.031162   -0.0304767   -0.0313848   -0.0299372   -0.0336701   -0.0316833   -0.0294732   -0.0299486   -0.0320774   -0.0298869   -0.0283687   -0.0295234   -0.0307167  -0.00919602  -0.00931432    -0.015791   -0.0186152   -0.0206176   -0.0174948   -0.0171603   -0.0243916    -0.024073   -0.0183092   -0.0212618   -0.0263798   -0.0161689   -0.0310294   -0.0122046   -0.0228834   -0.0264015   -0.0235776   -0.0166261   -0.0185661  -0.00950163
   0.0123523   0.00867919  -0.00691543   0.00832433    0.0045786    0.0127668   0.00660681  -0.00183509   0.00726544   0.00871404   -0.0168575   -0.0179758    -0.014809   -0.0184482   -0.0190534   -0.0182715   -0.0148799   -0.0158265   -0.0116953   -0.0168659    0.0231235    0.0126025    0.0207784    0.0202342    0.0183457     0.018919    0.0137688      1.06195    0.0325414    0.0212747   -0.0309751     -0.03251   -0.0330616   -0.0315787   -0.0322127   -0.0306015   -0.0303199   -0.0309503   -0.0336228   -0.0320677   -0.0310579   -0.0312904   -0.0327627   -0.0306575   -0.0325338   -0.0346117    -0.032619    -0.028104   -0.0313574   -0.0339599   -0.0110272   -0.0157717   -0.0238287     -0.03057   -0.0224409   -0.0222997   -0.0196002   -0.0232734   -0.0237323   -0.0222955   -0.0270278   -0.0216229   -0.0225279   -0.0241375   -0.0149839   -0.0249638   -0.0236271   -0.0301016   -0.0198844   -0.0170868   -0.0145113
  0.00523866    0.0101058   -0.0108846    0.0116292   0.00279865    0.0109247   0.00701723  -0.00805738   0.00927768   0.00588612  -0.00507867  -0.00702194  -0.00956287  -0.00593642  -0.00419561  -0.00941879   -0.0147157  -0.00231977  -0.00746054   0.00361928    0.0205449    0.0200969    0.0287785    0.0174542    0.0207435    0.0231233    0.0186369    0.0325414      1.09602    0.0322526   -0.0390657   -0.0406168   -0.0425523   -0.0396737   -0.0406728    -0.038576   -0.0393209   -0.0388996   -0.0403247   -0.0397657   -0.0377436   -0.0408812   -0.0379569   -0.0397205   -0.0422034   -0.0407341   -0.0398485   -0.0400737   -0.0399074   -0.0406979   -0.0152508   -0.0174379   -0.0329456   -0.0356985   -0.0270761   -0.0222864   -0.0203319   -0.0190212   -0.0188863   -0.0240412   -0.0314593   -0.0230405   -0.0267249   -0.0102708   -0.0168448   -0.0291379   -0.0219188   -0.0393072   -0.0234053    -0.019052   -0.0149326
 -0.00059079   0.00107099   -0.0168223   0.00799291   0.00636514   0.00713414   0.00671103   -0.0139336    0.0117157    0.0020119   -0.0187387   -0.0185127   -0.0192585   -0.0158524   -0.0182098  -0.00960765   -0.0196935   -0.0164349   -0.0234202   -0.0106958    0.0203641    0.0274884    0.0399341    0.0154606    0.0229883    0.0240103    0.0201284    0.0212747    0.0322526      1.06751   -0.0332953   -0.0351194   -0.0338973   -0.0338896     -0.03189   -0.0338086   -0.0332648    -0.034082   -0.0329702   -0.0340886   -0.0321395   -0.0343098   -0.0313664   -0.0314563   -0.0340445   -0.0323896   -0.0319538   -0.0325085   -0.0330213   -0.0336302  -0.00960127   -0.0133019   -0.0205266   -0.0200226   -0.0206618   -0.0206962   -0.0181402   -0.0255595   -0.0209637   -0.0220231   -0.0216451   -0.0238313   -0.0146614   -0.0321053   -0.0115002   -0.0242665   -0.0272202   -0.0219681   -0.0186616   -0.0180327   -0.0116964
 -0.00911142   0.00622917  -0.00561157    0.0115162   0.00950978    0.0144993  0.000407121    0.0118347   0.00208158   0.00625259    -0.168216    -0.164528    -0.164113    -0.170205    -0.163515    -0.166395     -0.16558    -0.168756     -0.16071    -0.163729   -0.0359005   -0.0384224   -0.0338625    -0.031371   -0.0336062   -0.0321694   -0.0314729   -0.0309751   -0.0390657   -0.0332953     0.982807     0.232814     0.235166      0.23466     0.234026     0.238303      0.23468     0.234342     0.234491     0.236665     0.215594     0.213001     0.222202      0.22108     0.222794     0.219497     0.219143     0.221419     0.220301     0.225194    -0.175204    -0.174699    -0.177854    -0.186397     -0.17498    -0.178707    -0.176292    -0.178805    -0.179992    -0.178651    -0.177905    -0.176758    -0.172188    -0.183898    -0.176682    -0.181321    -0.181653    -0.180851    -0.183981    -0.180381    -0.170958
   -0.011743   0.00520735  -0.00763178   0.00924478   0.00693845    0.0126263  -0.00150416     0.008192    0.0015084   0.00235133    -0.167067    -0.165048    -0.163187     -0.16739    -0.164458    -0.165605    -0.164517    -0.165609      -0.1601    -0.162076   -0.0371004   -0.0370195   -0.0309679   -0.0298251   -0.0335588   -0.0331207   -0.0311349     -0.03251   -0.0406168   -0.0351194     0.232814     0.968424     0.229888     0.230675     0.232429     0.231909     0.230964     0.230456      0.23109     0.230247     0.213009      0.20952     0.218916     0.215806     0.219174     0.214914     0.219021     0.217444     0.218285     0.220894    -0.170136    -0.167385    -0.171273    -0.179124    -0.165467    -0.171749    -0.169752    -0.171886    -0.172417    -0.170744    -0.170548    -0.172195    -0.164643    -0.178424    -0.170177    -0.175067    -0.174877    -0.171736    -0.175293    -0.172874    -0.164322
  -0.0132579   0.00287482  -0.00758314   0.00766531   0.00830647     0.012063  -0.00158495   0.00932991  0.000607116   0.00447131    -0.169558    -0.165144    -0.163963    -0.169701    -0.163813    -0.166001    -0.163197    -0.167341     -0.15976    -0.162179    -0.034285   -0.0378796   -0.0358099   -0.0321688   -0.0321927   -0.0318471    -0.033816   -0.0330616   -0.0425523   -0.0338973     0.235166     0.229888     0.974555     0.233725     0.232843     0.233821     0.232672     0.233345      0.23245     0.233628     0.214801     0.209917     0.221359     0.217264     0.221384     0.219047     0.220139     0.219347     0.220384      0.22376    -0.171815    -0.170913    -0.174412    -0.181708    -0.169392    -0.175375     -0.17212    -0.174324    -0.177724    -0.172962    -0.172234    -0.173664    -0.166974    -0.181626    -0.172509     -0.17647    -0.176974    -0.174042    -0.178773     -0.17509    -0.166715
  -0.0106384   0.00510595  -0.00653737     0.010147   0.00620516    0.0144378  -0.00155207     0.011669   0.00263391   0.00498249    -0.169379    -0.164741    -0.163445    -0.166558    -0.164166    -0.165806     -0.16448    -0.167317    -0.158293    -0.160901   -0.0352275   -0.0366924   -0.0328236   -0.0309689   -0.0325407   -0.0329236   -0.0310946   -0.0315787   -0.0396737   -0.0338896      0.23466     0.230675     0.233725     0.976847     0.233049     0.233684     0.231036     0.236939     0.231521     0.233308     0.213108      0.20934     0.219678     0.215757     0.220903     0.216027     0.217617     0.216114      0.21803      0.22187    -0.173205    -0.171129    -0.174779     -0.18228    -0.171082    -0.175981    -0.173139    -0.175301     -0.17779    -0.175553    -0.172852    -0.174372    -0.168156    -0.182696    -0.174324    -0.178365    -0.177852    -0.175869    -0.180959     -0.17606    -0.167843
  -0.0129311   0.00571743  -0.00674117    0.0091236   0.00921991    0.0131241  -0.00089864   0.00944655   0.00270942   0.00591006    -0.166907    -0.164847    -0.164125    -0.167797     -0.16097    -0.165622    -0.163666    -0.167742    -0.160941    -0.161773   -0.0347271   -0.0364311   -0.0350607    -0.031017    -0.034807   -0.0332192   -0.0309798   -0.0322127   -0.0406728     -0.03189     0.234026     0.232429     0.232843     0.233049     0.974412     0.235651     0.231988     0.232182     0.232728     0.233072      0.21508     0.211231     0.220059     0.217327     0.221633     0.216215     0.220227     0.217583     0.219591     0.222113    -0.171994    -0.171165    -0.173549    -0.181232    -0.170606    -0.175704    -0.172496    -0.176973    -0.176773    -0.174104    -0.173392    -0.174234    -0.166964    -0.181454    -0.173807    -0.180124    -0.179684    -0.175523    -0.179975    -0.176602    -0.167437
 -0.00891259   0.00724719  -0.00688727    0.0110115    0.0088839    0.0139123  0.000560152    0.0118883   0.00111412   0.00449676      -0.1686    -0.165289    -0.166016    -0.169438    -0.164901    -0.165745    -0.164617    -0.168727    -0.160236    -0.163781   -0.0335704   -0.0366777   -0.0320014   -0.0308813   -0.0333152   -0.0308898   -0.0328326   -0.0306015    -0.038576   -0.0338086     0.238303     0.231909     0.233821     0.233684     0.235651     0.980047     0.234729      0.23511     0.234122      0.23564     0.216392     0.210562     0.223037     0.217444     0.222399     0.218856      0.21824     0.219844     0.220472      0.22482    -0.173396    -0.172408     -0.17718    -0.184886    -0.172341    -0.177567    -0.175959    -0.177896    -0.180029    -0.176712    -0.176248    -0.176872    -0.169967    -0.183749    -0.175627    -0.180546    -0.179823    -0.178271    -0.182185    -0.178376    -0.168793
 -0.00830987    0.0055718  -0.00507123    0.0103356   0.00860186     0.014348  0.000255269    0.0107254   0.00116135   0.00583959    -0.168123    -0.165328    -0.164601     -0.16787    -0.161252    -0.168381    -0.164778    -0.166537    -0.160196    -0.160453   -0.0330106   -0.0372079   -0.0339565   -0.0319242   -0.0318452   -0.0326569   -0.0321673   -0.0303199   -0.0393209   -0.0332648      0.23468     0.230964     0.232672     0.231036     0.231988     0.234729     0.976261     0.232086     0.229605     0.233308      0.21145     0.212853     0.218139     0.217434     0.222122     0.216689     0.217104      0.22147     0.218456     0.221164    -0.171405    -0.170409    -0.175141    -0.183211     -0.17074    -0.175131    -0.172955    -0.176435    -0.177581    -0.174369    -0.174408    -0.174166    -0.168141     -0.18079     -0.17346     -0.17809    -0.178429    -0.177683    -0.181004    -0.176546    -0.168094
 -0.00896725   0.00474305  -0.00457799    0.0092213   0.00954083     0.014055  -0.00183613    0.0110717   0.00136673   0.00450088    -0.168199    -0.164809     -0.16422    -0.169564    -0.162224    -0.165695    -0.165235    -0.169432    -0.157225    -0.163113   -0.0350557   -0.0374966   -0.0318753   -0.0311375   -0.0318906   -0.0315979    -0.031162   -0.0309503   -0.0388996    -0.034082     0.234342     0.230456     0.233345     0.236939     0.232182      0.23511     0.232086     0.974796     0.233209     0.234222     0.213336     0.209877     0.218234     0.217348     0.221555     0.215972     0.218239     0.217902     0.218312     0.221526    -0.171983    -0.172078    -0.173694    -0.182032     -0.16996    -0.175658    -0.172984     -0.17645    -0.175839    -0.173274    -0.172683    -0.174166    -0.167485    -0.180194    -0.173767     -0.17867    -0.179027    -0.175497    -0.180202     -0.17734    -0.167928
  -0.0109781   0.00372509  -0.00481811   0.00843562    0.0080868    0.0141465  -0.00154161    0.0111332    0.0026197    0.0040117    -0.167061    -0.163235     -0.16166    -0.168213    -0.163478    -0.165691    -0.162781    -0.167825    -0.156718    -0.163338   -0.0358424   -0.0373375   -0.0339061   -0.0314365    -0.034317   -0.0326052   -0.0304767   -0.0336228   -0.0403247   -0.0329702     0.234491      0.23109      0.23245     0.231521     0.232728     0.234122     0.229605     0.233209      0.97502     0.234272     0.214029     0.211959     0.220583     0.217746     0.221674     0.216768     0.220734     0.218499     0.218297     0.221953    -0.171456    -0.171435    -0.174586    -0.182815     -0.17162    -0.175225    -0.173409    -0.176542    -0.176537    -0.173583     -0.17327    -0.174134    -0.167285    -0.182624    -0.173446     -0.17966    -0.178058    -0.177129    -0.180808    -0.176628    -0.166343
 -0.00937144   0.00510304  -0.00494479   0.00924737   0.00935302    0.0147328   8.2765e-06    0.0105247   0.00130153   0.00405373    -0.169369    -0.165829    -0.164534    -0.170178    -0.163703    -0.165307    -0.164308    -0.168491     -0.15991    -0.163185   -0.0349675   -0.0376696   -0.0345653   -0.0330025   -0.0324249   -0.0316236   -0.0313848   -0.0320677   -0.0397657   -0.0340886     0.236665     0.230247     0.233628     0.233308     0.233072      0.23564     0.233308     0.234222     0.234272     0.978214     0.214959     0.214124     0.223786     0.220968     0.224069     0.221368      0.22061     0.219277     0.221357     0.225532    -0.172691    -0.172822     -0.17601    -0.184556    -0.172094    -0.177572    -0.175377    -0.178146    -0.179447    -0.176396    -0.175224     -0.17567    -0.170676    -0.184031    -0.174655    -0.179373    -0.180954    -0.178527      -0.1821    -0.178319    -0.169998
  -0.0111622   0.00263921  -0.00740296   0.00759428   0.00709008    0.0109536  -0.00147957   0.00872538  0.000485693    0.0018096    -0.156259    -0.155723    -0.152763    -0.159023    -0.154981    -0.155126    -0.153845    -0.159754    -0.149223    -0.152424   -0.0339265   -0.0345413   -0.0336901   -0.0306291    -0.033878   -0.0299011   -0.0299372   -0.0310579   -0.0377436   -0.0321395     0.215594     0.213009     0.214801     0.213108      0.21508     0.216392      0.21145     0.213336     0.214029     0.214959     0.978688      0.20522     0.214348     0.209695     0.212665      0.20871     0.215629     0.208833     0.210585     0.217312    -0.165063    -0.164863    -0.169616    -0.176313    -0.165931    -0.167195    -0.165445    -0.169143    -0.172039    -0.166703    -0.168475    -0.167871    -0.161253    -0.176379    -0.167365    -0.170078    -0.171611     -0.17181    -0.173222    -0.170685    -0.162232
  -0.0138381   0.00427928  -0.00952214    0.0050916   0.00200589   0.00879342  -0.00565119   0.00704023  -0.00128801  -0.00141243    -0.154192    -0.152258    -0.154255    -0.156433    -0.152941    -0.153279    -0.152461    -0.157026     -0.14915    -0.150154   -0.0362455   -0.0367813   -0.0342167   -0.0324208   -0.0358216   -0.0331805   -0.0336701   -0.0312904   -0.0408812   -0.0343098     0.213001      0.20952     0.209917      0.20934     0.211231     0.210562     0.212853     0.209877     0.211959     0.214124      0.20522     0.966474     0.210793     0.209221     0.207857     0.206374     0.206153     0.210579     0.209173     0.211306    -0.160924    -0.159615    -0.161487    -0.169273    -0.158434    -0.161706    -0.160277    -0.167677    -0.164712    -0.162809    -0.160579     -0.15972    -0.154551    -0.169064    -0.163182    -0.164298    -0.168026    -0.163264    -0.167402    -0.163436    -0.154688
  -0.0123196   0.00390986  -0.00563556   0.00846793   0.00406178    0.0120666  -0.00298427   0.00979998   -0.0013014   0.00131115    -0.164612     -0.16098    -0.157887     -0.16221     -0.15804    -0.161877    -0.156959    -0.163262    -0.153851    -0.158166   -0.0358116    -0.034731    -0.034926   -0.0315527   -0.0348199   -0.0318484   -0.0316833   -0.0327627   -0.0379569   -0.0313664     0.222202     0.218916     0.221359     0.219678     0.220059     0.223037     0.218139     0.218234     0.220583     0.223786     0.214348     0.210793     0.984974     0.214286     0.219017       0.2226     0.220652     0.216327     0.218902     0.221698    -0.169911    -0.168203    -0.170052    -0.178455    -0.168084    -0.171526    -0.169106    -0.172185    -0.174474    -0.171325    -0.168816    -0.169905    -0.165005    -0.177696    -0.168887    -0.175452    -0.174375    -0.173933    -0.176321    -0.173409    -0.164275
