    0.990431    0.0738521    0.0660962    0.0348593    0.0292553    0.0319209     0.031129    0.0693323    0.0157977     0.037236   -0.0357564   -0.0317178   -0.0365416   -0.0445811   -0.0380579    -0.038056   -0.0332375   -0.0405742   -0.0316118   -0.0425467    0.0098276   -0.0021657   0.00306746      0.01529   0.00909271    0.0114995  0.000849898    0.0189686   0.00372307  -0.00586223   0.00360072  -0.00519418   -0.0046822 -0.000130806  -0.00336773  0.000331504  -0.00151094   0.00104456  -0.00625252  0.000192564  -0.00306214   -0.0112122  -0.00667822  -0.00222355  -0.00686867   -0.0117743   -0.0108454  -0.00862975   -0.0025758  -0.00653535   -0.0402407    -0.050105   -0.0597911   -0.0529261   -0.0511539   -0.0453877   -0.0363463   -0.0460354   -0.0463765   -0.0472635   -0.0551268   -0.0541481   -0.0562351   -0.0470912   -0.0504633   -0.0424003   -0.0520828   -0.0483176   -0.0420201    -0.041582
   0.0738521     0.988014     0.033444    0.0393114    0.0304532    0.0416416     0.035643     0.065583    0.0222504    0.0435509   -0.0555163   -0.0403773   -0.0503561   -0.0554477   -0.0486875   -0.0492297   -0.0538024   -0.0554867    -0.045698    -0.050416   0.00194953 -0.000535809    0.0133474   0.00960944   0.00767692    0.0120115   0.00296639    0.0144205    0.0188957   0.00511334    0.0191064    0.0160184    0.0127384    0.0129631    0.0157491    0.0196261    0.0190691    0.0161115    0.0130656    0.0177976    0.0117146    0.0124773    0.0108591     0.013272    0.0148317   0.00911045   0.00924211    0.0118755    0.0149373    0.0142347   -0.0579614    -0.056408   -0.0742752   -0.0581899   -0.0673713   -0.0593563   -0.0567302   -0.0555936    -0.060946   -0.0662107   -0.0716331   -0.0687717   -0.0659744   -0.0698119   -0.0584102   -0.0549971   -0.0639477   -0.0590756   -0.0548579   -0.0536313
   0.0660962     0.033444     0.996521    0.0256958    0.0379624    0.0213952    0.0317638     0.165615    0.0156393    0.0335455   -0.0419125   -0.0325726   -0.0430192   -0.0386224   -0.0343366   -0.0372714   -0.0368385   -0.0372324   -0.0426506   -0.0344331   -0.0103484   -0.0146356   -0.0105308   0.00633106  -0.00123396  -0.00907431  -0.00332634  -0.00256417   -0.0117406   -0.0234938   0.00281694  -0.00291193 -0.000675415 -0.000568666  -0.00116146  -0.00143409   0.00421673   0.00351294 -0.000768411   0.00190871  -0.00288238   -0.0058433  0.000887704  -0.00220827  -0.00209371  -0.00195588  -0.00481097   -0.0032389  -0.00370019  -0.00250746   -0.0448991   -0.0487218    -0.052259   -0.0518957   -0.0547985   -0.0441737   -0.0365574   -0.0574973   -0.0466166   -0.0423469   -0.0497343   -0.0469611   -0.0564315   -0.0452933   -0.0521349   -0.0351897   -0.0536708   -0.0444217   -0.0405153   -0.0371084
   0.0348593    0.0393114    0.0256958     0.977386    0.0378288    0.0432858    0.0251739    0.0396697    0.0313616    0.0343832   -0.0634485   -0.0572016   -0.0467419   -0.0541227   -0.0428021   -0.0468017   -0.0480102   -0.0587879   -0.0370703   -0.0563886    0.0118629   0.00730749    0.0101593    0.0161286    0.0171361    0.0153769   0.00822364    0.0128099    0.0152766    0.0115294    0.0219054    0.0188534    0.0143151    0.0219536    0.0176084    0.0193662    0.0200511    0.0197982    0.0157948    0.0190277    0.0157193    0.0109177    0.0160123    0.0156523     0.014153     0.014431    0.0104183    0.0170443    0.0181546    0.0162357   -0.0609634   -0.0585112   -0.0588847   -0.0762956   -0.0674893   -0.0616705   -0.0569406   -0.0558215   -0.0618049   -0.0618104   -0.0559139   -0.0601551   -0.0650523   -0.0562701   -0.0592976   -0.0564865    -0.078531   -0.0670009    -0.062926   -0.0586289
   0.0292553    0.0304532    0.0379624    0.0378288     0.990142     0.037264    0.0282684    0.0436053    0.0256641    0.0263159   -0.0493405   -0.0552932    -0.052075   -0.0515471   -0.0319377   -0.0351201   -0.0530005   -0.0489047   -0.0465831   -0.0518167    0.0072007   0.00404397    0.0162064    0.0113294    0.0122263    0.0121447   0.00739871   0.00779741   0.00962282    0.0137694    0.0224751    0.0180045    0.0215456    0.0179971    0.0203635    0.0227068     0.019689    0.0233005    0.0199221    0.0217508    0.0185955   0.00940492    0.0140773     0.019881    0.0160323    0.0138824    0.0140972    0.0180896    0.0182057    0.0169074   -0.0594264   -0.0681683   -0.0493556   -0.0784674   -0.0692879   -0.0621325   -0.0643217    -0.053628   -0.0636554   -0.0680217   -0.0452143   -0.0623275   -0.0687075   -0.0645977   -0.0691342   -0.0599496   -0.0801795   -0.0691024   -0.0578501   -0.0549402
   0.0319209    0.0416416    0.0213952    0.0432858     0.037264     0.981274    0.0241685    0.0447471    0.0374713    0.0360419   -0.0565416   -0.0591342   -0.0567152   -0.0537212   -0.0508321   -0.0588535   -0.0510268   -0.0568063   -0.0543955   -0.0602447   0.00361204    0.0114786    0.0137584    0.0149324    0.0123828    0.0172115    0.0114517    0.0184374     0.021476    0.0221163    0.0245823    0.0231152    0.0212633    0.0257628    0.0214367    0.0239169    0.0264216    0.0247125    0.0225828    0.0224065    0.0229129     0.014268    0.0192356    0.0214103    0.0164126    0.0208806    0.0165855    0.0183521     0.022952    0.0232925   -0.0633813   -0.0654429   -0.0508678    -0.063431   -0.0733271   -0.0656807   -0.0609077   -0.0582712   -0.0684289   -0.0720584   -0.0498649   -0.0725226   -0.0712377   -0.0756735   -0.0634081   -0.0723748   -0.0660146   -0.0722306   -0.0624459   -0.0595476
    0.031129     0.035643    0.0317638    0.0251739    0.0282684    0.0241685     0.976599    0.0407439    0.0195587    0.0232466   -0.0322672   -0.0377201   -0.0377397   -0.0399685   -0.0303194   -0.0342494    -0.037957   -0.0357215    -0.042346   -0.0282939   0.00253175    0.0049612   0.00955689    0.0111047    0.0100133   0.00691785   0.00987466    0.0122299    0.0150607     0.012911   0.00992843   0.00184146 -0.000336275   0.00361008   0.00545847   0.00606942   0.00553259   0.00491488   0.00290123   0.00543326   0.00252542  -0.00202811   0.00187096   -0.0032119  0.000425438  -0.00273845  0.000383016 -0.000624506   0.00503546   0.00144504   -0.0488332   -0.0476581   -0.0461139   -0.0568834   -0.0616255    -0.048553   -0.0414132   -0.0466287   -0.0555077   -0.0520157   -0.0417106   -0.0516772   -0.0563434   -0.0556968   -0.0516429   -0.0483816   -0.0613499   -0.0558734   -0.0506884   -0.0428652
   0.0693323     0.065583     0.165615    0.0396697    0.0436053    0.0447471    0.0407439     0.991561     0.025598    0.0316614   -0.0591662   -0.0489447    -0.056231   -0.0509284   -0.0469538   -0.0523724   -0.0537201     -0.06287   -0.0583301    -0.057585  -0.00939309   -0.0113529  -0.00310724   0.00825589  -0.00734124  0.000860175  -0.00882685   0.00551551  -0.00490393   -0.0081627    0.0236804     0.020726    0.0181784    0.0203328    0.0198103    0.0240899     0.018595    0.0252081    0.0212445    0.0222906    0.0170664    0.0118546    0.0178955    0.0186131     0.017492    0.0139085    0.0112245    0.0155431    0.0186683    0.0182312   -0.0660868   -0.0700322   -0.0652275   -0.0631908   -0.0793125   -0.0663852   -0.0652025    -0.066328   -0.0644478   -0.0649478   -0.0554584   -0.0679062   -0.0742518   -0.0664512   -0.0727913    -0.057322   -0.0656177   -0.0719572   -0.0632578    -0.059398
   0.0157977    0.0222504    0.0156393    0.0313616    0.0256641    0.0374713    0.0195587     0.025598     0.977472    0.0136468   -0.0450556   -0.0514422   -0.0275615   -0.0366134   -0.0398456    -0.048965   -0.0309569   -0.0426732   -0.0350018   -0.0421995   0.00666418    0.0121064    0.0115886    0.0155827     0.015976    0.0211579    0.0136458      0.01195    0.0161011     0.018688   0.00751146   0.00939209   0.00750181   0.00982551    0.0112202   0.00976371   0.00935311    0.0092175    0.0102603   0.00828012   0.00435325   0.00303997   0.00533841    0.0034334   0.00399057   0.00346407   0.00652519   0.00722324   0.00683572   0.00607036   -0.0491838   -0.0515043    -0.042191   -0.0558775   -0.0632465   -0.0549039   -0.0498349    -0.040794   -0.0457064   -0.0605146   -0.0462074   -0.0586471   -0.0524282    -0.052655   -0.0444913   -0.0563248   -0.0556275   -0.0632001   -0.0520061     -0.05183
    0.037236    0.0435509    0.0335455    0.0343832    0.0263159    0.0360419    0.0232466    0.0316614    0.0136468     0.981483   -0.0517785   -0.0482544   -0.0501326   -0.0515691   -0.0399524   -0.0325455   -0.0488847   -0.0461741    -0.047667    -0.049395    0.0118798   0.00596302   0.00789862    0.0127348   0.00705828    0.0130081   0.00789551    0.0121302    0.0113465    0.0093202    0.0186339    0.0129695    0.0156426    0.0164305    0.0164032    0.0188368    0.0163884    0.0190664    0.0199071    0.0172556    0.0118694   0.00705927    0.0102678    0.0137881     0.011657    0.0102299   0.00641951    0.0092641    0.0140402    0.0102639   -0.0540111      -0.0522   -0.0550362   -0.0655913   -0.0685927   -0.0544157   -0.0515997   -0.0522182   -0.0614836   -0.0624664    -0.052675   -0.0579133   -0.0631143   -0.0696231   -0.0641108   -0.0496187    -0.071043   -0.0580217   -0.0572572   -0.0539178
  -0.0357564   -0.0555163   -0.0419125   -0.0634485   -0.0493405   -0.0565416   -0.0322672   -0.0591662   -0.0450556   -0.0517785      1.13599     0.173153     0.122095      0.13933      0.11402     0.139743     0.126858     0.128954     0.122926     0.156607   -0.0114209    -0.022471   -0.0197604   -0.0179774    -0.022029   -0.0290457   -0.0174331   -0.0215375  -0.00541262   -0.0196587    -0.180307    -0.177563    -0.180335    -0.181697    -0.175091    -0.182758    -0.176199    -0.177583    -0.177766     -0.17973      -0.1618    -0.156902    -0.173423    -0.180227    -0.173398    -0.170663    -0.171844    -0.174199    -0.176339    -0.173634    0.0857354    0.0947768     0.102238     0.116211    0.0821995    0.0990894     0.100264    0.0979526    0.0972684    0.0848388     0.100208    0.0950607    0.0895265     0.126775    0.0950563    0.0883316     0.107675    0.0850702    0.0979495     0.100456
  -0.0317178   -0.0403773   -0.0325726   -0.0572016   -0.0552932   -0.0591342   -0.0377201   -0.0489447   -0.0514422   -0.0482544     0.173153      1.11383     0.133464     0.122414    0.0983521     0.116664     0.121925     0.133384     0.114051     0.137731   -0.0203764   -0.0189323   -0.0333429   -0.0197177   -0.0287119   -0.0246041   -0.0240659   -0.0227088   -0.0181454   -0.0315204    -0.174419    -0.176685     -0.17635    -0.176115    -0.173346       -0.175    -0.172965    -0.176028    -0.174109     -0.17753    -0.161465    -0.153672    -0.167938    -0.176523    -0.174254     -0.17106    -0.170512    -0.171015     -0.17342    -0.172671     0.105097     0.104911    0.0993508    0.0860305     0.104041     0.108124     0.113272     0.101811    0.0923649     0.108267    0.0981918    0.0993395    0.0976367    0.0820764    0.0940551      0.10846    0.0801897      0.10728     0.108485     0.106345
  -0.0365416   -0.0503561   -0.0430192   -0.0467419    -0.052075   -0.0567152   -0.0377397    -0.056231   -0.0275615   -0.0501326     0.122095     0.133464      1.13402     0.152724     0.116459     0.122823     0.140518     0.129017      0.12526     0.104149   -0.0160781   -0.0108612   -0.0369684   -0.0232203  -0.00937048   -0.0119984   -0.0221236   -0.0226424   -0.0118621   -0.0274526    -0.173031    -0.172688    -0.173895    -0.173798    -0.172364    -0.175126    -0.176528    -0.174481     -0.17268    -0.172436    -0.164362    -0.162859    -0.164719    -0.173502    -0.173264    -0.161649    -0.168689    -0.171318    -0.169897    -0.169152     0.098377     0.103264    0.0902041    0.0909884     0.094471     0.102013     0.100451    0.0942521    0.0973272    0.0803854    0.0867715     0.103556     0.086981     0.109346    0.0972142    0.0905509    0.0957006    0.0861081     0.089505    0.0929145
  -0.0445811   -0.0554477   -0.0386224   -0.0541227   -0.0515471   -0.0537212   -0.0399685   -0.0509284   -0.0366134   -0.0515691      0.13933     0.122414     0.152724      1.13104     0.132541     0.124233     0.123283      0.15199     0.105969     0.129464    -0.034778   -0.0166062   -0.0380663   -0.0321727    -0.018839   -0.0280364   -0.0218724   -0.0346684   -0.0168023   -0.0306135    -0.182755    -0.177048    -0.184497    -0.177136    -0.179567    -0.184529    -0.181744    -0.182944    -0.181366    -0.183221     -0.16988    -0.165787    -0.175279    -0.178682    -0.179209    -0.172034    -0.176493    -0.180228    -0.180081    -0.174981     0.101731     0.105706     0.110762     0.133955     0.101312     0.116187    0.0981505    0.0923277     0.103317     0.106975     0.109607      0.11378     0.105691     0.112166     0.111382     0.103945     0.118344    0.0976707     0.102723     0.107691
  -0.0380579   -0.0486875   -0.0343366   -0.0428021   -0.0319377   -0.0508321   -0.0303194   -0.0469538   -0.0398456   -0.0399524      0.11402    0.0983521     0.116459     0.132541      1.12582      0.14442     0.116004     0.129124    0.0964738     0.127141   -0.0324723   -0.0194956   -0.0207197   -0.0283292  -0.00767961   -0.0197979   -0.0115075   -0.0284491  -0.00202873   -0.0237368    -0.174344    -0.173572     -0.17048    -0.172727    -0.168239    -0.176871     -0.17304    -0.167646     -0.16798    -0.174011    -0.165508    -0.158892    -0.170476     -0.16911    -0.172606    -0.167428    -0.174657    -0.169822    -0.171606    -0.163957    0.0953395    0.0991517    0.0881802     0.101873     0.098718     0.106781    0.0951138    0.0924908    0.0952702    0.0960009    0.0803724     0.102915    0.0890755     0.106886    0.0974163     0.106187    0.0799661     0.100487     0.101284    0.0899646
   -0.038056   -0.0492297   -0.0372714   -0.0468017   -0.0351201   -0.0588535   -0.0342494   -0.0523724    -0.048965   -0.0325455     0.139743     0.116664     0.122823     0.124233      0.14442      1.14112     0.119573     0.108617     0.138726     0.134454   -0.0307264   -0.0232026    -0.023493   -0.0350616   -0.0268458  -0.00618778   -0.0136181   -0.0243616   -0.0297129    -0.015938    -0.176625    -0.177828    -0.171369    -0.175989    -0.174318    -0.178092     -0.17992    -0.174456    -0.174153    -0.172785      -0.1638    -0.159668    -0.168711    -0.171664    -0.175073    -0.167103    -0.170903    -0.171596     -0.17458    -0.168998    0.0902765    0.0944306     0.105883     0.119789    0.0833391    0.0993323     0.104287    0.0884652    0.0976037    0.0973274    0.0988139    0.0961258    0.0847857      0.10036    0.0853534     0.116359    0.0983398    0.0846929    0.0925789    0.0896282
  -0.0332375   -0.0538024   -0.0368385   -0.0480102   -0.0530005   -0.0510268    -0.037957   -0.0537201   -0.0309569   -0.0488847     0.126858     0.121925     0.140518     0.123283     0.116004     0.119573      1.12117     0.131295     0.122464     0.119887   -0.0186011   -0.0151725   -0.0329537   -0.0243623   -0.0240693   -0.0167495   -0.0276409   -0.0235598   -0.0178616   -0.0222177    -0.176639    -0.173136     -0.17325    -0.172095    -0.173502    -0.174358    -0.175144     -0.17467    -0.173729    -0.172798    -0.160824    -0.158012    -0.164553    -0.173032    -0.169976    -0.165762    -0.169438    -0.172415    -0.171082    -0.170044     0.101124    0.0975184    0.0854308     0.118009     0.102228     0.109149    0.0990062    0.0915859     0.107374    0.0965474    0.0839272     0.100407    0.0984378     0.111196     0.101268    0.0984318     0.107464    0.0987235     0.094928    0.0931866
  -0.0405742   -0.0554867   -0.0372324   -0.0587879   -0.0489047   -0.0568063   -0.0357215     -0.06287   -0.0426732   -0.0461741     0.128954     0.133384     0.129017      0.15199     0.129124     0.108617     0.131295       1.1303        0.107     0.122957    -0.022781   -0.0163159   -0.0315608    -0.023777  -0.00944085   -0.0274712   -0.0233319   -0.0286255   -0.0111023   -0.0334241    -0.182449    -0.179875    -0.180202     -0.17805    -0.182033    -0.181983    -0.180365    -0.177943    -0.179957    -0.180029    -0.172956    -0.163448    -0.176783    -0.176132    -0.178361    -0.172293    -0.175772    -0.176009    -0.174742    -0.172452     0.110669      0.11767    0.0975758     0.102682     0.122394     0.121709     0.110236     0.101494    0.0875623     0.119437    0.0908451     0.115908     0.108043    0.0866205     0.117065     0.109255    0.0896722     0.118026     0.108502     0.109585
  -0.0316118    -0.045698   -0.0426506   -0.0370703   -0.0465831   -0.0543955    -0.042346   -0.0583301   -0.0350018    -0.047667     0.122926     0.114051      0.12526     0.105969    0.0964738     0.138726     0.122464        0.107      1.10902    0.0961347  -0.00296214  -0.00895019   -0.0285217   -0.0168538    -0.022815   -0.0109533   -0.0190942   -0.0137291   -0.0199828   -0.0303534    -0.167095    -0.170543    -0.165189    -0.163142    -0.171061    -0.173257    -0.168556    -0.162267    -0.163246    -0.167382    -0.154127    -0.151143    -0.159755    -0.166311    -0.160869    -0.157625    -0.162443    -0.161711    -0.163278    -0.162099    0.0964683    0.0933125    0.0753428     0.102027    0.0921255     0.096405     0.108376       0.1004     0.096392    0.0894008    0.0767888      0.09529    0.0885471     0.101272     0.092584     0.110609    0.0948704    0.0929749    0.0931725    0.0894063
  -0.0425467    -0.050416   -0.0344331   -0.0563886   -0.0518167   -0.0602447   -0.0282939    -0.057585   -0.0421995    -0.049395     0.156607     0.137731     0.104149     0.129464     0.127141     0.134454     0.119887     0.122957    0.0961347      1.13124   -0.0268155   -0.0203592    -0.014059   -0.0187081   -0.0218372   -0.0236457   -0.0179483   -0.0231088 -0.000459315   -0.0113969    -0.175232    -0.173927    -0.174307    -0.171092    -0.171638    -0.175402    -0.172558    -0.172427     -0.17537     -0.17639    -0.160343    -0.153853    -0.168953     -0.17022    -0.175375    -0.165943    -0.168002    -0.170835    -0.168439    -0.169896    0.0934395     0.095716    0.0803459     0.117107    0.0856971     0.110606    0.0978747     0.086609    0.0888331    0.0978403    0.0781116       0.0947    0.0968111     0.110984    0.0929615     0.103811    0.0950625     0.102622     0.104712     0.102899
   0.0098276   0.00194953   -0.0103484    0.0118629    0.0072007   0.00361204   0.00253175  -0.00939309   0.00666418    0.0118798   -0.0114209   -0.0203764   -0.0160781    -0.034778   -0.0324723   -0.0307264   -0.0186011    -0.022781  -0.00296214   -0.0268155      1.00027    0.0319749    0.0353003    0.0222967    0.0206604    0.0242816     0.018169    0.0308328    0.0272402    0.0304613   -0.0337183   -0.0312499    -0.026713   -0.0347359   -0.0299626   -0.0291651   -0.0281508   -0.0293055   -0.0315351   -0.0321554   -0.0294002    -0.035146    -0.032428   -0.0260216   -0.0302563   -0.0310163   -0.0290419   -0.0234051   -0.0291437   -0.0322349  -0.00485524  -0.00818906   -0.0216964   -0.0227037   -0.0133998   -0.0262145   -0.0177324  -0.00343599   -0.0182987   -0.0208504   -0.0249212    -0.025049    -0.013439   -0.0240321   -0.0110333   -0.0238002   -0.0171069   -0.0182968  -0.00576663   -0.0136837
  -0.0021657 -0.000535809   -0.0146356   0.00730749   0.00404397    0.0114786    0.0049612   -0.0113529    0.0121064   0.00596302    -0.022471   -0.0189323   -0.0108612   -0.0166062   -0.0194956   -0.0232026   -0.0151725   -0.0163159  -0.00895019   -0.0203592    0.0319749     0.990739    0.0297991    0.0153541     0.031449    0.0317568    0.0294019    0.0165783    0.0284571     0.037532   -0.0377528   -0.0340113   -0.0357914   -0.0358122   -0.0317563   -0.0341313   -0.0327823   -0.0327823   -0.0331675   -0.0351403   -0.0303008   -0.0353984   -0.0305628   -0.0285151    -0.033834   -0.0322211   -0.0284446   -0.0288611   -0.0288033   -0.0323981  -0.00957024  -0.00778259   -0.0213987    -0.023043   -0.0194113   -0.0177501   -0.0124372  -0.00457401    -0.023442   -0.0208204   -0.0193232   -0.0180023   -0.0163871   -0.0332923  -0.00825294   -0.0231615   -0.0246795   -0.0142908    -0.018037  -0.00802821
  0.00306746    0.0133474   -0.0105308    0.0101593    0.0162064    0.0137584   0.00955689  -0.00310724    0.0115886   0.00789862   -0.0197604   -0.0333429   -0.0369684   -0.0380663   -0.0207197    -0.023493   -0.0329537   -0.0315608   -0.0285217    -0.014059    0.0353003    0.0297991      1.00414    0.0217018    0.0331767    0.0373071    0.0336405    0.0271294    0.0414125    0.0580941   -0.0308733   -0.0262929   -0.0298976   -0.0308554   -0.0286164    -0.026402   -0.0268093   -0.0250543   -0.0279529   -0.0305256   -0.0268198   -0.0311415   -0.0298262   -0.0181286   -0.0267347   -0.0314551   -0.0265136   -0.0206654   -0.0254852   -0.0296901    -0.011922   -0.0175195   -0.0329342   -0.0251056   -0.0218882   -0.0228453   -0.0191808   -0.0130116   -0.0272722   -0.0218946   -0.0399253   -0.0273778    -0.019733   -0.0287828  -0.00894051    -0.027927   -0.0204331   -0.0204993   -0.0132322   -0.0153891
     0.01529   0.00960944   0.00633106    0.0161286    0.0113294    0.0149324    0.0111047   0.00825589    0.0155827    0.0127348   -0.0179774   -0.0197177   -0.0232203   -0.0321727   -0.0283292   -0.0350616   -0.0243623    -0.023777   -0.0168538   -0.0187081    0.0222967    0.0153541    0.0217018     0.992259    0.0181743     0.018005   0.00736672    0.0241627    0.0282098    0.0207339   -0.0252865   -0.0238159   -0.0261831   -0.0242539   -0.0260259   -0.0252668   -0.0249677   -0.0270248   -0.0276007   -0.0302013   -0.0216071   -0.0279701   -0.0241057   -0.0255835   -0.0219077   -0.0245318   -0.0208909   -0.0225805   -0.0224083   -0.0278952   -0.0103555   -0.0174611    -0.021576   -0.0296264   -0.0261898   -0.0252296   -0.0213108   -0.0153392   -0.0223835   -0.0288443    -0.019517   -0.0259106   -0.0175852   -0.0199759   -0.0227844   -0.0250815   -0.0269422   -0.0229673   -0.0221984   -0.0138973
  0.00909271   0.00767692  -0.00123396    0.0171361    0.0122263    0.0123828    0.0100133  -0.00734124     0.015976   0.00705828    -0.022029   -0.0287119  -0.00937048    -0.018839  -0.00767961   -0.0268458   -0.0240693  -0.00944085    -0.022815   -0.0218372    0.0206604     0.031449    0.0331767    0.0181743     0.992365    0.0377722    0.0258099    0.0250886    0.0335913    0.0280697   -0.0278655    -0.029188   -0.0287467   -0.0274289   -0.0308601   -0.0283434   -0.0262547   -0.0236486   -0.0281807   -0.0256826   -0.0259778   -0.0337333   -0.0300828   -0.0278601   -0.0276766   -0.0289246   -0.0277726    -0.028674   -0.0257417    -0.028481   -0.0134389   -0.0229346   -0.0208731   -0.0434435   -0.0257014   -0.0223839    -0.018364   -0.0119573   -0.0369753   -0.0224428   -0.0276907   -0.0277389   -0.0225848   -0.0370415   -0.0130912   -0.0297857   -0.0521876   -0.0207197   -0.0194388   -0.0199083
   0.0114995    0.0120115  -0.00907431    0.0153769    0.0121447    0.0172115   0.00691785  0.000860175    0.0211579    0.0130081   -0.0290457   -0.0246041   -0.0119984   -0.0280364   -0.0197979  -0.00618778   -0.0167495   -0.0274712   -0.0109533   -0.0236457    0.0242816    0.0317568    0.0373071     0.018005    0.0377722     0.994494    0.0293099    0.0293229    0.0248574    0.0348444   -0.0279299   -0.0314152   -0.0250503   -0.0314476    -0.028271   -0.0292305   -0.0294305   -0.0262962   -0.0282562   -0.0260189   -0.0229553   -0.0313292   -0.0293245    -0.029023   -0.0298771   -0.0292731   -0.0294448   -0.0274527   -0.0277289   -0.0294354    -0.016606   -0.0235698   -0.0225577   -0.0258138   -0.0344355   -0.0277575   -0.0198415   -0.0172362   -0.0281969   -0.0298674   -0.0306127   -0.0289495   -0.0335602   -0.0404598   -0.0262438   -0.0267781   -0.0283353   -0.0287299   -0.0212951   -0.0206531
 0.000849898   0.00296639  -0.00332634   0.00822364   0.00739871    0.0114517   0.00987466  -0.00882685    0.0136458   0.00789551   -0.0174331   -0.0240659   -0.0221236   -0.0218724   -0.0115075   -0.0136181   -0.0276409   -0.0233319   -0.0190942   -0.0179483     0.018169    0.0294019    0.0336405   0.00736672    0.0258099    0.0293099     0.993906    0.0207345    0.0233377    0.0323038   -0.0249155    -0.023519    -0.027415   -0.0240825    -0.024379   -0.0258847   -0.0278356   -0.0219298   -0.0214252   -0.0253567   -0.0206165   -0.0308209   -0.0234556    -0.022868   -0.0207837   -0.0237882   -0.0253102   -0.0207416   -0.0210151   -0.0230718   -0.0173591   -0.0143028   0.00385756   -0.0337879   -0.0319578   -0.0281808   -0.0249115   -0.0141031   -0.0371379   -0.0291486  -0.00649031   -0.0368212   -0.0229081   -0.0441939   -0.0187502   -0.0290825    -0.038029    -0.032614    -0.028079    -0.020176
   0.0189686    0.0144205  -0.00256417    0.0128099   0.00779741    0.0184374    0.0122299   0.00551551      0.01195    0.0121302   -0.0215375   -0.0227088   -0.0226424   -0.0346684   -0.0284491   -0.0243616   -0.0235598   -0.0286255   -0.0137291   -0.0231088    0.0308328    0.0165783    0.0271294    0.0241627    0.0250886    0.0293229    0.0207345     0.984188    0.0334391    0.0318002    -0.025425   -0.0285828   -0.0286598   -0.0282398   -0.0261711   -0.0234272   -0.0228173   -0.0221195   -0.0274564   -0.0263644    -0.024472   -0.0269403   -0.0288897   -0.0225932   -0.0249437   -0.0257986   -0.0242054   -0.0224566   -0.0202927   -0.0272037   -0.0110737   -0.0223201   -0.0352261   -0.0321952   -0.0242793   -0.0263906   -0.0146714   -0.0159991   -0.0300899   -0.0255258   -0.0414678   -0.0307698   -0.0291679   -0.0331855   -0.0203147   -0.0260274   -0.0362282   -0.0155121   -0.0146315   -0.0187592
  0.00372307    0.0188957   -0.0117406    0.0152766   0.00962282     0.021476    0.0150607  -0.00490393    0.0161011    0.0113465  -0.00541262   -0.0181454   -0.0118621   -0.0168023  -0.00202873   -0.0297129   -0.0178616   -0.0111023   -0.0199828 -0.000459315    0.0272402    0.0284571    0.0414125    0.0282098    0.0335913    0.0248574    0.0233377    0.0334391      1.00874    0.0504907   -0.0303714   -0.0328474   -0.0379117   -0.0300642   -0.0325499   -0.0306709   -0.0320164   -0.0296955   -0.0325214   -0.0342084   -0.0250352   -0.0349578   -0.0290316    -0.029895   -0.0319725   -0.0303396    -0.029011    -0.028271   -0.0322624   -0.0319017   -0.0196408   -0.0239202    -0.042198   -0.0322884     -0.03455   -0.0304235   -0.0287367   -0.0171326   -0.0292103    -0.038629   -0.0437355     -0.03115   -0.0309023    -0.026074   -0.0208089   -0.0486393   -0.0341718   -0.0291477   -0.0234686   -0.0223965
 -0.00586223   0.00511334   -0.0234938    0.0115294    0.0137694    0.0221163     0.012911   -0.0081627     0.018688    0.0093202   -0.0196587   -0.0315204   -0.0274526   -0.0306135   -0.0237368    -0.015938   -0.0222177   -0.0334241   -0.0303534   -0.0113969    0.0304613     0.037532    0.0580941    0.0207339    0.0280697    0.0348444    0.0323038    0.0318002    0.0504907      1.00626   -0.0279421   -0.0282218   -0.0249388    -0.027155    -0.023099   -0.0250567   -0.0263736   -0.0269966   -0.0265129   -0.0271733   -0.0226362   -0.0280886   -0.0215884   -0.0219854   -0.0219817   -0.0266542   -0.0223494   -0.0212627   -0.0226356   -0.0234526   -0.0169663   -0.0282034   -0.0260142    -0.023498   -0.0399458   -0.0323559   -0.0302304   -0.0160021   -0.0256243   -0.0397842   -0.0297224    -0.034444   -0.0233571   -0.0364138   -0.0194644   -0.0425623   -0.0191376   -0.0300215   -0.0281152   -0.0242098
  0.00360072    0.0191064   0.00281694    0.0219054    0.0224751    0.0245823   0.00992843    0.0236804   0.00751146    0.0186339    -0.180307    -0.174419    -0.173031    -0.182755    -0.174344    -0.176625    -0.176639    -0.182449    -0.167095    -0.175232   -0.0337183   -0.0377528   -0.0308733   -0.0252865   -0.0278655   -0.0279299   -0.0249155    -0.025425   -0.0303714   -0.0279421     0.994486     0.254657     0.253372      0.25811      0.25293     0.261673     0.256258     0.253122     0.253526     0.258758     0.237396     0.224074     0.243162     0.245942     0.242595     0.238018     0.239951     0.241656     0.241676     0.243509    -0.199252    -0.201682    -0.205359    -0.215068    -0.206852    -0.201413    -0.196631    -0.190182    -0.202466    -0.202666      -0.2034    -0.199962    -0.202976    -0.206093    -0.200526    -0.203589    -0.212895    -0.212447     -0.20454    -0.194632
 -0.00519418    0.0160184  -0.00291193    0.0188534    0.0180045    0.0231152   0.00184146     0.020726   0.00939209    0.0129695    -0.177563    -0.176685    -0.172688    -0.177048    -0.173572    -0.177828    -0.173136    -0.179875    -0.170543    -0.173927   -0.0312499   -0.0340113   -0.0262929   -0.0238159    -0.029188   -0.0314152    -0.023519   -0.0285828   -0.0328474   -0.0282218     0.254657     0.988623     0.249585     0.251964     0.253302      0.25322     0.251817     0.245125     0.251167     0.250233     0.228557     0.223329     0.235557      0.23778     0.239143     0.234562     0.238189     0.234558     0.237593     0.238611    -0.193177    -0.191812      -0.1949    -0.205707    -0.197168    -0.194339    -0.190725    -0.180829    -0.195725     -0.19362    -0.192846    -0.194183    -0.191737    -0.200736    -0.192399    -0.198595    -0.199325    -0.199626    -0.195429    -0.185195
  -0.0046822    0.0127384 -0.000675415    0.0143151    0.0215456    0.0212633 -0.000336275    0.0181784   0.00750181    0.0156426    -0.180335     -0.17635    -0.173895    -0.184497     -0.17048    -0.171369     -0.17325    -0.180202    -0.165189    -0.174307    -0.026713   -0.0357914   -0.0298976   -0.0261831   -0.0287467   -0.0250503    -0.027415   -0.0286598   -0.0379117   -0.0249388     0.253372     0.249585     0.979754     0.252524     0.251948      0.25432     0.249465     0.249336     0.251373     0.252373     0.231472     0.222704     0.240708     0.236748     0.238945     0.238977     0.235351     0.238141      0.23952     0.246127     -0.19458    -0.196164    -0.198263    -0.208615    -0.198757    -0.195381    -0.189918    -0.182798    -0.196485     -0.19265    -0.197078    -0.194259    -0.197417     -0.20061    -0.194727    -0.194334    -0.201812    -0.200994     -0.19719    -0.186542
-0.000130806    0.0129631 -0.000568666    0.0219536    0.0179971    0.0257628   0.00361008    0.0203328   0.00982551    0.0164305    -0.181697    -0.176115    -0.173798    -0.177136    -0.172727    -0.175989    -0.172095     -0.17805    -0.163142    -0.171092   -0.0347359   -0.0358122   -0.0308554   -0.0242539   -0.0274289   -0.0314476   -0.0240825   -0.0282398   -0.0300642    -0.027155      0.25811     0.251964     0.252524     0.982305     0.254853     0.253864     0.252419      0.25459     0.252048     0.253783     0.230321     0.221353     0.235356     0.237418     0.238984     0.237093      0.23638     0.235736     0.236477     0.241194    -0.194924    -0.193387    -0.200627    -0.207813     -0.20272    -0.199643     -0.19242     -0.18452    -0.199614    -0.196076    -0.196637    -0.196909    -0.195983    -0.206742    -0.197332    -0.200409    -0.203633    -0.209014    -0.196211    -0.189226
 -0.00336773    0.0157491  -0.00116146    0.0176084    0.0203635    0.0214367   0.00545847    0.0198103    0.0112202    0.0164032    -0.175091    -0.173346    -0.172364    -0.179567    -0.168239    -0.174318    -0.173502    -0.182033    -0.171061    -0.171638   -0.0299626   -0.0317563   -0.0286164   -0.0260259   -0.0308601    -0.028271    -0.024379   -0.0261711   -0.0325499    -0.023099      0.25293     0.253302     0.251948     0.254853     0.983935     0.255369     0.251721     0.249238     0.252426     0.251191     0.230572     0.223742     0.236083     0.236549     0.241446     0.236111     0.237386     0.235396     0.237151     0.239251    -0.193037    -0.193271    -0.195749    -0.208237    -0.199703    -0.198788    -0.192447    -0.187077    -0.197615    -0.194037    -0.194086    -0.198149     -0.19402    -0.205248    -0.195057    -0.202224    -0.205194    -0.206094    -0.199296     -0.18914
 0.000331504    0.0196261  -0.00143409    0.0193662    0.0227068    0.0239169   0.00606942    0.0240899   0.00976371    0.0188368    -0.182758       -0.175    -0.175126    -0.184529    -0.176871    -0.178092    -0.174358    -0.181983    -0.173257    -0.175402   -0.0291651   -0.0341313    -0.026402   -0.0252668   -0.0283434   -0.0292305   -0.0258847   -0.0234272   -0.0306709   -0.0250567     0.261673      0.25322      0.25432     0.253864     0.255369     0.990522     0.256133     0.252393      0.25661     0.254966     0.233908     0.223378     0.243982     0.240052      0.24354     0.240132     0.239386      0.24095     0.244598     0.245003     -0.19456    -0.198197    -0.200638    -0.213868    -0.204202    -0.203539    -0.195007    -0.188511    -0.202796    -0.199767     -0.19794     -0.19938    -0.198005    -0.210287    -0.198704    -0.203835     -0.20808    -0.211896    -0.202558    -0.190818
 -0.00151094    0.0190691   0.00421673    0.0200511     0.019689    0.0264216   0.00553259     0.018595   0.00935311    0.0163884    -0.176199    -0.172965    -0.176528    -0.181744     -0.17304     -0.17992    -0.175144    -0.180365    -0.168556    -0.172558   -0.0281508   -0.0327823   -0.0268093   -0.0249677   -0.0262547   -0.0294305   -0.0278356   -0.0228173   -0.0320164   -0.0263736     0.256258     0.251817     0.249465     0.252419     0.251721     0.256133     0.987626      0.24832     0.247793     0.251726     0.227943     0.223459      0.23455     0.239954     0.241114     0.233479      0.23753     0.238351     0.235999     0.239334    -0.189805     -0.19279    -0.202478    -0.213724    -0.199328    -0.194649    -0.192748    -0.186635    -0.197741    -0.194101    -0.197919    -0.194694    -0.196742    -0.198795    -0.195928    -0.197895    -0.206194    -0.207991    -0.196986    -0.190209
  0.00104456    0.0161115   0.00351294    0.0197982    0.0233005    0.0247125   0.00491488    0.0252081    0.0092175    0.0190664    -0.177583    -0.176028    -0.174481    -0.182944    -0.167646    -0.174456     -0.17467    -0.177943    -0.162267    -0.172427   -0.0293055   -0.0327823   -0.0250543   -0.0270248   -0.0236486   -0.0262962   -0.0219298   -0.0221195   -0.0296955   -0.0269966     0.253122     0.245125     0.249336      0.25459     0.249238     0.252393      0.24832     0.983353     0.247238     0.249557      0.22723     0.218024      0.23408     0.234366     0.237671     0.231295     0.233026     0.235991     0.235096     0.237332    -0.193184    -0.195187    -0.195348    -0.207177      -0.1988    -0.196504    -0.191828    -0.185998    -0.196389     -0.19452    -0.192255    -0.195725    -0.194014    -0.202781    -0.194044    -0.197558    -0.205101    -0.205043    -0.199945    -0.189344
 -0.00625252    0.0130656 -0.000768411    0.0157948    0.0199221    0.0225828   0.00290123    0.0212445    0.0102603    0.0199071    -0.177766    -0.174109     -0.17268    -0.181366     -0.16798    -0.174153    -0.173729    -0.179957    -0.163246     -0.17537   -0.0315351   -0.0331675   -0.0279529   -0.0276007   -0.0281807   -0.0282562   -0.0214252   -0.0274564   -0.0325214   -0.0265129     0.253526     0.251167     0.251373     0.252048     0.252426      0.25661     0.247793     0.247238     0.983146     0.251143     0.229711      0.22327     0.236913     0.236808     0.239878     0.235431     0.239272     0.235067     0.236626      0.23834    -0.194452    -0.194904    -0.194827    -0.209519    -0.201695       -0.195    -0.191347    -0.185718    -0.197106    -0.193636    -0.190817    -0.197328    -0.193674    -0.204278    -0.192839    -0.200932    -0.205815    -0.206584    -0.199401     -0.18719
 0.000192564    0.0177976   0.00190871    0.0190277    0.0217508    0.0224065   0.00543326    0.0222906   0.00828012    0.0172556     -0.17973     -0.17753    -0.172436    -0.183221    -0.174011    -0.172785    -0.172798    -0.180029    -0.167382     -0.17639   -0.0321554   -0.0351403   -0.0305256   -0.0302013   -0.0256826   -0.0260189   -0.0253567   -0.0263644   -0.0342084   -0.0271733     0.258758     0.250233     0.252373     0.253783     0.251191     0.254966     0.251726     0.249557     0.251143      0.98573      0.23109     0.225739     0.243663     0.242644     0.245307     0.242485     0.241214     0.239959     0.236785     0.239398    -0.195434    -0.196737    -0.197227    -0.212002    -0.201455    -0.198927    -0.194755     -0.18771    -0.199563    -0.199043    -0.193684    -0.200742    -0.195542    -0.207718    -0.197383    -0.199812    -0.206961    -0.210901    -0.200346    -0.191084
 -0.00306214    0.0117146  -0.00288238    0.0157193    0.0185955    0.0229129   0.00252542    0.0170664   0.00435325    0.0118694      -0.1618    -0.161465    -0.164362     -0.16988    -0.165508      -0.1638    -0.160824    -0.172956    -0.154127    -0.160343   -0.0294002   -0.0303008   -0.0268198   -0.0216071   -0.0259778   -0.0229553   -0.0206165    -0.024472   -0.0250352   -0.0226362     0.237396     0.228557     0.231472     0.230321     0.230572     0.233908     0.227943      0.22723     0.229711      0.23109     0.974885     0.216807     0.230766     0.227359     0.230941      0.22748     0.232367     0.226536     0.227417     0.234465    -0.184734    -0.186787    -0.191789      -0.2059    -0.196708    -0.184858    -0.183608     -0.17728    -0.192252    -0.186322    -0.191544    -0.186906    -0.185504    -0.193918    -0.187677    -0.190467    -0.201507    -0.197691    -0.193454    -0.181446
  -0.0112122    0.0124773   -0.0058433    0.0109177   0.00940492     0.014268  -0.00202811    0.0118546   0.00303997   0.00705927    -0.156902    -0.153672    -0.162859    -0.165787    -0.158892    -0.159668    -0.158012    -0.163448    -0.151143    -0.153853    -0.035146   -0.0353984   -0.0311415   -0.0279701   -0.0337333   -0.0313292   -0.0308209   -0.0269403   -0.0349578   -0.0280886     0.224074     0.223329     0.222704     0.221353     0.223742     0.223378     0.223459     0.218024      0.22327     0.225739     0.216807     0.964748     0.224486     0.224163     0.218579     0.219054      0.21852     0.223029      0.22299       0.2246    -0.176833    -0.174722    -0.176361    -0.181968    -0.182418    -0.175791    -0.172725    -0.171978     -0.17814    -0.181534    -0.173263    -0.176161     -0.17218    -0.183816    -0.181328    -0.177774     -0.17615    -0.184605    -0.178615    -0.166768
 -0.00667822    0.0108591  0.000887704    0.0160123    0.0140773    0.0192356   0.00187096    0.0178955   0.00533841    0.0102678    -0.173423    -0.167938    -0.164719    -0.175279    -0.170476    -0.168711    -0.164553    -0.176783    -0.159755    -0.168953    -0.032428   -0.0305628   -0.0298262   -0.0241057   -0.0300828   -0.0293245   -0.0234556   -0.0288897   -0.0290316   -0.0215884     0.243162     0.235557     0.240708     0.235356     0.236083     0.243982      0.23455      0.23408     0.236913     0.243663     0.230766     0.224486     0.985403     0.234502      0.23747     0.239762      0.24138     0.238605     0.239905     0.239268    -0.192353    -0.192375    -0.193738    -0.204689    -0.197064    -0.191395    -0.189272    -0.179849    -0.194657    -0.189858    -0.188169    -0.189289    -0.188668    -0.200275    -0.187343    -0.194797    -0.201829     -0.20075    -0.194827    -0.183745
