0.9343685 0.0518239 0.0325386 0.0140836 0.0108110 0.0199448 0.0147619 0.0351351 0.0091241 0.0217765 -0.0338109 -0.0318207 -0.0342872 -0.0366538 -0.0350867 -0.0389295 -0.0315766 -0.0357568 -0.0352661 -0.0367462 -0.0005655 -0.0026144 -0.0013462 0.0036600 0.0016420 0.0008175 -0.0056174 0.0069627 -0.0015593 -0.0063092 0.0002926 -0.0007924 -0.0018771 0.0000460 -0.0023791 -0.0000620 -0.0020552 0.0002730 -0.0042591 -0.0001251 -0.0050212 -0.0070465 -0.0043329 -0.0016294 -0.0041544 -0.0068049 -0.0070660 -0.0057179 -0.0051196 -0.0049852 -0.0325275 -0.0338622 -0.0395060 -0.0412488 -0.0355801 -0.0395790 -0.0322687 -0.0334372 -0.0352304 -0.0417301 -0.0423272 -0.0306579 -0.0401962 -0.0394602 -0.0386937 -0.0410964 -0.0401187 -0.0371181 -0.0300056
0.0518239 0.9283958 0.0131289 0.0182007 0.0126353 0.0247113 0.0210913 0.0365801 0.0089006 0.0268282 -0.0426610 -0.0352012 -0.0368411 -0.0436424 -0.0354441 -0.0442254 -0.0409152 -0.0393884 -0.0391677 -0.0406234 -0.0042584 -0.0037004 0.0023675 0.0030472 -0.0001398 -0.0031167 -0.0030185 0.0015754 0.0055597 -0.0026117 0.0068127 0.0062321 0.0068996 0.0071739 0.0074633 0.0080281 0.0073974 0.0088568 0.0032820 0.0044349 0.0048497 0.0036913 0.0042817 0.0062361 0.0042311 0.0018158 0.0038652 0.0050565 0.0043740 0.0050400 -0.0403457 -0.0356925 -0.0439225 -0.0434147 -0.0438051 -0.0465034 -0.0416213 -0.0386712 -0.0450953 -0.0477628 -0.0506813 -0.0436137 -0.0469641 -0.0494049 -0.0391821 -0.0431375 -0.0485455 -0.0441864 -0.0325322
0.0325386 0.0131289 0.9354771 0.0106981 0.0201646 0.0069765 0.0118054 0.1324405 0.0066132 0.0174307 -0.0396446 -0.0346621 -0.0350396 -0.0429896 -0.0341928 -0.0365868 -0.0351746 -0.0349140 -0.0363726 -0.0309460 -0.0046330 -0.0086662 -0.0036567 0.0016841 -0.0017453 -0.0067806 -0.0039707 -0.0055161 -0.0080112 -0.0127798 0.0013285 0.0004024 -0.0008209 -0.0018921 -0.0019219 -0.0001694 0.0012285 0.0042469 -0.0011475 -0.0002723 -0.0041461 -0.0062640 -0.0002485 0.0011853 -0.0000910 -0.0030529 -0.0038666 -0.0037795 -0.0043843 -0.0056941 -0.0357829 -0.0401902 -0.0377514 -0.0416557 -0.0435009 -0.0420883 -0.0315001 -0.0417475 -0.0391824 -0.0342916 -0.0380538 -0.0396463 -0.0435672 -0.0372841 -0.0400318 -0.0315405 -0.0392865 -0.0372974 -0.0314080
0.0140836 0.0182007 0.0106981 0.9281535 0.0174115 0.0228676 0.0133008 0.0145795 0.0131438 0.0157772 -0.0446651 -0.0442261 -0.0403409 -0.0413715 -0.0421190 -0.0418232 -0.0387836 -0.0448453 -0.0328699 -0.0384818 0.0035325 0.0001591 0.0007230 0.0052750 -0.0003472 0.0045331 0.0010989 0.0001922 0.0055780 0.0018526 0.0083546 0.0099329 0.0032072 0.0066942 0.0061703 0.0096844 0.0085161 0.0080341 0.0066533 0.0079791 0.0038074 0.0015035 0.0049677 0.0059489 0.0042550 0.0039498 0.0031364 0.0075886 0.0049542 0.0060604 -0.0418295 -0.0400437 -0.0378198 -0.0440611 -0.0413259 -0.0455461 -0.0395943 -0.0424514 -0.0426684 -0.0432349 -0.0407829 -0.0390391 -0.0456928 -0.0475466 -0.0356145 -0.0379019 -0.0396327 -0.0397869 -0.0381072
0.0108110 0.0126353 0.0201646 0.0174115 0.9330303 0.0201381 0.0088618 0.0218337 0.0143089 0.0081143 -0.0394249 -0.0381797 -0.0392444 -0.0418218 -0.0317451 -0.0352610 -0.0388437 -0.0350692 -0.0371753 -0.0376786 -0.0006095 -0.0052265 0.0055584 0.0011858 -0.0039023 0.0007514 -0.0037001 -0.0035257 -0.0018271 0.0020803 0.0113108 0.0112054 0.0116687 0.0095884 0.0121436 0.0096944 0.0103661 0.0110661 0.0099633 0.0080080 0.0076767 0.0046609 0.0036076 0.0090491 0.0056485 0.0048609 0.0095781 0.0062534 0.0063312 0.0070402 -0.0491982 -0.0502456 -0.0386859 -0.0457362 -0.0443457 -0.0437503 -0.0456974 -0.0375822 -0.0404946 -0.0425881 -0.0414115 -0.0372141 -0.0450035 -0.0460674 -0.0500472 -0.0463213 -0.0429601 -0.0414448 -0.0415966
0.0199448 0.0247113 0.0069765 0.0228676 0.0201381 0.9339126 0.0102821 0.0242913 0.0201075 0.0179984 -0.0443413 -0.0455747 -0.0455332 -0.0460886 -0.0418214 -0.0458010 -0.0334793 -0.0417126 -0.0416098 -0.0472468 -0.0036313 0.0016722 0.0017075 0.0063383 0.0001425 0.0040001 -0.0013883 0.0029545 0.0029142 0.0020579 0.0103101 0.0092099 0.0107341 0.0099642 0.0097322 0.0105918 0.0111163 0.0105202 0.0084302 0.0092071 0.0073141 0.0032326 0.0069892 0.0086635 0.0067802 0.0106927 0.0088750 0.0069385 0.0054941 0.0085813 -0.0428582 -0.0434290 -0.0429311 -0.0412454 -0.0445163 -0.0433892 -0.0412579 -0.0378656 -0.0469758 -0.0435294 -0.0499037 -0.0408306 -0.0495423 -0.0454848 -0.0419104 -0.0490594 -0.0470672 -0.0401108 -0.0403732
0.0147619 0.0210913 0.0118054 0.0133008 0.0088618 0.0102821 0.9245306 0.0208585 0.0118295 0.0161116 -0.0341092 -0.0367517 -0.0307014 -0.0344690 -0.0341032 -0.0324765 -0.0334264 -0.0298514 -0.0356109 -0.0346134 0.0007342 0.0016419 -0.0005893 0.0042539 -0.0031871 -0.0010505 0.0018176 -0.0003820 -0.0041768 0.0043210 0.0059658 0.0000299 0.0021110 0.0008935 0.0025809 0.0033287 0.0046593 0.0033347 0.0032023 0.0049079 0.0003941 -0.0015121 0.0004439 -0.0007937 0.0002494 -0.0005531 0.0007703 0.0011252 0.0008723 0.0007289 -0.0370476 -0.0340536 -0.0412427 -0.0363806 -0.0439220 -0.0394527 -0.0399733 -0.0384001 -0.0404991 -0.0373260 -0.0370675 -0.0405851 -0.0386889 -0.0455172 -0.0378854 -0.0371088 -0.0384063 -0.0375986 -0.0355310
0.0351351 0.0365801 0.1324405 0.0145795 0.0218337 0.0242913 0.0208585 0.9298157 0.0122295 0.0118288 -0.0468458 -0.0449983 -0.0440070 -0.0469963 -0.0408523 -0.0451464 -0.0455525 -0.0480735 -0.0438414 -0.0455766 -0.0074238 -0.0048152 -0.0012114 0.0008042 -0.0086311 -0.0032820 -0.0128284 -0.0035279 -0.0064404 -0.0069700 0.0088566 0.0092384 0.0102530 0.0102886 0.0117714 0.0131478 0.0069200 0.0132662 0.0119271 0.0113321 0.0078324 0.0034032 0.0068040 0.0098928 0.0115490 0.0063922 0.0062409 0.0097631 0.0078526 0.0068121 -0.0449836 -0.0440725 -0.0461031 -0.0491816 -0.0503693 -0.0494679 -0.0436957 -0.0485603 -0.0489228 -0.0475273 -0.0484537 -0.0449379 -0.0498218 -0.0513883 -0.0484333 -0.0443874 -0.0521286 -0.0483671 -0.0402624
0.0091241 0.0089006 0.0066132 0.0131438 0.0143089 0.0201075 0.0118295 0.0122295 0.9274217 0.0020475 -0.0386787 -0.0420859 -0.0321334 -0.0374503 -0.0309616 -0.0375267 -0.0234106 -0.0312708 -0.0281878 -0.0345798 -0.0063542 0.0001236 0.0009936 0.0007554 0.0052195 0.0037445 0.0023703 0.0015564 0.0055154 0.0070035 -0.0003419 0.0030491 0.0004166 0.0039702 0.0047832 0.0007017 0.0018631 -0.0002082 0.0022013 -0.0003241 -0.0008023 -0.0002367 -0.0010445 0.0023740 -0.0018884 -0.0041058 0.0010113 0.0010124 -0.0018007 -0.0027001 -0.0399149 -0.0370304 -0.0302872 -0.0333194 -0.0419375 -0.0402980 -0.0333771 -0.0303788 -0.0344486 -0.0408594 -0.0409302 -0.0338997 -0.0354843 -0.0432345 -0.0297952 -0.0375552 -0.0405253 -0.0350154 -0.0402381
0.0217765 0.0268282 0.0174307 0.0157772 0.0081143 0.0179984 0.0161116 0.0118288 0.0020475 0.9275590 -0.0427085 -0.0343710 -0.0378809 -0.0425447 -0.0341931 -0.0327331 -0.0423474 -0.0352774 -0.0391702 -0.0423513 0.0025505 0.0005409 -0.0002322 0.0062197 -0.0041904 0.0018520 -0.0008426 0.0005234 -0.0001033 0.0000748 0.0081768 0.0046793 0.0070758 0.0048285 0.0060105 0.0079128 0.0062290 0.0083688 0.0070790 0.0046547 0.0040741 0.0010578 0.0043565 0.0073632 0.0014536 0.0025337 0.0007283 0.0035432 0.0053945 0.0020456 -0.0401667 -0.0359245 -0.0398548 -0.0390236 -0.0466724 -0.0419369 -0.0376767 -0.0417880 -0.0396966 -0.0454393 -0.0391656 -0.0375892 -0.0443821 -0.0456786 -0.0401504 -0.0365274 -0.0354191 -0.0392658 -0.0447417
-0.0338109 -0.0426610 -0.0396446 -0.0446651 -0.0394249 -0.0443413 -0.0341092 -0.0468458 -0.0386787 -0.0427085 1.1043223 0.1256297 0.0728218 0.0908439 0.0759922 0.0939623 0.0745150 0.0829092 0.0779418 0.0922129 -0.0175626 -0.0217416 -0.0174127 -0.0236097 -0.0204727 -0.0247592 -0.0174591 -0.0209468 -0.0177549 -0.0208134 -0.1289338 -0.1266171 -0.1258406 -0.1297926 -0.1269858 -0.1289463 -0.1232266 -0.1244290 -0.1256065 -0.1260723 -0.1181619 -0.1172577 -0.1246886 -0.1293934 -0.1244652 -0.1237026 -0.1214831 -0.1250689 -0.1264181 -0.1256864 0.0611492 0.0615630 0.0592601 0.0629624 0.0601200 0.0642136 0.0626183 0.0624319 0.0672380 0.0723081 0.0651317 0.0690312 0.0717385 0.0693409 0.0654396 0.0688445 0.0549254 0.0594125 0.0668530
-0.0318207 -0.0352012 -0.0346621 -0.0442261 -0.0381797 -0.0455747 -0.0367517 -0.0449983 -0.0420859 -0.0343710 0.1256297 1.0923554 0.0836605 0.0793463 0.0650162 0.0838296 0.0700272 0.0870701 0.0670842 0.0880763 -0.0216677 -0.0195226 -0.0263820 -0.0242676 -0.0264464 -0.0201667 -0.0204839 -0.0242624 -0.0173342 -0.0292405 -0.1238849 -0.1248885 -0.1234941 -0.1252013 -0.1223726 -0.1202756 -0.1228109 -0.1219515 -0.1204696 -0.1231052 -0.1161445 -0.1150070 -0.1193957 -0.1240926 -0.1230702 -0.1194594 -0.1189017 -0.1201712 -0.1208413 -0.1233327 0.0658936 0.0635030 0.0614103 0.0554555 0.0665688 0.0634698 0.0641260 0.0597643 0.0640257 0.0672228 0.0636383 0.0579229 0.0690291 0.0606283 0.0618095 0.0748920 0.0609741 0.0643751 0.0642860
-0.0342872 -0.0368411 -0.0350396 -0.0403409 -0.0392444 -0.0455332 -0.0307014 -0.0440070 -0.0321334 -0.0378809 0.0728218 0.0836605 1.1057243 0.0945479 0.0706935 0.0793265 0.0790204 0.0714782 0.0799868 0.0754978 -0.0157790 -0.0173424 -0.0208407 -0.0256480 -0.0186032 -0.0109802 -0.0218040 -0.0188284 -0.0177822 -0.0213132 -0.1242433 -0.1221295 -0.1234154 -0.1227959 -0.1213546 -0.1224970 -0.1252582 -0.1243305 -0.1220214 -0.1228517 -0.1183810 -0.1170506 -0.1211434 -0.1199167 -0.1224836 -0.1157740 -0.1223247 -0.1222744 -0.1189806 -0.1233885 0.0715068 0.0609221 0.0562407 0.0542293 0.0623463 0.0669852 0.0785306 0.0534085 0.0545990 0.0582005 0.0645733 0.0658871 0.0649948 0.0627479 0.0670709 0.0650104 0.0565998 0.0650870 0.0586895
-0.0366538 -0.0436424 -0.0429896 -0.0413715 -0.0418218 -0.0460886 -0.0344690 -0.0469963 -0.0374503 -0.0425447 0.0908439 0.0793463 0.0945479 1.1061494 0.0794507 0.0861882 0.0690447 0.0918050 0.0664673 0.0801953 -0.0240287 -0.0181168 -0.0223159 -0.0249541 -0.0244308 -0.0195387 -0.0206629 -0.0236643 -0.0248896 -0.0256968 -0.1274160 -0.1265253 -0.1314809 -0.1224800 -0.1262774 -0.1262238 -0.1252031 -0.1291746 -0.1266221 -0.1292076 -0.1211259 -0.1196601 -0.1224705 -0.1245932 -0.1225543 -0.1203252 -0.1251591 -0.1249532 -0.1258959 -0.1259375 0.0693593 0.0673634 0.0712614 0.0751525 0.0709725 0.0774464 0.0644446 0.0595823 0.0686602 0.0726236 0.0683799 0.0668407 0.0765265 0.0684961 0.0719665 0.0712683 0.0619099 0.0697608 0.0634689
-0.0350867 -0.0354441 -0.0341928 -0.0421190 -0.0317451 -0.0418214 -0.0341032 -0.0408523 -0.0309616 -0.0341931 0.0759922 0.0650162 0.0706935 0.0794507 1.0983056 0.0856367 0.0740914 0.0799347 0.0633508 0.0769501 -0.0188802 -0.0257358 -0.0225766 -0.0232637 -0.0168694 -0.0182597 -0.0189346 -0.0198562 -0.0152715 -0.0242852 -0.1255330 -0.1226796 -0.1233299 -0.1234436 -0.1211789 -0.1242116 -0.1216707 -0.1222786 -0.1206718 -0.1223217 -0.1166621 -0.1165094 -0.1202393 -0.1219476 -0.1204962 -0.1176908 -0.1239382 -0.1148139 -0.1217958 -0.1193930 0.0640757 0.0635041 0.0723878 0.0793744 0.0645717 0.0673805 0.0551606 0.0602672 0.0644976 0.0544557 0.0632912 0.0714568 0.0676920 0.0597127 0.0665049 0.0644440 0.0628339 0.0676946 0.0599383
-0.0389295 -0.0442254 -0.0365868 -0.0418232 -0.0352610 -0.0458010 -0.0324765 -0.0451464 -0.0375267 -0.0327331 0.0939623 0.0838296 0.0793265 0.0861882 0.0856367 1.1146499 0.0736450 0.0774470 0.0796139 0.0822363 -0.0239554 -0.0216059 -0.0140851 -0.0241571 -0.0212236 -0.0093159 -0.0203012 -0.0197924 -0.0290547 -0.0199749 -0.1256571 -0.1257765 -0.1237082 -0.1261899 -0.1257543 -0.1244812 -0.1291150 -0.1233519 -0.1278627 -0.1241078 -0.1188416 -0.1174392 -0.1263392 -0.1239067 -0.1251030 -0.1182442 -0.1234334 -0.1248376 -0.1221844 -0.1270913 0.0615250 0.0587379 0.0618750 0.0777880 0.0611569 0.0678060 0.0652190 0.0567964 0.0652715 0.0699339 0.0676152 0.0604434 0.0683479 0.0640841 0.0668722 0.0706923 0.0617558 0.0642978 0.0526477
-0.0315766 -0.0409152 -0.0351746 -0.0387836 -0.0388437 -0.0334793 -0.0334264 -0.0455525 -0.0234106 -0.0423474 0.0745150 0.0700272 0.0790204 0.0690447 0.0740914 0.0736450 1.0968592 0.0756716 0.0702385 0.0775736 -0.0195987 -0.0172864 -0.0256726 -0.0242201 -0.0201443 -0.0124998 -0.0199044 -0.0200397 -0.0193525 -0.0213148 -0.1232912 -0.1215528 -0.1213446 -0.1226209 -0.1191182 -0.1215609 -0.1210592 -0.1242405 -0.1248721 -0.1193931 -0.1157084 -0.1138328 -0.1154158 -0.1210960 -0.1219355 -0.1194196 -0.1192746 -0.1206267 -0.1178441 -0.1202955 0.0673250 0.0526893 0.0647213 0.0748114 0.0695781 0.0718667 0.0676768 0.0555294 0.0632225 0.0555311 0.0583469 0.0736806 0.0683876 0.0633359 0.0673122 0.0611408 0.0675436 0.0654290 0.0551799
-0.0357568 -0.0393884 -0.0349140 -0.0448453 -0.0350692 -0.0417126 -0.0298514 -0.0480735 -0.0312708 -0.0352774 0.0829092 0.0870701 0.0714782 0.0918050 0.0799347 0.0774470 0.0756716 1.1038005 0.0681335 0.0743832 -0.0220629 -0.0192104 -0.0240045 -0.0214271 -0.0166681 -0.0193948 -0.0234752 -0.0223126 -0.0222510 -0.0253924 -0.1272503 -0.1250548 -0.1251925 -0.1251777 -0.1268450 -0.1265497 -0.1250729 -0.1246781 -0.1285701 -0.1266427 -0.1220581 -0.1198515 -0.1230264 -0.1242312 -0.1233291 -0.1203886 -0.1226942 -0.1236013 -0.1203849 -0.1221878 0.0667539 0.0764106 0.0661507 0.0727868 0.0786602 0.0783059 0.0579255 0.0607652 0.0669113 0.0639264 0.0694263 0.0652076 0.0743312 0.0651990 0.0702002 0.0670481 0.0613668 0.0610906 0.0629838
-0.0352661 -0.0391677 -0.0363726 -0.0328699 -0.0371753 -0.0416098 -0.0356109 -0.0438414 -0.0281878 -0.0391702 0.0779418 0.0670842 0.0799868 0.0664673 0.0633508 0.0796139 0.0702385 0.0681335 1.0937567 0.0659103 -0.0090164 -0.0161773 -0.0220242 -0.0190325 -0.0192431 -0.0165108 -0.0161671 -0.0173510 -0.0179765 -0.0234312 -0.1212763 -0.1220286 -0.1188639 -0.1177851 -0.1198932 -0.1233817 -0.1195721 -0.1170874 -0.1155454 -0.1198247 -0.1136870 -0.1111303 -0.1173666 -0.1176482 -0.1154560 -0.1114893 -0.1155994 -0.1165928 -0.1160683 -0.1166770 0.0577836 0.0455404 0.0553742 0.0637185 0.0633565 0.0662889 0.0675252 0.0620592 0.0588163 0.0522298 0.0597210 0.0708242 0.0660283 0.0628182 0.0656865 0.0630277 0.0618969 0.0616424 0.0611063
-0.0367462 -0.0406234 -0.0309460 -0.0384818 -0.0376786 -0.0472468 -0.0346134 -0.0455766 -0.0345798 -0.0423513 0.0922129 0.0880763 0.0754978 0.0801953 0.0769501 0.0822363 0.0775736 0.0743832 0.0659103 1.0997733 -0.0247681 -0.0191177 -0.0184076 -0.0174816 -0.0214091 -0.0214426 -0.0175049 -0.0178592 -0.0153478 -0.0196833 -0.1242174 -0.1226659 -0.1253608 -0.1207283 -0.1235887 -0.1230785 -0.1200043 -0.1230401 -0.1228037 -0.1225348 -0.1165798 -0.1137581 -0.1199011 -0.1210602 -0.1221853 -0.1166788 -0.1201721 -0.1196353 -0.1205569 -0.1191897 0.0630491 0.0661768 0.0606835 0.0664528 0.0555319 0.0711051 0.0587122 0.0608506 0.0572299 0.0666490 0.0594767 0.0671156 0.0728728 0.0626075 0.0597427 0.0638988 0.0623531 0.0611461 0.0654035
-0.0005655 -0.0042584 -0.0046330 0.0035325 -0.0006095 -0.0036313 0.0007342 -0.0074238 -0.0063542 0.0025505 -0.0175626 -0.0216677 -0.0157790 -0.0240287 -0.0188802 -0.0239554 -0.0195987 -0.0220629 -0.0090164 -0.0247681 0.9538479 0.0128534 0.0135963 0.0083083 0.0039357 0.0093606 0.0070799 0.0125287 0.0128462 0.0125189 -0.0250405 -0.0228555 -0.0217949 -0.0230193 -0.0196726 -0.0214323 -0.0184699 -0.0196892 -0.0195966 -0.0249209 -0.0189986 -0.0181811 -0.0185813 -0.0133068 -0.0175131 -0.0202829 -0.0186863 -0.0113011 -0.0185865 -0.0179132 -0.0138689 -0.0131059 -0.0210915 -0.0266101 -0.0257791 -0.0297258 -0.0230768 -0.0148207 -0.0250734 -0.0221074 -0.0223866 -0.0172906 -0.0211721 -0.0245775 -0.0194002 -0.0278987 -0.0246618 -0.0190447 -0.0160176
-0.0026144 -0.0037004 -0.0086662 0.0001591 -0.0052265 0.0016722 0.0016419 -0.0048152 0.0001236 0.0005409 -0.0217416 -0.0195226 -0.0173424 -0.0181168 -0.0257358 -0.0216059 -0.0172864 -0.0192104 -0.0161773 -0.0191177 0.0128534 0.9512597 0.0093055 0.0110486 0.0147408 0.0152590 0.0134334 0.0013850 0.0137747 0.0253827 -0.0269550 -0.0245806 -0.0233494 -0.0226794 -0.0232356 -0.0250449 -0.0242856 -0.0231283 -0.0221526 -0.0241345 -0.0172711 -0.0173026 -0.0126549 -0.0162560 -0.0210790 -0.0200094 -0.0160120 -0.0195204 -0.0156536 -0.0192256 -0.0196147 -0.0167363 -0.0258894 -0.0219673 -0.0293496 -0.0211491 -0.0156252 -0.0152925 -0.0293027 -0.0209585 -0.0175891 -0.0274134 -0.0246088 -0.0306713 -0.0193821 -0.0216746 -0.0180504 -0.0240318 -0.0164906
-0.0013462 0.0023675 -0.0036567 0.0007230 0.0055584 0.0017075 -0.0005893 -0.0012114 0.0009936 -0.0002322 -0.0174127 -0.0263820 -0.0208407 -0.0223159 -0.0225766 -0.0140851 -0.0256726 -0.0240045 -0.0220242 -0.0184076 0.0135963 0.0093055 0.9613224 0.0110745 0.0094768 0.0145242 0.0158282 0.0051831 0.0157946 0.0244680 -0.0226340 -0.0222222 -0.0236595 -0.0217163 -0.0226539 -0.0215357 -0.0252501 -0.0196906 -0.0194268 -0.0251508 -0.0180979 -0.0189296 -0.0202507 -0.0138042 -0.0202145 -0.0280652 -0.0221898 -0.0189551 -0.0192545 -0.0183463 -0.0139130 -0.0126470 -0.0228167 -0.0225666 -0.0253273 -0.0235872 -0.0219476 -0.0195561 -0.0260758 -0.0190935 -0.0224778 -0.0279229 -0.0266235 -0.0269156 -0.0201762 -0.0248338 -0.0221438 -0.0192964 -0.0176125
0.0036600 0.0030472 0.0016841 0.0052750 0.0011858 0.0063383 0.0042539 0.0008042 0.0007554 0.0062197 -0.0236097 -0.0242676 -0.0256480 -0.0249541 -0.0232637 -0.0241571 -0.0242201 -0.0214271 -0.0190325 -0.0174816 0.0083083 0.0110486 0.0110745 0.9456797 0.0100511 0.0107826 0.0030418 0.0132412 0.0147436 0.0116944 -0.0191635 -0.0197035 -0.0191213 -0.0185550 -0.0215911 -0.0188307 -0.0228900 -0.0200313 -0.0195086 -0.0220682 -0.0116304 -0.0174362 -0.0165780 -0.0144912 -0.0138780 -0.0163036 -0.0126981 -0.0148855 -0.0149768 -0.0176027 -0.0162102 -0.0196371 -0.0241619 -0.0227965 -0.0302906 -0.0312122 -0.0201765 -0.0267606 -0.0271101 -0.0260135 -0.0255977 -0.0239018 -0.0249321 -0.0306875 -0.0218802 -0.0200179 -0.0254826 -0.0266940 -0.0163881
0.0016420 -0.0001398 -0.0017453 -0.0003472 -0.0039023 0.0001425 -0.0031871 -0.0086311 0.0052195 -0.0041904 -0.0204727 -0.0264464 -0.0186032 -0.0244308 -0.0168694 -0.0212236 -0.0201443 -0.0166681 -0.0192431 -0.0214091 0.0039357 0.0147408 0.0094768 0.0100511 0.9533777 0.0204616 0.0093537 0.0124957 0.0132600 0.0112450 -0.0218087 -0.0203948 -0.0182533 -0.0193574 -0.0203232 -0.0200905 -0.0205880 -0.0178991 -0.0211196 -0.0182235 -0.0175077 -0.0210871 -0.0199187 -0.0182487 -0.0159226 -0.0163086 -0.0164874 -0.0178357 -0.0153836 -0.0179455 -0.0157453 -0.0259492 -0.0168445 -0.0208242 -0.0282799 -0.0207925 -0.0208416 -0.0214215 -0.0285212 -0.0234486 -0.0247986 -0.0241203 -0.0245097 -0.0294494 -0.0191541 -0.0275144 -0.0211635 -0.0231776 -0.0238148
0.0008175 -0.0031167 -0.0067806 0.0045331 0.0007514 0.0040001 -0.0010505 -0.0032820 0.0037445 0.0018520 -0.0247592 -0.0201667 -0.0109802 -0.0195387 -0.0182597 -0.0093159 -0.0124998 -0.0193948 -0.0165108 -0.0214426 0.0093606 0.0152590 0.0145242 0.0107826 0.0204616 0.9570657 0.0134579 0.0111281 0.0101078 0.0121079 -0.0242065 -0.0233053 -0.0196156 -0.0228604 -0.0226949 -0.0237063 -0.0256599 -0.0238018 -0.0221713 -0.0245959 -0.0160058 -0.0241093 -0.0241367 -0.0234474 -0.0233295 -0.0199838 -0.0196709 -0.0220644 -0.0206785 -0.0228627 -0.0193640 -0.0245522 -0.0229451 -0.0183087 -0.0244477 -0.0200231 -0.0185063 -0.0240569 -0.0230194 -0.0211474 -0.0218119 -0.0328073 -0.0267823 -0.0326391 -0.0230066 -0.0193681 -0.0249614 -0.0165797 -0.0243298
-0.0056174 -0.0030185 -0.0039707 0.0010989 -0.0037001 -0.0013883 0.0018176 -0.0128284 0.0023703 -0.0008426 -0.0174591 -0.0204839 -0.0218040 -0.0206629 -0.0189346 -0.0203012 -0.0199044 -0.0234752 -0.0161671 -0.0175049 0.0070799 0.0134334 0.0158282 0.0030418 0.0093537 0.0134579 0.9432487 0.0110096 0.0099625 0.0136320 -0.0184282 -0.0203508 -0.0180717 -0.0186830 -0.0197082 -0.0205313 -0.0209751 -0.0193769 -0.0192395 -0.0204935 -0.0124203 -0.0173666 -0.0148214 -0.0187129 -0.0141808 -0.0163768 -0.0158994 -0.0134763 -0.0151227 -0.0139420 -0.0187998 -0.0171074 -0.0178488 -0.0226353 -0.0263271 -0.0249145 -0.0219714 -0.0181706 -0.0304858 -0.0269298 -0.0295645 -0.0213240 -0.0213789 -0.0279693 -0.0166555 -0.0285340 -0.0261704 -0.0275343 -0.0184750
0.0069627 0.0015754 -0.0055161 0.0001922 -0.0035257 0.0029545 -0.0003820 -0.0035279 0.0015564 0.0005234 -0.0209468 -0.0242624 -0.0188284 -0.0236643 -0.0198562 -0.0197924 -0.0200397 -0.0223126 -0.0173510 -0.0178592 0.0125287 0.0013850 0.0051831 0.0132412 0.0124957 0.0111281 0.0110096 0.9526411 0.0176093 0.0099676 -0.0216093 -0.0207244 -0.0201096 -0.0202691 -0.0195191 -0.0230785 -0.0172668 -0.0186813 -0.0196155 -0.0210665 -0.0174249 -0.0183086 -0.0182960 -0.0212709 -0.0176745 -0.0168777 -0.0181681 -0.0149199 -0.0190846 -0.0196460 -0.0160288 -0.0229364 -0.0197105 -0.0257269 -0.0275201 -0.0272194 -0.0201695 -0.0195367 -0.0279708 -0.0266716 -0.0230005 -0.0204080 -0.0242992 -0.0292546 -0.0174970 -0.0258029 -0.0201000 -0.0240164 -0.0207822
-0.0015593 0.0055597 -0.0080112 0.0055780 -0.0018271 0.0029142 -0.0041768 -0.0064404 0.0055154 -0.0001033 -0.0177549 -0.0173342 -0.0177822 -0.0248896 -0.0152715 -0.0290547 -0.0193525 -0.0222510 -0.0179765 -0.0153478 0.0128462 0.0137747 0.0157946 0.0147436 0.0132600 0.0101078 0.0099625 0.0176093 0.9661970 0.0220369 -0.0252769 -0.0255326 -0.0275594 -0.0232224 -0.0252023 -0.0258321 -0.0241711 -0.0236187 -0.0242948 -0.0258064 -0.0161246 -0.0207286 -0.0206235 -0.0214644 -0.0201897 -0.0208367 -0.0150224 -0.0201251 -0.0199221 -0.0205016 -0.0185209 -0.0157582 -0.0210084 -0.0258084 -0.0225305 -0.0245794 -0.0273148 -0.0146260 -0.0237322 -0.0245145 -0.0257134 -0.0198805 -0.0240582 -0.0250290 -0.0247209 -0.0352880 -0.0243784 -0.0213662 -0.0120652
-0.0063092 -0.0026117 -0.0127798 0.0018526 0.0020803 0.0020579 0.0043210 -0.0069700 0.0070035 0.0000748 -0.0208134 -0.0292405 -0.0213132 -0.0256968 -0.0242852 -0.0199749 -0.0213148 -0.0253924 -0.0234312 -0.0196833 0.0125189 0.0253827 0.0244680 0.0116944 0.0112450 0.0121079 0.0136320 0.0099676 0.0220369 0.9616545 -0.0219879 -0.0208683 -0.0194309 -0.0214072 -0.0190287 -0.0208610 -0.0189128 -0.0237133 -0.0178790 -0.0221793 -0.0122815 -0.0151882 -0.0122871 -0.0169027 -0.0158902 -0.0180146 -0.0141678 -0.0154314 -0.0169688 -0.0124982 -0.0172732 -0.0249830 -0.0237936 -0.0215609 -0.0349091 -0.0284103 -0.0250912 -0.0216933 -0.0263939 -0.0289117 -0.0274239 -0.0236458 -0.0226375 -0.0328032 -0.0192217 -0.0299763 -0.0220712 -0.0286149 -0.0247245
0.0002926 0.0068127 0.0013285 0.0083546 0.0113108 0.0103101 0.0059658 0.0088566 -0.0003419 0.0081768 -0.1289338 -0.1238849 -0.1242433 -0.1274160 -0.1255330 -0.1256571 -0.1232912 -0.1272503 -0.1212763 -0.1242174 -0.0250405 -0.0269550 -0.0226340 -0.0191635 -0.0218087 -0.0242065 -0.0184282 -0.0216093 -0.0252769 -0.0219879 0.8554729 0.1696465 0.1662968 0.1674229 0.1652646 0.1733559 0.1698536 0.1667040 0.1671507 0.1694780 0.1507995 0.1479634 0.1535396 0.1600113 0.1532340 0.1536682 0.1554268 0.1547226 0.1584495 0.1547141 -0.1320807 -0.1291776 -0.1341566 -0.1367682 -0.1359313 -0.1411433 -0.1329845 -0.1287244 -0.1335218 -0.1324360 -0.1333994 -0.1324169 -0.1335728 -0.1404101 -0.1312949 -0.1348837 -0.1354016 -0.1339610 -0.1300424
-0.0007924 0.0062321 0.0004024 0.0099329 0.0112054 0.0092099 0.0000299 0.0092384 0.0030491 0.0046793 -0.1266171 -0.1248885 -0.1221295 -0.1265253 -0.1226796 -0.1257765 -0.1215528 -0.1250548 -0.1220286 -0.1226659 -0.0228555 -0.0245806 -0.0222222 -0.0197035 -0.0203948 -0.0233053 -0.0203508 -0.0207244 -0.0255326 -0.0208683 0.1696465 0.8519715 0.1657660 0.1676961 0.1707811 0.1689760 0.1682640 0.1659821 0.1685594 0.1656804 0.1470239 0.1488632 0.1514750 0.1554669 0.1579924 0.1511599 0.1533341 0.1527388 0.1578292 0.1562623 -0.1322349 -0.1278248 -0.1324382 -0.1330560 -0.1336385 -0.1406391 -0.1309592 -0.1284797 -0.1328904 -0.1318306 -0.1345876 -0.1308602 -0.1326087 -0.1390908 -0.1309866 -0.1359814 -0.1322021 -0.1310934 -0.1293862
-0.0018771 0.0068996 -0.0008209 0.0032072 0.0116687 0.0107341 0.0021110 0.0102530 0.0004166 0.0070758 -0.1258406 -0.1234941 -0.1234154 -0.1314809 -0.1233299 -0.1237082 -0.1213446 -0.1251925 -0.1188639 -0.1253608 -0.0217949 -0.0233494 -0.0236595 -0.0191213 -0.0182533 -0.0196156 -0.0180717 -0.0201096 -0.0275594 -0.0194309 0.1662968 0.1657660 0.8490097 0.1651312 0.1638898 0.1694399 0.1668582 0.1678640 0.1712034 0.1683396 0.1503636 0.1463299 0.1542504 0.1594506 0.1571211 0.1564491 0.1515379 0.1544756 0.1578491 0.1608175 -0.1339583 -0.1307717 -0.1360020 -0.1369382 -0.1340031 -0.1401504 -0.1330444 -0.1273721 -0.1331659 -0.1343094 -0.1311309 -0.1314058 -0.1344970 -0.1387207 -0.1327401 -0.1323782 -0.1344670 -0.1326589 -0.1309330
0.0000460 0.0071739 -0.0018921 0.0066942 0.0095884 0.0099642 0.0008935 0.0102886 0.0039702 0.0048285 -0.1297926 -0.1252013 -0.1227959 -0.1224800 -0.1234436 -0.1261899 -0.1226209 -0.1251777 -0.1177851 -0.1207283 -0.0230193 -0.0226794 -0.0217163 -0.0185550 -0.0193574 -0.0228604 -0.0186830 -0.0202691 -0.0232224 -0.0214072 0.1674229 0.1676961 0.1651312 0.8484266 0.1678436 0.1686147 0.1629182 0.1671873 0.1632034 0.1646530 0.1471275 0.1427415 0.1487972 0.1540074 0.1549211 0.1528791 0.1548994 0.1541474 0.1557573 0.1549197 -0.1301964 -0.1281137 -0.1303175 -0.1333979 -0.1356988 -0.1408496 -0.1287948 -0.1268282 -0.1313581 -0.1312389 -0.1319651 -0.1341100 -0.1303840 -0.1400547 -0.1318527 -0.1318621 -0.1353682 -0.1280755 -0.1275667
-0.0023791 0.0074633 -0.0019219 0.0061703 0.0121436 0.0097322 0.0025809 0.0117714 0.0047832 0.0060105 -0.1269858 -0.1223726 -0.1213546 -0.1262774 -0.1211789 -0.1257543 -0.1191182 -0.1268450 -0.1198932 -0.1235887 -0.0196726 -0.0232356 -0.0226539 -0.0215911 -0.0203232 -0.0226949 -0.0197082 -0.0195191 -0.0252023 -0.0190287 0.1652646 0.1707811 0.1638898 0.1678436 0.8530269 0.1692611 0.1686786 0.1642439 0.1679306 0.1657784 0.1491899 0.1472883 0.1531208 0.1542840 0.1565876 0.1534251 0.1525999 0.1524930 0.1562481 0.1570029 -0.1321298 -0.1306039 -0.1296484 -0.1354300 -0.1349699 -0.1408600 -0.1321214 -0.1294813 -0.1327401 -0.1332721 -0.1357329 -0.1316121 -0.1326390 -0.1373345 -0.1348370 -0.1353571 -0.1334726 -0.1332783 -0.1279583
-0.0000620 0.0080281 -0.0001694 0.0096844 0.0096944 0.0105918 0.0033287 0.0131478 0.0007017 0.0079128 -0.1289463 -0.1202756 -0.1224970 -0.1262238 -0.1242116 -0.1244812 -0.1215609 -0.1265497 -0.1233817 -0.1230785 -0.0214323 -0.0250449 -0.0215357 -0.0188307 -0.0200905 -0.0237063 -0.0205313 -0.0230785 -0.0258321 -0.0208610 0.1733559 0.1689760 0.1694399 0.1686147 0.1692611 0.8486287 0.1690174 0.1668758 0.1696606 0.1690014 0.1501468 0.1445762 0.1567275 0.1562053 0.1551821 0.1549318 0.1557149 0.1565897 0.1566866 0.1544086 -0.1306397 -0.1301944 -0.1340945 -0.1382726 -0.1366197 -0.1408082 -0.1335381 -0.1290867 -0.1341664 -0.1339335 -0.1344373 -0.1343842 -0.1332369 -0.1421555 -0.1358320 -0.1341476 -0.1370658 -0.1329916 -0.1294780
-0.0020552 0.0073974 0.0012285 0.0085161 0.0103661 0.0111163 0.0046593 0.0069200 0.0018631 0.0062290 -0.1232266 -0.1228109 -0.1252582 -0.1252031 -0.1216707 -0.1291150 -0.1210592 -0.1250729 -0.1195721 -0.1200043 -0.0184699 -0.0242856 -0.0252501 -0.0228900 -0.0205880 -0.0256599 -0.0209751 -0.0172668 -0.0241711 -0.0189128 0.1698536 0.1682640 0.1668582 0.1629182 0.1686786 0.1690174 0.8497537 0.1679035 0.1640581 0.1653243 0.1449453 0.1472511 0.1498995 0.1543695 0.1594317 0.1503326 0.1546326 0.1562371 0.1494931 0.1569677 -0.1289321 -0.1283582 -0.1288489 -0.1385821 -0.1350580 -0.1374060 -0.1329696 -0.1292993 -0.1320480 -0.1325194 -0.1307442 -0.1297169 -0.1324884 -0.1375535 -0.1321384 -0.1345940 -0.1332986 -0.1334171 -0.1283169
0.0002730 0.0088568 0.0042469 0.0080341 0.0110661 0.0105202 0.0033347 0.0132662 -0.0002082 0.0083688 -0.1244290 -0.1219515 -0.1243305 -0.1291746 -0.1222786 -0.1233519 -0.1242405 -0.1246781 -0.1170874 -0.1230401 -0.0196892 -0.0231283 -0.0196906 -0.0200313 -0.0178991 -0.0238018 -0.0193769 -0.0186813 -0.0236187 -0.0237133 0.1667040 0.1659821 0.1678640 0.1671873 0.1642439 0.1668758 0.1679035 0.8475416 0.1658293 0.1671584 0.1487466 0.1461559 0.1513360 0.1554879 0.1562989 0.1526599 0.1517888 0.1530920 0.1540905 0.1526611 -0.1332374 -0.1312007 -0.1316157 -0.1372905 -0.1354485 -0.1386648 -0.1325839 -0.1287943 -0.1314562 -0.1323684 -0.1321485 -0.1291748 -0.1346742 -0.1375082 -0.1305763 -0.1335088 -0.1349982 -0.1342276 -0.1301342
-0.0042591 0.0032820 -0.0011475 0.0066533 0.0099633 0.0084302 0.0032023 0.0119271 0.0022013 0.0070790 -0.1256065 -0.1204696 -0.1220214 -0.1266221 -0.1206718 -0.1278627 -0.1248721 -0.1285701 -0.1155454 -0.1228037 -0.0195966 -0.0221526 -0.0194268 -0.0195086 -0.0211196 -0.0221713 -0.0192395 -0.0196155 -0.0242948 -0.0178790 0.1671507 0.1685594 0.1712034 0.1632034 0.1679306 0.1696606 0.1640581 0.1658293 0.8486557 0.1696906 0.1485211 0.1462366 0.1537864 0.1521658 0.1568349 0.1525174 0.1590458 0.1522253 0.1546403 0.1559891 -0.1316242 -0.1297202 -0.1323905 -0.1381933 -0.1360759 -0.1391847 -0.1327230 -0.1266759 -0.1324693 -0.1314907 -0.1326985 -0.1319924 -0.1327992 -0.1391446 -0.1321303 -0.1359636 -0.1356370 -0.1344821 -0.1274203
-0.0001251 0.0044349 -0.0002723 0.0079791 0.0080080 0.0092071 0.0049079 0.0113321 -0.0003241 0.0046547 -0.1260723 -0.1231052 -0.1228517 -0.1292076 -0.1223217 -0.1241078 -0.1193931 -0.1266427 -0.1198247 -0.1225348 -0.0249209 -0.0241345 -0.0251508 -0.0220682 -0.0182235 -0.0245959 -0.0204935 -0.0210665 -0.0258064 -0.0221793 0.1694780 0.1656804 0.1683396 0.1646530 0.1657784 0.1690014 0.1653243 0.1671584 0.1696906 0.8487104 0.1479042 0.1516205 0.1561446 0.1575597 0.1583523 0.1574277 0.1577080 0.1545130 0.1545101 0.1562628 -0.1300822 -0.1294132 -0.1331116 -0.1377335 -0.1355578 -0.1414260 -0.1337764 -0.1268904 -0.1347108 -0.1328881 -0.1304741 -0.1315290 -0.1349356 -0.1376972 -0.1316537 -0.1338832 -0.1363711 -0.1315560 -0.1282543
-0.0050212 0.0048497 -0.0041461 0.0038074 0.0076767 0.0073141 0.0003941 0.0078324 -0.0008023 0.0040741 -0.1181619 -0.1161445 -0.1183810 -0.1211259 -0.1166621 -0.1188416 -0.1157084 -0.1220581 -0.1136870 -0.1165798 -0.0189986 -0.0172711 -0.0180979 -0.0116304 -0.0175077 -0.0160058 -0.0124203 -0.0174249 -0.0161246 -0.0122815 0.1507995 0.1470239 0.1503636 0.1471275 0.1491899 0.1501468 0.1449453 0.1487466 0.1485211 0.1479042 0.8518890 0.1457190 0.1529459 0.1505537 0.1535203 0.1490315 0.1574643 0.1523293 0.1518565 0.1564552 -0.1223224 -0.1253501 -0.1287237 -0.1350357 -0.1290986 -0.1314961 -0.1274171 -0.1253088 -0.1271859 -0.1258374 -0.1251654 -0.1305778 -0.1263945 -0.1347043 -0.1278696 -0.1268188 -0.1300543 -0.1307212 -0.1264506
-0.0070465 0.0036913 -0.0062640 0.0015035 0.0046609 0.0032326 -0.0015121 0.0034032 -0.0002367 0.0010578 -0.1172577 -0.1150070 -0.1170506 -0.1196601 -0.1165094 -0.1174392 -0.1138328 -0.1198515 -0.1111303 -0.1137581 -0.0181811 -0.0173026 -0.0189296 -0.0174362 -0.0210871 -0.0241093 -0.0173666 -0.0183086 -0.0207286 -0.0151882 0.1479634 0.1488632 0.1463299 0.1427415 0.1472883 0.1445762 0.1472511 0.1461559 0.1462366 0.1516205 0.1457190 0.8486761 0.1522387 0.1539755 0.1468491 0.1466323 0.1486746 0.1549622 0.1504839 0.1538991 -0.1213181 -0.1192377 -0.1216955 -0.1271793 -0.1270985 -0.1302633 -0.1222731 -0.1233451 -0.1256885 -0.1254922 -0.1202213 -0.1223519 -0.1194633 -0.1311476 -0.1265601 -0.1229533 -0.1246959 -0.1253887 -0.1153189
-0.0043329 0.0042817 -0.0002485 0.0049677 0.0036076 0.0069892 0.0004439 0.0068040 -0.0010445 0.0043565 -0.1246886 -0.1193957 -0.1211434 -0.1224705 -0.1202393 -0.1263392 -0.1154158 -0.1230264 -0.1173666 -0.1199011 -0.0185813 -0.0126549 -0.0202507 -0.0165780 -0.0199187 -0.0241367 -0.0148214 -0.0182960 -0.0206235 -0.0122871 0.1535396 0.1514750 0.1542504 0.1487972 0.1531208 0.1567275 0.1498995 0.1513360 0.1537864 0.1561446 0.1529459 0.1522387 0.8538870 0.1520000 0.1564026 0.1584930 0.1631117 0.1605423 0.1613382 0.1600493 -0.1307607 -0.1285995 -0.1286416 -0.1340456 -0.1329202 -0.1359948 -0.1285846 -0.1230311 -0.1314882 -0.1283106 -0.1297316 -0.1294109 -0.1289824 -0.1375881 -0.1263127 -0.1324130 -0.1297163 -0.1317943 -0.1250758
-0.0016294 0.0062361 0.0011853 0.0059489 0.0090491 0.0086635 -0.0007937 0.0098928 0.0023740 0.0073632 -0.1293934 -0.1240926 -0.1199167 -0.1245932 -0.1219476 -0.1239067 -0.1210960 -0.1242312 -0.1176482 -0.1210602 -0.0133068 -0.0162560 -0.0138042 -0.0144912 -0.0182487 -0.0234474 -0.0187129 -0.0212709 -0.0214644 -0.0169027 0.1600113 0.1554669 0.1594506 0.1540074 0.1542840 0.1562053 0.1543695 0.1554879 0.1521658 0.1575597 0.1505537 0.1539755 0.1520000 0.8560578 0.1573016 0.1538465 0.1571818 0.1564088 0.1560468 0.1609573 -0.1247863 -0.1226155 -0.1313585 -0.1356741 -0.1335903 -0.1360717 -0.1307540 -0.1290130 -0.1328136 -0.1299390 -0.1304412 -0.1286663 -0.1303916 -0.1354182 -0.1282577 -0.1317591 -0.1333345 -0.1338109 -0.1226625
-0.0041544 0.0042311 -0.0000910 0.0042550 0.0056485 0.0067802 0.0002494 0.0115490 -0.0018884 0.0014536 -0.1244652 -0.1230702 -0.1224836 -0.1225543 -0.1204962 -0.1251030 -0.1219355 -0.1233291 -0.1154560 -0.1221853 -0.0175131 -0.0210790 -0.0202145 -0.0138780 -0.0159226 -0.0233295 -0.0141808 -0.0176745 -0.0201897 -0.0158902 0.1532340 0.1579924 0.1571211 0.1549211 0.1565876 0.1551821 0.1594317 0.1562989 0.1568349 0.1583523 0.1535203 0.1468491 0.1564026 0.1573016 0.8547210 0.1543228 0.1618688 0.1592234 0.1603743 0.1639294 -0.1272153 -0.1257650 -0.1300573 -0.1337319 -0.1350917 -0.1384269 -0.1324401 -0.1243094 -0.1312528 -0.1301402 -0.1308774 -0.1321470 -0.1298788 -0.1346225 -0.1309529 -0.1342860 -0.1320356 -0.1340886 -0.1258199
-0.0068049 0.0018158 -0.0030529 0.0039498 0.0048609 0.0106927 -0.0005531 0.0063922 -0.0041058 0.0025337 -0.1237026 -0.1194594 -0.1157740 -0.1203252 -0.1176908 -0.1182442 -0.1194196 -0.1203886 -0.1114893 -0.1166788 -0.0202829 -0.0200094 -0.0280652 -0.0163036 -0.0163086 -0.0199838 -0.0163768 -0.0168777 -0.0208367 -0.0180146 0.1536682 0.1511599 0.1564491 0.1528791 0.1534251 0.1549318 0.1503326 0.1526599 0.1525174 0.1574277 0.1490315 0.1466323 0.1584930 0.1538465 0.1543228 0.8563662 0.1546987 0.1558434 0.1501521 0.1625999 -0.1261993 -0.1265571 -0.1287901 -0.1327624 -0.1351620 -0.1335910 -0.1266426 -0.1238307 -0.1265808 -0.1290881 -0.1279100 -0.1289157 -0.1271593 -0.1322891 -0.1301997 -0.1295612 -0.1300752 -0.1320088 -0.1259505
-0.0070660 0.0038652 -0.0038666 0.0031364 0.0095781 0.0088750 0.0007703 0.0062409 0.0010113 0.0007283 -0.1214831 -0.1189017 -0.1223247 -0.1251591 -0.1239382 -0.1234334 -0.1192746 -0.1226942 -0.1155994 -0.1201721 -0.0186863 -0.0160120 -0.0221898 -0.0126981 -0.0164874 -0.0196709 -0.0158994 -0.0181681 -0.0150224 -0.0141678 0.1554268 0.1533341 0.1515379 0.1548994 0.1525999 0.1557149 0.1546326 0.1517888 0.1590458 0.1577080 0.1574643 0.1486746 0.1631117 0.1571818 0.1618688 0.1546987 0.8556457 0.1642275 0.1606549 0.1583625 -0.1304266 -0.1279022 -0.1332398 -0.1358351 -0.1344610 -0.1362036 -0.1271233 -0.1233825 -0.1338858 -0.1327744 -0.1320524 -0.1298149 -0.1305840 -0.1346404 -0.1285337 -0.1349257 -0.1349272 -0.1315574 -0.1267836
-0.0057179 0.0050565 -0.0037795 0.0075886 0.0062534 0.0069385 0.0011252 0.0097631 0.0010124 0.0035432 -0.1250689 -0.1201712 -0.1222744 -0.1249532 -0.1148139 -0.1248376 -0.1206267 -0.1236013 -0.1165928 -0.1196353 -0.0113011 -0.0195204 -0.0189551 -0.0148855 -0.0178357 -0.0220644 -0.0134763 -0.0149199 -0.0201251 -0.0154314 0.1547226 0.1527388 0.1544756 0.1541474 0.1524930 0.1565897 0.1562371 0.1530920 0.1522253 0.1545130 0.1523293 0.1549622 0.1605423 0.1564088 0.1592234 0.1558434 0.1642275 0.8620265 0.1603418 0.1619386 -0.1289274 -0.1301626 -0.1343500 -0.1340884 -0.1361530 -0.1390483 -0.1301704 -0.1250183 -0.1302847 -0.1299277 -0.1302484 -0.1294661 -0.1311207 -0.1368412 -0.1298381 -0.1328474 -0.1345544 -0.1353453 -0.1280666
-0.0051196 0.0043740 -0.0043843 0.0049542 0.0063312 0.0054941 0.0008723 0.0078526 -0.0018007 0.0053945 -0.1264181 -0.1208413 -0.1189806 -0.1258959 -0.1217958 -0.1221844 -0.1178441 -0.1203849 -0.1160683 -0.1205569 -0.0185865 -0.0156536 -0.0192545 -0.0149768 -0.0153836 -0.0206785 -0.0151227 -0.0190846 -0.0199221 -0.0169688 0.1584495 0.1578292 0.1578491 0.1557573 0.1562481 0.1566866 0.1494931 0.1540905 0.1546403 0.1545101 0.1518565 0.1504839 0.1613382 0.1560468 0.1603743 0.1501521 0.1606549 0.1603418 0.8566966 0.1572731 -0.1302660 -0.1292564 -0.1319210 -0.1315973 -0.1328376 -0.1379779 -0.1271461 -0.1274079 -0.1308897 -0.1279322 -0.1289981 -0.1340535 -0.1307659 -0.1359968 -0.1319197 -0.1333847 -0.1306779 -0.1338789 -0.1244771
-0.0049852 0.0050400 -0.0056941 0.0060604 0.0070402 0.0085813 0.0007289 0.0068121 -0.0027001 0.0020456 -0.1256864 -0.1233327 -0.1233885 -0.1259375 -0.1193930 -0.1270913 -0.1202955 -0.1221878 -0.1166770 -0.1191897 -0.0179132 -0.0192256 -0.0183463 -0.0176027 -0.0179455 -0.0228627 -0.0139420 -0.0196460 -0.0205016 -0.0124982 0.1547141 0.1562623 0.1608175 0.1549197 0.1570029 0.1544086 0.1569677 0.1526611 0.1559891 0.1562628 0.1564552 0.1538991 0.1600493 0.1609573 0.1639294 0.1625999 0.1583625 0.1619386 0.1572731 0.8540135 -0.1262727 -0.1276468 -0.1299533 -0.1332230 -0.1331775 -0.1359663 -0.1320121 -0.1271079 -0.1347010 -0.1331717 -0.1316296 -0.1310073 -0.1281182 -0.1371084 -0.1342872 -0.1341026 -0.1354008 -0.1337863 -0.1243073
-0.0325275 -0.0403457 -0.0357829 -0.0418295 -0.0491982 -0.0428582 -0.0370476 -0.0449836 -0.0399149 -0.0401667 0.0611492 0.0658936 0.0715068 0.0693593 0.0640757 0.0615250 0.0673250 0.0667539 0.0577836 0.0630491 -0.0138689 -0.0196147 -0.0139130 -0.0162102 -0.0157453 -0.0193640 -0.0187998 -0.0160288 -0.0185209 -0.0172732 -0.1320807 -0.1322349 -0.1339583 -0.1301964 -0.1321298 -0.1306397 -0.1289321 -0.1332374 -0.1316242 -0.1300822 -0.1223224 -0.1213181 -0.1307607 -0.1247863 -0.1272153 -0.1261993 -0.1304266 -0.1289274 -0.1302660 -0.1262727 1.1610317 0.1363688 0.0785046 0.0820815 0.0749700 0.0827082 0.0852252 0.0501391 0.0819245 0.0665070 0.0728551 0.0779865 0.0874316 0.0758390 0.0920909 0.0838040 0.0755476 0.0790590 0.1014654
-0.0338622 -0.0356925 -0.0401902 -0.0400437 -0.0502456 -0.0434290 -0.0340536 -0.0440725 -0.0370304 -0.0359245 0.0615630 0.0635030 0.0609221 0.0673634 0.0635041 0.0587379 0.0526893 0.0764106 0.0455404 0.0661768 -0.0131059 -0.0167363 -0.0126470 -0.0196371 -0.0259492 -0.0245522 -0.0171074 -0.0229364 -0.0157582 -0.0249830 -0.1291776 -0.1278248 -0.1307717 -0.1281137 -0.1306039 -0.1301944 -0.1283582 -0.1312007 -0.1297202 -0.1294132 -0.1253501 -0.1192377 -0.1285995 -0.1226155 -0.1257650 -0.1265571 -0.1279022 -0.1301626 -0.1292564 -0.1276468 0.1363688 1.1753407 0.0815640 0.0824035 0.0772396 0.0857678 0.0631338 0.0679555 0.0812156 0.0763021 0.0858748 0.0817474 0.0924438 0.0699924 0.0758231 0.0799417 0.0732944 0.0820735 0.1140199
-0.0395060 -0.0439225 -0.0377514 -0.0378198 -0.0386859 -0.0429311 -0.0412427 -0.0461031 -0.0302872 -0.0398548 0.0592601 0.0614103 0.0562407 0.0712614 0.0723878 0.0618750 0.0647213 0.0661507 0.0553742 0.0606835 -0.0210915 -0.0258894 -0.0228167 -0.0241619 -0.0168445 -0.0229451 -0.0178488 -0.0197105 -0.0210084 -0.0237936 -0.1341566 -0.1324382 -0.1360020 -0.1303175 -0.1296484 -0.1340945 -0.1288489 -0.1316157 -0.1323905 -0.1331116 -0.1287237 -0.1216955 -0.1286416 -0.1313585 -0.1300573 -0.1287901 -0.1332398 -0.1343500 -0.1319210 -0.1299533 0.0785046 0.0815640 1.1229984 0.0900648 0.0856620 0.0899443 0.0807254 0.1020254 0.0852653 0.0954275 0.0894422 0.0980048 0.0899884 0.0769525 0.0810534 0.0860863 0.0973206 0.0869697 0.0932191
-0.0412488 -0.0434147 -0.0416557 -0.0440611 -0.0457362 -0.0412454 -0.0363806 -0.0491816 -0.0333194 -0.0390236 0.0629624 0.0554555 0.0542293 0.0751525 0.0793744 0.0777880 0.0748114 0.0727868 0.0637185 0.0664528 -0.0266101 -0.0219673 -0.0225666 -0.0227965 -0.0208242 -0.0183087 -0.0226353 -0.0257269 -0.0258084 -0.0215609 -0.1367682 -0.1330560 -0.1369382 -0.1333979 -0.1354300 -0.1382726 -0.1385821 -0.1372905 -0.1381933 -0.1377335 -0.1350357 -0.1271793 -0.1340456 -0.1356741 -0.1337319 -0.1327624 -0.1358351 -0.1340884 -0.1315973 -0.1332230 0.0820815 0.0824035 0.0900648 1.1475328 0.0757152 0.1052120 0.0845047 0.0682870 0.1085021 0.0899876 0.0902748 0.0940277 0.0894853 0.0825448 0.0945773 0.0812907 0.1258794 0.0880660 0.0753693
