0.6465977 0.0485902 0.0829951 0.0608265 0.0577669 0.0690622 0.0651176 0.0815748 0.0715274 0.0564189 -0.0476183 -0.0585155 -0.0459670 -0.0558854 -0.0257642 -0.0696137 -0.0431197 -0.0616000 -0.0455126 -0.0345113 0.0468283 0.0120439 0.0517742 0.0082137 0.0276741 0.0388938 0.0037084 0.0468141 0.0246337 0.0280665 -0.0026955 -0.0236947 -0.0194825 -0.0208028 -0.0165110 -0.0185040 -0.0133803 -0.0121319 -0.0064468 0.0040342 -0.0198748 -0.0000827 -0.0279185 -0.0247305 -0.0278924 -0.0242100 -0.0257464 -0.0449594 -0.0284059 -0.0261971 -0.0139810 -0.0358719 -0.0160082 -0.0342748 -0.0498660 -0.0139989 -0.0183558 0.0062131 -0.0593893 -0.0611497 -0.0194067 -0.0225037 -0.0729313 -0.0411409 -0.0488298 -0.0311772 -0.0139700 -0.0296356 -0.0098961
0.0485902 0.7334589 0.0576854 0.0552193 0.0910320 0.0871957 0.0460555 0.0650191 0.0440113 0.0857641 -0.0606736 -0.0485271 -0.0465191 -0.0698451 -0.0434093 -0.0619578 -0.0489644 -0.0470144 -0.0389421 -0.0427743 0.0466621 0.0489895 0.0418677 0.0460238 0.0281413 0.0254606 0.0347134 0.0191211 0.0081306 0.0213981 -0.0189283 -0.0217820 0.0166572 0.0103050 -0.0194893 -0.0142147 0.0108315 -0.0054433 -0.0086736 -0.0259665 -0.0404171 -0.0193024 -0.0242177 -0.0030138 -0.0241382 -0.0213723 -0.0132423 -0.0371085 -0.0270340 -0.0020708 -0.0330106 -0.0320040 -0.0347062 -0.0260388 -0.0580946 -0.0382033 -0.0214316 -0.0284079 -0.0377586 -0.0702565 -0.0240537 -0.0551832 -0.0441596 -0.0305653 -0.0603104 -0.0234151 -0.0293627 -0.0442585 -0.0288344
0.0829951 0.0576854 0.6318170 0.0546749 0.0394518 0.0322896 0.0408705 0.0496080 0.0625767 0.0424222 -0.0444968 -0.0438184 -0.0128144 -0.0302267 -0.0200137 -0.0661676 -0.0276439 -0.0522100 -0.0428118 -0.0239101 0.0235576 0.0368330 -0.0094335 0.0087708 0.0356470 0.0399711 0.0192477 0.0335653 -0.0024868 0.0005914 0.0015532 -0.0137534 -0.0055195 -0.0091384 -0.0148081 -0.0208949 -0.0036098 -0.0097558 -0.0028877 -0.0097765 -0.0393402 -0.0104606 -0.0468721 0.0019488 -0.0323116 -0.0245641 -0.0347930 -0.0261601 -0.0107184 -0.0339340 -0.0246720 -0.0017241 -0.0271541 -0.0278174 -0.0065438 -0.0311935 -0.0285515 -0.0205913 -0.0648319 -0.0654020 0.0041556 -0.0349433 -0.0385819 -0.0456240 -0.0422783 -0.0127554 -0.0353826 -0.0130652 -0.0084247
0.0608265 0.0552193 0.0546749 0.7384486 0.0007643 0.0378928 0.0601178 0.0404017 0.0103484 0.0756269 -0.0161686 -0.0459276 -0.0369177 -0.0426159 -0.0418803 -0.0487302 -0.0411914 -0.0437206 -0.0214521 -0.0384694 0.0457621 0.0318542 0.0527121 0.0014975 0.0225311 0.0447922 -0.0088408 0.0403030 0.0603268 0.0587998 -0.0137185 0.0023153 0.0023795 -0.0152772 -0.0292926 -0.0113953 -0.0209508 0.0003299 -0.0108905 -0.0298072 -0.0115600 -0.0433862 -0.0446148 -0.0240356 -0.0244471 -0.0272811 -0.0727034 -0.0326904 -0.0449465 -0.0519080 -0.0062692 -0.0322872 -0.0439820 -0.0431672 -0.0362188 -0.0144165 -0.0183240 -0.0214218 -0.0327726 -0.0404284 -0.0328000 -0.0327690 -0.0375857 -0.0470710 -0.0056113 -0.0190278 -0.0077028 -0.0407866 -0.0000066
0.0577669 0.0910320 0.0394518 0.0007643 0.7815585 0.0662230 0.0470041 0.0512062 0.0413715 0.0424109 -0.0465403 -0.0551807 -0.0386462 -0.0528212 -0.0373991 -0.0444660 -0.0391469 -0.0533340 -0.0455570 -0.0475174 0.0408734 0.0669550 0.0295338 0.0542450 0.0221465 0.0202747 0.0145526 -0.0113077 -0.0244838 0.0237247 -0.0286197 -0.0437100 0.0079483 -0.0271094 0.0275577 -0.0345521 -0.0166987 0.0105081 -0.0190252 -0.0082134 -0.0364862 -0.0083202 -0.0254140 -0.0359033 -0.0306025 -0.0223312 -0.0151798 -0.0104057 -0.0133231 -0.0155195 -0.0128994 0.0161205 -0.0332760 -0.0194688 -0.0376703 -0.0549767 -0.0252718 -0.0325508 -0.0481700 -0.0511290 -0.0113719 -0.0326303 -0.0403767 -0.0267809 -0.0408116 -0.0132366 -0.0318760 -0.0217566 -0.0144885
0.0690622 0.0871957 0.0322896 0.0378928 0.0662230 0.7039136 0.0409936 0.0452081 0.0367399 0.1135166 -0.0627707 -0.0445915 -0.0584383 -0.0440908 -0.0487698 -0.0403482 -0.0456083 -0.0426650 -0.0496218 -0.0431525 0.0343134 0.0088333 0.0641099 0.0135914 -0.0135152 0.0376965 0.0180557 -0.0021810 0.0080961 0.0650478 0.0002500 -0.0282807 0.0079896 -0.0129712 0.0206643 0.0092604 -0.0031797 0.0014579 0.0072611 -0.0012555 -0.0034330 -0.0062554 -0.0380427 0.0018766 -0.0247589 -0.0279258 -0.0315306 -0.0142686 -0.0227716 -0.0296647 -0.0133699 -0.0587614 -0.0441587 -0.0267920 -0.0520311 -0.0474933 -0.0343770 -0.0475330 -0.0477450 -0.0221854 -0.0252738 -0.0384385 -0.0575688 -0.0376388 -0.0539740 -0.0341514 -0.0251155 -0.0321212 -0.0145967
0.0651176 0.0460555 0.0408705 0.0601178 0.0470041 0.0409936 0.6502337 0.0519306 0.0559833 0.0430035 -0.0334810 -0.0430407 -0.0239711 -0.0435564 -0.0148619 -0.0416882 -0.0248392 -0.0435420 -0.0308375 -0.0111608 0.0346272 0.0225805 0.0240100 0.0205490 0.0249546 0.0269068 0.0142196 0.0076251 0.0057281 0.0221913 -0.0233828 -0.0301580 -0.0072518 -0.0193833 -0.0228343 -0.0215945 0.0002707 -0.0220641 -0.0294077 -0.0226353 -0.0467709 -0.0375195 -0.0106918 -0.0141686 -0.0385709 -0.0288705 -0.0502133 -0.0398007 -0.0329844 -0.0287145 -0.0119875 -0.0045271 -0.0120054 -0.0359016 -0.0294607 -0.0007061 -0.0247711 -0.0304894 -0.0615803 -0.0478147 0.0025978 -0.0081490 -0.0253973 -0.0287873 -0.0075338 -0.0511310 -0.0246382 -0.0067555 -0.0231992
0.0815748 0.0650191 0.0496080 0.0404017 0.0512062 0.0452081 0.0519306 0.6460357 0.0436614 0.0472159 -0.0367304 -0.0299080 -0.0162363 -0.0442684 -0.0117043 -0.0596982 -0.0319726 -0.0411356 -0.0379354 -0.0156696 0.0671280 0.0016428 0.0073555 0.0230120 0.0113955 0.0163498 0.0295587 0.0077800 -0.0100968 0.0036894 -0.0177371 -0.0301503 0.0081617 -0.0203417 -0.0091218 -0.0121495 0.0050658 0.0054390 -0.0111983 -0.0026144 -0.0319289 -0.0280032 -0.0408616 -0.0364080 -0.0373063 -0.0371499 -0.0358927 -0.0301481 -0.0393480 -0.0474822 0.0012276 -0.0022071 0.0083849 -0.0399574 -0.0308331 0.0014588 -0.0217161 0.0153214 -0.0333822 -0.0531478 -0.0200468 -0.0295141 -0.0471409 -0.0277394 -0.0197027 -0.0459112 -0.0518623 -0.0232087 -0.0175455
0.0715274 0.0440113 0.0625767 0.0103484 0.0413715 0.0367399 0.0559833 0.0436614 0.6086441 0.0308266 -0.0421699 -0.0538524 -0.0357919 -0.0404738 -0.0259635 -0.0456563 -0.0404758 -0.0321868 -0.0358835 -0.0172998 0.0174592 0.0117012 0.0383729 0.0142431 0.0494182 0.0301368 0.0216056 0.0521076 0.0185629 0.0067338 -0.0030906 -0.0152617 0.0044240 0.0042632 -0.0185355 0.0008705 -0.0172845 -0.0086046 -0.0195929 -0.0022376 -0.0301992 -0.0228135 -0.0066166 -0.0128882 -0.0212549 -0.0193521 -0.0227033 -0.0226463 -0.0165134 -0.0156469 -0.0381903 -0.0354552 -0.0236719 -0.0441338 -0.0272816 -0.0242263 -0.0315820 -0.0205496 -0.0383749 -0.0354998 -0.0205536 -0.0302186 -0.0618723 -0.0469192 -0.0155700 -0.0248806 -0.0194274 -0.0190018 -0.0369038
0.0564189 0.0857641 0.0424222 0.0756269 0.0424109 0.1135166 0.0430035 0.0472159 0.0308266 0.6849145 -0.0556342 -0.0447574 -0.0403005 -0.0417171 -0.0477306 -0.0470376 -0.0660810 -0.0492310 -0.0411240 -0.0104667 0.0172648 0.0182945 0.0290430 0.0214521 0.0189047 0.0243852 0.0159382 0.0295676 0.0406899 0.0488611 -0.0117751 -0.0169064 -0.0123260 -0.0128759 -0.0239863 -0.0123667 0.0109675 0.0027659 -0.0113234 0.0091181 -0.0152816 -0.0064157 -0.0327420 -0.0029809 -0.0171712 -0.0485708 -0.0208354 -0.0306520 -0.0207227 -0.0418570 -0.0389819 -0.0542538 -0.0209386 -0.0161939 -0.0364410 -0.0523085 -0.0349085 -0.0341136 -0.0320790 -0.0297989 -0.0235838 -0.0395217 -0.0510946 -0.0583486 -0.0453316 -0.0227516 -0.0177056 -0.0466983 -0.0252436
-0.0476183 -0.0606736 -0.0444968 -0.0161686 -0.0465403 -0.0627707 -0.0334810 -0.0367304 -0.0421699 -0.0556342 0.8284398 0.1116180 0.0952015 0.1469200 0.1212558 0.1471508 0.0962586 0.0997798 0.1090041 0.0925782 -0.0384938 -0.0522480 -0.0569847 -0.0671438 -0.0370107 -0.0374549 -0.0295293 -0.0267100 -0.0283794 -0.0503780 -0.0790419 -0.0699610 -0.0752218 -0.0911301 -0.0676189 -0.0682564 -0.0844283 -0.0955031 -0.0878121 -0.0712866 -0.0824098 -0.0794193 -0.0876909 -0.0795239 -0.0924020 -0.0793326 -0.0782681 -0.0753930 -0.0861295 -0.0794310 0.0315230 0.0449885 0.0159661 -0.0010939 0.0720221 0.0098376 0.0170129 0.0358912 0.0633679 0.0679625 0.0277322 0.0448657 0.0463954 0.0721055 0.1096576 -0.0022107 0.0121835 -0.0112900 -0.0040760
-0.0585155 -0.0485271 -0.0438184 -0.0459276 -0.0551807 -0.0445915 -0.0430407 -0.0299080 -0.0538524 -0.0447574 0.1116180 0.6716060 0.0927423 0.1147205 0.0612921 0.1454888 0.0904563 0.1369411 0.0932867 0.0681088 -0.0286739 -0.0489968 -0.0578764 -0.0280087 -0.0245968 -0.0267642 -0.0199269 -0.0651607 -0.0455097 -0.0448182 -0.0651972 -0.0745031 -0.0739143 -0.0707822 -0.0681195 -0.0630469 -0.0723568 -0.0732637 -0.0861811 -0.0794861 -0.0776315 -0.0726360 -0.0737663 -0.0841161 -0.0794906 -0.0577176 -0.0767728 -0.0496394 -0.0774781 -0.0776704 0.0292236 0.0220190 0.0354535 0.0423050 0.0492024 0.0251759 0.0323444 0.0264293 0.0963539 0.0647820 0.0077688 0.0131499 0.0832487 0.0761596 0.0335536 0.0823876 0.0105692 0.0017810 0.0027529
-0.0459670 -0.0465191 -0.0128144 -0.0369177 -0.0386462 -0.0584383 -0.0239711 -0.0162363 -0.0357919 -0.0403005 0.0952015 0.0927423 0.6584622 0.0946243 0.1436819 0.0550304 0.1185397 0.0784544 0.1329115 0.1268582 -0.0313057 -0.0425192 -0.0286139 -0.0201261 -0.0161232 -0.0229303 0.0173328 -0.0085091 -0.0031038 -0.0372557 -0.0692178 -0.0801154 -0.0591614 -0.0726127 -0.0749365 -0.0733146 -0.0766791 -0.0887833 -0.0796317 -0.0641437 -0.0750950 -0.0846625 -0.0784570 -0.0819891 -0.0694053 -0.0708346 -0.0888017 -0.0726845 -0.0889358 -0.0697019 -0.0211219 -0.0223433 0.0095884 0.0364473 0.0166056 0.0582640 0.0332918 0.0403698 -0.0067934 -0.0006052 0.0254664 0.0309437 0.0339345 -0.0003610 0.0058460 0.0208679 0.0342158 0.0307365 0.0565024
-0.0558854 -0.0698451 -0.0302267 -0.0426159 -0.0528212 -0.0440908 -0.0435564 -0.0442684 -0.0404738 -0.0417171 0.1469200 0.1147205 0.0946243 0.7459790 0.0632570 0.1719407 0.0790083 0.1055495 0.0831640 0.1059193 -0.0780873 -0.0354696 -0.0690183 -0.0326066 -0.0453791 -0.0102316 -0.0287744 -0.0480316 -0.0201029 -0.0137853 -0.0487531 -0.0695593 -0.0785302 -0.0674084 -0.0618300 -0.0815990 -0.0776401 -0.0890225 -0.0889739 -0.0673453 -0.0860639 -0.0846832 -0.0777714 -0.0944211 -0.0965487 -0.0741645 -0.0805772 -0.0821348 -0.0838740 -0.0836211 0.0433247 0.0509428 -0.0069626 -0.0073189 0.0916648 0.0161591 0.0054512 0.0103103 0.0273729 0.0509104 0.0319614 0.0365056 0.1074908 0.0679137 0.0802296 0.0242886 0.0376475 0.0258587 0.0083371
-0.0257642 -0.0434093 -0.0200137 -0.0418803 -0.0373991 -0.0487698 -0.0148619 -0.0117043 -0.0259635 -0.0477306 0.1212558 0.0612921 0.1436819 0.0632570 0.6611468 0.0645658 0.1143532 0.0693691 0.1312260 0.1035664 -0.0344064 -0.0258994 -0.0381744 -0.0277934 -0.0142318 -0.0044714 -0.0143911 -0.0015725 -0.0254865 -0.0179306 -0.0652464 -0.0798212 -0.0921368 -0.0898224 -0.0755685 -0.0735105 -0.0692935 -0.0782190 -0.0778699 -0.0809792 -0.0761331 -0.0832455 -0.0820875 -0.0832880 -0.0759566 -0.0670547 -0.0869816 -0.0758029 -0.0903210 -0.0927633 0.0033730 0.0139525 0.0355510 0.0787671 -0.0183378 0.0561218 0.0471896 0.0627955 0.0086739 0.0233910 0.0188851 0.0514131 0.0527371 -0.0028388 0.0155988 -0.0164244 0.0102730 0.0516594 0.0448130
-0.0696137 -0.0619578 -0.0661676 -0.0487302 -0.0444660 -0.0403482 -0.0416882 -0.0596982 -0.0456563 -0.0470376 0.1471508 0.1454888 0.0550304 0.1719407 0.0645658 0.7663296 0.0800638 0.1404219 0.0675260 0.0495211 -0.0508042 -0.0720671 -0.0508100 -0.0476678 -0.0678392 -0.0368609 -0.0506958 -0.0684813 -0.0412216 -0.0438025 -0.0647546 -0.0561976 -0.0766387 -0.0655872 -0.0725431 -0.0645508 -0.0869800 -0.0747638 -0.0735503 -0.0562636 -0.0783919 -0.0803532 -0.0668841 -0.0604468 -0.0835407 -0.0882377 -0.0807090 -0.0846751 -0.0672173 -0.0873218 0.0399464 0.0510044 0.0080742 0.0017621 0.1014485 0.0039590 0.0397995 -0.0033449 0.0780788 0.1094261 0.0415375 0.0282248 0.0961553 0.0636769 0.0935452 0.0835447 0.0132807 0.0316966 -0.0110870
-0.0431197 -0.0489644 -0.0276439 -0.0411914 -0.0391469 -0.0456083 -0.0248392 -0.0319726 -0.0404758 -0.0660810 0.0962586 0.0904563 0.1185397 0.0790083 0.1143532 0.0800638 0.7122288 0.0910285 0.1374223 0.1311676 -0.0358098 0.0011697 -0.0439352 -0.0269009 -0.0352707 -0.0034550 -0.0158051 -0.0261014 -0.0163282 -0.0000811 -0.0831629 -0.0760189 -0.0889202 -0.0847089 -0.0884842 -0.0817710 -0.0918222 -0.0844590 -0.0716286 -0.0701518 -0.0613207 -0.0914245 -0.0790210 -0.0876136 -0.0649278 -0.0709836 -0.0930821 -0.0769976 -0.0826424 -0.0639134 -0.0035908 -0.0253330 0.0273626 0.0448954 -0.0087072 0.0677174 0.0558387 0.0310805 0.0211887 0.0202513 0.0460009 0.0346523 0.0261783 0.0424223 0.0341028 -0.0198123 0.0503984 0.0649915 0.0183852
-0.0616000 -0.0470144 -0.0522100 -0.0437206 -0.0533340 -0.0426650 -0.0435420 -0.0411356 -0.0321868 -0.0492310 0.0997798 0.1369411 0.0784544 0.1055495 0.0693691 0.1404219 0.0910285 0.7258967 0.0860406 0.0690378 -0.0297305 -0.0616860 -0.0648422 -0.0449776 -0.0438973 -0.0329655 -0.0286564 -0.0174959 -0.0283344 -0.0161270 -0.0698986 -0.0749345 -0.0853085 -0.0849280 -0.0817729 -0.0698060 -0.0914624 -0.0871402 -0.0842561 -0.0887775 -0.0747162 -0.0886445 -0.0805501 -0.0997289 -0.0779558 -0.0735758 -0.0699085 -0.0763220 -0.0761203 -0.0773235 0.0662131 0.0625036 0.0687930 0.0144945 0.0364643 0.0277457 0.0394353 0.0172132 0.1126877 0.0838218 0.0186052 0.0216494 0.0980080 0.0688516 0.0554059 0.0771084 0.0173378 0.0148448 0.0039041
-0.0455126 -0.0389421 -0.0428118 -0.0214521 -0.0455570 -0.0496218 -0.0308375 -0.0379354 -0.0358835 -0.0411240 0.1090041 0.0932867 0.1329115 0.0831640 0.1312260 0.0675260 0.1374223 0.0860406 0.7248709 0.1262508 -0.0378989 -0.0434976 -0.0427361 0.0027872 -0.0340085 -0.0134457 -0.0071763 -0.0146388 0.0274608 -0.0432020 -0.0762548 -0.0794983 -0.0684276 -0.0561964 -0.0573579 -0.0775225 -0.0862751 -0.0570448 -0.0929938 -0.0857516 -0.0769578 -0.0951291 -0.0883392 -0.1097647 -0.0776534 -0.0781413 -0.0904714 -0.0953800 -0.0839081 -0.0747812 -0.0244935 -0.0474163 0.0733916 0.0553403 0.0079981 0.0752665 0.0444016 0.0420058 -0.0040288 0.0219850 0.0309771 0.0465890 0.0352881 -0.0151088 0.0250917 0.0063505 0.0229751 0.0507961 0.0248201
-0.0345113 -0.0427743 -0.0239101 -0.0384694 -0.0475174 -0.0431525 -0.0111608 -0.0156696 -0.0172998 -0.0104667 0.0925782 0.0681088 0.1268582 0.1059193 0.1035664 0.0495211 0.1311676 0.0690378 0.1262508 0.7304501 -0.0292311 -0.0501946 -0.0383512 -0.0320663 -0.0153609 -0.0112627 0.0062587 -0.0006140 -0.0068812 -0.0357943 -0.0567396 -0.0774420 -0.0916554 -0.0783004 -0.0648783 -0.0696312 -0.0822367 -0.0737542 -0.0926749 -0.0835110 -0.0674511 -0.0761720 -0.0929014 -0.0946580 -0.0624999 -0.0533414 -0.0785493 -0.0750723 -0.0795792 -0.0827640 -0.0108553 -0.0197558 0.0196560 0.0677942 0.0086792 0.0404116 0.0419666 0.0302000 0.0167231 -0.0116938 0.0203926 0.0550900 0.0303733 -0.0086095 -0.0126875 0.0100670 0.0277680 0.0447609 0.0202399
0.0468283 0.0466621 0.0235576 0.0457621 0.0408734 0.0343134 0.0346272 0.0671280 0.0174592 0.0172648 -0.0384938 -0.0286739 -0.0313057 -0.0780873 -0.0344064 -0.0508042 -0.0358098 -0.0297305 -0.0378989 -0.0292311 0.6903865 0.0818892 0.1636619 0.0893637 0.0254417 -0.0124527 0.0157825 0.0098186 0.0483556 0.0626594 -0.0385990 -0.0472185 -0.0441490 -0.0389166 -0.0338356 -0.0188553 -0.0214766 -0.0303774 -0.0260035 -0.0237139 -0.0108449 0.0129410 -0.0237154 0.0527948 0.0417287 -0.0397898 -0.0042782 0.0032855 -0.0081297 -0.0035114 -0.0368541 -0.0090753 -0.0206694 -0.0577363 -0.0607859 -0.0452511 -0.0059814 -0.0126694 -0.0603667 -0.0603173 -0.0355545 -0.0527115 -0.0547789 -0.0534691 -0.0445432 -0.0561349 -0.0477494 -0.0458873 -0.0150778
0.0120439 0.0489895 0.0368330 0.0318542 0.0669550 0.0088333 0.0225805 0.0016428 0.0117012 0.0182945 -0.0522480 -0.0489968 -0.0425192 -0.0354696 -0.0258994 -0.0720671 0.0011697 -0.0616860 -0.0434976 -0.0501946 0.0818892 0.6999905 0.0793119 0.0884577 0.0600122 0.0576876 0.0897061 0.0774073 0.0648022 0.1012799 -0.0451632 -0.0488667 -0.0404933 -0.0494044 -0.0506516 -0.0551536 -0.0554239 -0.0607689 -0.0572731 -0.0501007 0.0066655 0.0115457 -0.0089958 -0.0014522 0.0092876 -0.0178977 0.0101012 0.0226168 -0.0033560 -0.0010146 -0.0138667 -0.0103801 -0.0333859 -0.0300943 -0.0375533 -0.0346121 -0.0189996 -0.0303602 -0.0573127 -0.0528537 -0.0316205 -0.0282058 -0.0548573 -0.0479387 -0.0435310 -0.0494370 -0.0340696 -0.0340813 -0.0173009
0.0517742 0.0418677 -0.0094335 0.0527121 0.0295338 0.0641099 0.0240100 0.0073555 0.0383729 0.0290430 -0.0569847 -0.0578764 -0.0286139 -0.0690183 -0.0381744 -0.0508100 -0.0439352 -0.0648422 -0.0427361 -0.0383512 0.1636619 0.0793119 0.7767247 0.0315106 0.0246936 -0.0269096 0.0141837 -0.0157257 0.0638398 0.0565024 -0.0281611 -0.0578198 -0.0442171 -0.0475650 -0.0410061 -0.0272245 -0.0325871 -0.0347609 -0.0359707 -0.0460969 -0.0245685 0.0309555 -0.0349204 0.0957115 0.0198208 -0.0554070 -0.0292729 -0.0166611 -0.0170505 -0.0173779 -0.0065256 -0.0290437 -0.0107266 -0.0158856 -0.0252908 0.0154578 -0.0081773 -0.0066691 -0.0543635 -0.0476423 -0.0010634 -0.0184685 -0.0817675 -0.0603596 -0.0306293 -0.0507304 -0.0150064 -0.0129959 0.0252935
0.0082137 0.0460238 0.0087708 0.0014975 0.0542450 0.0135914 0.0205490 0.0230120 0.0142431 0.0214521 -0.0671438 -0.0280087 -0.0201261 -0.0326066 -0.0277934 -0.0476678 -0.0269009 -0.0449776 0.0027872 -0.0320663 0.0893637 0.0884577 0.0315106 0.6724077 0.0479238 0.0522161 0.0789157 0.0246712 0.0920068 0.0718640 -0.0285333 -0.0365252 -0.0254677 -0.0399086 -0.0128360 -0.0650593 -0.0340757 -0.0279794 -0.0273371 -0.0368927 0.0134079 0.0040287 0.0284772 -0.0190697 -0.0014924 0.0227670 0.0284910 0.0124357 -0.0008772 0.0332476 -0.0483383 -0.0207223 -0.0525052 -0.0427351 -0.0532376 -0.0373410 -0.0385090 -0.0191051 -0.0731055 -0.0629579 -0.0390265 -0.0547238 -0.0571805 -0.0744123 -0.0766077 -0.0417042 -0.0077342 -0.0336354 0.0014310
0.0276741 0.0281413 0.0356470 0.0225311 0.0221465 -0.0135152 0.0249546 0.0113955 0.0494182 0.0189047 -0.0370107 -0.0245968 -0.0161232 -0.0453791 -0.0142318 -0.0678392 -0.0352707 -0.0438973 -0.0340085 -0.0153609 0.0254417 0.0600122 0.0246936 0.0479238 0.6728221 0.0718007 0.0694848 0.0828462 0.0755344 0.0375613 -0.0107481 -0.0392736 -0.0039641 -0.0364275 -0.0341666 -0.0195188 -0.0290945 -0.0303341 -0.0243734 -0.0160016 -0.0100058 -0.0114585 0.0055044 -0.0310416 -0.0391535 0.0178546 -0.0138061 -0.0044077 -0.0222837 0.0001594 -0.0046268 -0.0243561 -0.0374978 -0.0456030 -0.0385338 -0.0252666 -0.0306123 -0.0156951 -0.0103142 -0.0367452 -0.0233683 -0.0475932 -0.0448559 -0.0567927 -0.0376447 -0.0561970 -0.0302724 -0.0456556 -0.0308354
0.0388938 0.0254606 0.0399711 0.0447922 0.0202747 0.0376965 0.0269068 0.0163498 0.0301368 0.0243852 -0.0374549 -0.0267642 -0.0229303 -0.0102316 -0.0044714 -0.0368609 -0.0034550 -0.0329655 -0.0134457 -0.0112627 -0.0124527 0.0576876 -0.0269096 0.0522161 0.0718007 0.6201203 0.0479755 0.0586827 0.0443482 0.0564857 -0.0034995 -0.0208816 -0.0361001 -0.0373641 -0.0358075 -0.0450212 -0.0389209 -0.0060388 -0.0215763 -0.0285831 -0.0174975 -0.0399179 0.0073087 -0.0665164 -0.0361057 0.0086064 0.0030058 0.0020316 -0.0295313 -0.0084861 -0.0084982 -0.0035069 -0.0282833 -0.0456234 -0.0401225 -0.0381270 -0.0243903 -0.0186663 -0.0704947 -0.0454263 -0.0317697 -0.0264163 -0.0413799 -0.0376642 -0.0348069 -0.0242484 -0.0162368 -0.0281119 -0.0016282
0.0037084 0.0347134 0.0192477 -0.0088408 0.0145526 0.0180557 0.0142196 0.0295587 0.0216056 0.0159382 -0.0295293 -0.0199269 0.0173328 -0.0287744 -0.0143911 -0.0506958 -0.0158051 -0.0286564 -0.0071763 0.0062587 0.0157825 0.0897061 0.0141837 0.0789157 0.0694848 0.0479755 0.5949221 0.0647792 0.1017155 0.0635043 -0.0222152 -0.0506403 -0.0275987 -0.0569426 -0.0239058 -0.0449346 -0.0434263 -0.0351618 -0.0368941 -0.0269007 -0.0059564 -0.0108611 -0.0049493 -0.0358285 -0.0358931 -0.0038683 0.0069044 -0.0129502 -0.0114564 -0.0117745 -0.0278922 -0.0333100 -0.0265609 -0.0220736 -0.0566543 -0.0206155 -0.0141925 -0.0275825 -0.0357420 -0.0444107 -0.0251373 -0.0300253 -0.0410167 -0.0467005 -0.0370848 -0.0429546 -0.0369695 -0.0087862 -0.0094875
0.0468141 0.0191211 0.0335653 0.0403030 -0.0113077 -0.0021810 0.0076251 0.0077800 0.0521076 0.0295676 -0.0267100 -0.0651607 -0.0085091 -0.0480316 -0.0015725 -0.0684813 -0.0261014 -0.0174959 -0.0146388 -0.0006140 0.0098186 0.0774073 -0.0157257 0.0246712 0.0828462 0.0586827 0.0647792 0.6682411 0.0452946 0.0602405 -0.0184456 -0.0229801 -0.0160935 -0.0287419 -0.0044393 -0.0311176 -0.0297942 -0.0450444 -0.0197457 -0.0245580 0.0157185 -0.0098279 0.0056475 -0.0241853 0.0018180 0.0276715 0.0012261 -0.0207435 -0.0155668 -0.0025227 -0.0438504 -0.0480585 -0.0328621 -0.0377428 -0.0509846 -0.0367157 -0.0352471 -0.0150461 -0.0687253 -0.0211289 -0.0210451 -0.0426320 -0.0458669 -0.0522178 -0.0362657 -0.0396621 -0.0251499 -0.0272566 -0.0397218
0.0246337 0.0081306 -0.0024868 0.0603268 -0.0244838 0.0080961 0.0057281 -0.0100968 0.0185629 0.0406899 -0.0283794 -0.0455097 -0.0031038 -0.0201029 -0.0254865 -0.0412216 -0.0163282 -0.0283344 0.0274608 -0.0068812 0.0483556 0.0648022 0.0638398 0.0920068 0.0755344 0.0443482 0.1017155 0.0452946 0.7062284 0.0971096 -0.0438109 -0.0460665 -0.0406631 -0.0559116 -0.0295807 -0.0346429 -0.0591723 -0.0165905 -0.0574210 -0.0189528 0.0006765 -0.0072867 0.0082884 -0.0186201 -0.0249149 -0.0128860 -0.0067954 -0.0030330 0.0042002 -0.0037187 -0.0552164 -0.0613381 -0.0491361 -0.0431302 -0.0391623 -0.0064688 -0.0316565 -0.0259271 -0.0584087 -0.0301531 -0.0383539 -0.0177761 -0.0394924 -0.0852699 -0.0615371 -0.0246694 -0.0285565 -0.0326591 -0.0167050
0.0280665 0.0213981 0.0005914 0.0587998 0.0237247 0.0650478 0.0221913 0.0036894 0.0067338 0.0488611 -0.0503780 -0.0448182 -0.0372557 -0.0137853 -0.0179306 -0.0438025 -0.0000811 -0.0161270 -0.0432020 -0.0357943 0.0626594 0.1012799 0.0565024 0.0718640 0.0375613 0.0564857 0.0635043 0.0602405 0.0971096 0.6819550 -0.0198369 -0.0513562 -0.0401554 -0.0445058 -0.0387995 -0.0481066 -0.0383721 -0.0394846 -0.0455474 -0.0301965 -0.0079188 -0.0069255 0.0086336 0.0051955 0.0102738 -0.0097739 0.0009433 0.0117579 -0.0114389 0.0074458 -0.0247590 -0.0441379 -0.0519300 -0.0371545 -0.0408704 -0.0493100 -0.0473923 -0.0404369 -0.0480878 -0.0306885 -0.0436768 -0.0427807 -0.0330998 -0.0565550 -0.0591754 -0.0504392 -0.0151578 -0.0435867 -0.0252213
-0.0026955 -0.0189283 0.0015532 -0.0137185 -0.0286197 0.0002500 -0.0233828 -0.0177371 -0.0030906 -0.0117751 -0.0790419 -0.0651972 -0.0692178 -0.0487531 -0.0652464 -0.0647546 -0.0831629 -0.0698986 -0.0762548 -0.0567396 -0.0385990 -0.0451632 -0.0281611 -0.0285333 -0.0107481 -0.0034995 -0.0222152 -0.0184456 -0.0438109 -0.0198369 0.5638840 0.1092642 0.1082115 0.1296543 0.1032434 0.1073037 0.1015045 0.1017740 0.1357602 0.1122887 0.0895446 0.0675987 0.0761030 0.0639245 0.0967780 0.0820848 0.0983267 0.0654758 0.1084092 0.0783695 -0.0696915 -0.0802329 -0.0797460 -0.0869334 -0.0573890 -0.0773079 -0.0577350 -0.0635569 -0.0619435 -0.0599296 -0.0726313 -0.0713428 -0.0847134 -0.0613806 -0.0709989 -0.0772327 -0.0614850 -0.0849232 -0.0621509
-0.0236947 -0.0217820 -0.0137534 0.0023153 -0.0437100 -0.0282807 -0.0301580 -0.0301503 -0.0152617 -0.0169064 -0.0699610 -0.0745031 -0.0801154 -0.0695593 -0.0798212 -0.0561976 -0.0760189 -0.0749345 -0.0794983 -0.0774420 -0.0472185 -0.0488667 -0.0578198 -0.0365252 -0.0392736 -0.0208816 -0.0506403 -0.0229801 -0.0460665 -0.0513562 0.1092642 0.6648457 0.1358429 0.1503459 0.0982985 0.1163743 0.1336174 0.1122028 0.1412960 0.1311597 0.0889884 0.0806526 0.1082678 0.0778043 0.0915756 0.0819947 0.0836395 0.0806368 0.0653737 0.1068683 -0.0627533 -0.0841262 -0.0675974 -0.0553082 -0.0652500 -0.0732186 -0.0690902 -0.0756005 -0.0589404 -0.0473954 -0.0750438 -0.0663609 -0.0533650 -0.0437091 -0.0639375 -0.0528171 -0.0608497 -0.0519267 -0.0590239
-0.0194825 0.0166572 -0.0055195 0.0023795 0.0079483 0.0079896 -0.0072518 0.0081617 0.0044240 -0.0123260 -0.0752218 -0.0739143 -0.0591614 -0.0785302 -0.0921368 -0.0766387 -0.0889202 -0.0853085 -0.0684276 -0.0916554 -0.0441490 -0.0404933 -0.0442171 -0.0254677 -0.0039641 -0.0361001 -0.0275987 -0.0160935 -0.0406631 -0.0401554 0.1082115 0.1358429 0.6785263 0.1403355 0.1127586 0.1001257 0.1186533 0.1142973 0.1431198 0.1397987 0.0590364 0.0578832 0.1273075 0.0694925 0.0677211 0.1139662 0.0873035 0.0950745 0.0830644 0.0790354 -0.0553958 -0.0684306 -0.0767483 -0.0730182 -0.0769977 -0.0821872 -0.0769081 -0.0870010 -0.0696865 -0.0939239 -0.0825730 -0.0736729 -0.0994987 -0.0777116 -0.0826516 -0.0673065 -0.0644037 -0.0899419 -0.0723625
-0.0208028 0.0103050 -0.0091384 -0.0152772 -0.0271094 -0.0129712 -0.0193833 -0.0203417 0.0042632 -0.0128759 -0.0911301 -0.0707822 -0.0726127 -0.0674084 -0.0898224 -0.0655872 -0.0847089 -0.0849280 -0.0561964 -0.0783004 -0.0389166 -0.0494044 -0.0475650 -0.0399086 -0.0364275 -0.0373641 -0.0569426 -0.0287419 -0.0559116 -0.0445058 0.1296543 0.1503459 0.1403355 0.6724673 0.1013759 0.1090083 0.1268857 0.1832060 0.1595960 0.1551343 0.0688472 0.0681458 0.0652851 0.0812994 0.0766665 0.1089389 0.0621468 0.0932961 0.0774288 0.0598633 -0.0742439 -0.0934998 -0.0815311 -0.0309930 -0.0819103 -0.0982950 -0.0355252 -0.0777637 -0.0734188 -0.0695259 -0.0559047 -0.0599466 -0.0733875 -0.0719978 -0.0715725 -0.0536286 -0.0608713 -0.0685992 -0.0604058
-0.0165110 -0.0194893 -0.0148081 -0.0292926 0.0275577 0.0206643 -0.0228343 -0.0091218 -0.0185355 -0.0239863 -0.0676189 -0.0681195 -0.0749365 -0.0618300 -0.0755685 -0.0725431 -0.0884842 -0.0817729 -0.0573579 -0.0648783 -0.0338356 -0.0506516 -0.0410061 -0.0128360 -0.0341666 -0.0358075 -0.0239058 -0.0044393 -0.0295807 -0.0387995 0.1032434 0.0982985 0.1127586 0.1013759 0.6736064 0.0973013 0.1106325 0.1148475 0.1026651 0.1229687 0.0971028 0.1124246 0.0775086 0.0784541 0.0843273 0.1232447 0.0975497 0.1050784 0.0924226 0.0711046 -0.0646391 -0.0335746 -0.0616873 -0.0862791 -0.0484872 -0.0790082 -0.0900603 -0.0713398 -0.0625265 -0.0718901 -0.0740425 -0.0621348 -0.0854953 -0.0703269 -0.0804506 -0.0852712 -0.0852711 -0.0646029 -0.0802997
-0.0185040 -0.0142147 -0.0208949 -0.0113953 -0.0345521 0.0092604 -0.0215945 -0.0121495 0.0008705 -0.0123667 -0.0682564 -0.0630469 -0.0733146 -0.0815990 -0.0735105 -0.0645508 -0.0817710 -0.0698060 -0.0775225 -0.0696312 -0.0188553 -0.0551536 -0.0272245 -0.0650593 -0.0195188 -0.0450212 -0.0449346 -0.0311176 -0.0346429 -0.0481066 0.1073037 0.1163743 0.1001257 0.1090083 0.0973013 0.7359398 0.1326693 0.1361799 0.1236738 0.1003493 0.0780232 0.0892018 0.0667150 0.1001422 0.0712202 0.0778618 0.0765035 0.0920926 0.0788609 0.0568377 -0.0732592 -0.0981540 -0.0719794 -0.0704534 -0.0710460 -0.0979688 -0.0659153 -0.0636791 -0.0275958 -0.0458512 -0.0566344 -0.0442958 -0.0786745 -0.0593601 -0.0637678 -0.0664109 -0.0663545 -0.0596854 -0.0615336
-0.0133803 0.0108315 -0.0036098 -0.0209508 -0.0166987 -0.0031797 0.0002707 0.0050658 -0.0172845 0.0109675 -0.0844283 -0.0723568 -0.0766791 -0.0776401 -0.0692935 -0.0869800 -0.0918222 -0.0914624 -0.0862751 -0.0822367 -0.0214766 -0.0554239 -0.0325871 -0.0340757 -0.0290945 -0.0389209 -0.0434263 -0.0297942 -0.0591723 -0.0383721 0.1015045 0.1336174 0.1186533 0.1268857 0.1106325 0.1326693 0.6568543 0.0939924 0.1248626 0.1185402 0.0934713 0.1023375 0.1070698 0.0957740 0.0992058 0.0995904 0.0727956 0.0912811 0.1105075 0.0989585 -0.0591456 -0.0481676 -0.0617983 -0.0799084 -0.0716937 -0.0885196 -0.0817390 -0.0648713 -0.0846932 -0.0758682 -0.0812471 -0.0568983 -0.0844152 -0.0724043 -0.0855118 -0.0692199 -0.0769239 -0.0694609 -0.0597515
-0.0121319 -0.0054433 -0.0097558 0.0003299 0.0105081 0.0014579 -0.0220641 0.0054390 -0.0086046 0.0027659 -0.0955031 -0.0732637 -0.0887833 -0.0890225 -0.0782190 -0.0747638 -0.0844590 -0.0871402 -0.0570448 -0.0737542 -0.0303774 -0.0607689 -0.0347609 -0.0279794 -0.0303341 -0.0060388 -0.0351618 -0.0450444 -0.0165905 -0.0394846 0.1017740 0.1122028 0.1142973 0.1832060 0.1148475 0.1361799 0.0939924 0.7326123 0.1163244 0.1112883 0.0736240 0.0525495 0.0870326 0.0717470 0.0855437 0.0867221 0.0929594 0.0714456 0.0576923 0.0762580 -0.0505413 -0.0577019 -0.0792149 -0.0206945 -0.0911947 -0.0874354 -0.0723780 -0.0771126 -0.0617668 -0.0694496 -0.0890499 -0.0555909 -0.0833348 -0.0678861 -0.0902838 -0.0756348 -0.0710471 -0.0658706 -0.0613493
-0.0064468 -0.0086736 -0.0028877 -0.0108905 -0.0190252 0.0072611 -0.0294077 -0.0111983 -0.0195929 -0.0113234 -0.0878121 -0.0861811 -0.0796317 -0.0889739 -0.0778699 -0.0735503 -0.0716286 -0.0842561 -0.0929938 -0.0926749 -0.0260035 -0.0572731 -0.0359707 -0.0273371 -0.0243734 -0.0215763 -0.0368941 -0.0197457 -0.0574210 -0.0455474 0.1357602 0.1412960 0.1431198 0.1595960 0.1026651 0.1236738 0.1248626 0.1163244 0.6772640 0.1428807 0.0798559 0.0876772 0.0925073 0.0867201 0.0897638 0.1133905 0.0774345 0.0702039 0.0696864 0.0790807 -0.0311773 -0.0509748 -0.0937335 -0.0763885 -0.0906847 -0.0804665 -0.0750644 -0.0593608 -0.0600081 -0.0705379 -0.0760758 -0.0703928 -0.0810514 -0.0831296 -0.0629920 -0.0613970 -0.0650339 -0.0713829 -0.0652308
0.0040342 -0.0259665 -0.0097765 -0.0298072 -0.0082134 -0.0012555 -0.0226353 -0.0026144 -0.0022376 0.0091181 -0.0712866 -0.0794861 -0.0641437 -0.0673453 -0.0809792 -0.0562636 -0.0701518 -0.0887775 -0.0857516 -0.0835110 -0.0237139 -0.0501007 -0.0460969 -0.0368927 -0.0160016 -0.0285831 -0.0269007 -0.0245580 -0.0189528 -0.0301965 0.1122887 0.1311597 0.1397987 0.1551343 0.1229687 0.1003493 0.1185402 0.1112883 0.1428807 0.6260392 0.0919446 0.0577636 0.0813457 0.0818562 0.0784052 0.0971861 0.1130982 0.0918682 0.0673168 0.0847904 -0.0755986 -0.0813198 -0.0773402 -0.0779077 -0.0806983 -0.0806210 -0.0840538 -0.0764833 -0.0626476 -0.0625137 -0.0784366 -0.0730590 -0.0787147 -0.0749495 -0.0646987 -0.0806926 -0.0665536 -0.0516122 -0.0788460
-0.0198748 -0.0404171 -0.0393402 -0.0115600 -0.0364862 -0.0034330 -0.0467709 -0.0319289 -0.0301992 -0.0152816 -0.0824098 -0.0776315 -0.0750950 -0.0860639 -0.0761331 -0.0783919 -0.0613207 -0.0747162 -0.0769578 -0.0674511 -0.0108449 0.0066655 -0.0245685 0.0134079 -0.0100058 -0.0174975 -0.0059564 0.0157185 0.0006765 -0.0079188 0.0895446 0.0889884 0.0590364 0.0688472 0.0971028 0.0780232 0.0934713 0.0736240 0.0798559 0.0919446 0.6600798 0.1184821 0.1085585 0.0877048 0.1394841 0.1405633 0.1256952 0.1062830 0.1531738 0.1241347 -0.0568938 -0.0694449 -0.0844419 -0.0951894 -0.0750184 -0.0971824 -0.0667266 -0.0788443 -0.0701792 -0.0725980 -0.0915983 -0.0792343 -0.0732182 -0.0739510 -0.0839052 -0.0628312 -0.0718438 -0.0774909 -0.0615205
-0.0000827 -0.0193024 -0.0104606 -0.0433862 -0.0083202 -0.0062554 -0.0375195 -0.0280032 -0.0228135 -0.0064157 -0.0794193 -0.0726360 -0.0846625 -0.0846832 -0.0832455 -0.0803532 -0.0914245 -0.0886445 -0.0951291 -0.0761720 0.0129410 0.0115457 0.0309555 0.0040287 -0.0114585 -0.0399179 -0.0108611 -0.0098279 -0.0072867 -0.0069255 0.0675987 0.0806526 0.0578832 0.0681458 0.1124246 0.0892018 0.1023375 0.0525495 0.0876772 0.0577636 0.1184821 0.6419920 0.1201753 0.1401859 0.1181041 0.1015460 0.1426939 0.1196951 0.1308582 0.1207907 -0.0706005 -0.0733651 -0.0728633 -0.0834294 -0.0492796 -0.0881786 -0.0781997 -0.0834922 -0.0445169 -0.0645918 -0.0671145 -0.0666263 -0.0904573 -0.0808963 -0.0660236 -0.0905310 -0.0771498 -0.0805412 -0.0679927
-0.0279185 -0.0242177 -0.0468721 -0.0446148 -0.0254140 -0.0380427 -0.0106918 -0.0408616 -0.0066166 -0.0327420 -0.0876909 -0.0737663 -0.0784570 -0.0777714 -0.0820875 -0.0668841 -0.0790210 -0.0805501 -0.0883392 -0.0929014 -0.0237154 -0.0089958 -0.0349204 0.0284772 0.0055044 0.0073087 -0.0049493 0.0056475 0.0082884 0.0086336 0.0761030 0.1082678 0.1273075 0.0652851 0.0775086 0.0667150 0.1070698 0.0870326 0.0925073 0.0813457 0.1085585 0.1201753 0.6945166 0.1074566 0.1185622 0.1195830 0.1502897 0.1348708 0.1462557 0.1497975 -0.0702781 -0.0578289 -0.0794436 -0.0760654 -0.0804206 -0.0655274 -0.0830705 -0.0746055 -0.0827133 -0.0880244 -0.0636350 -0.0865618 -0.0858115 -0.0797515 -0.0859706 -0.1002464 -0.0757721 -0.0957661 -0.0768662
-0.0247305 -0.0030138 0.0019488 -0.0240356 -0.0359033 0.0018766 -0.0141686 -0.0364080 -0.0128882 -0.0029809 -0.0795239 -0.0841161 -0.0819891 -0.0944211 -0.0832880 -0.0604468 -0.0876136 -0.0997289 -0.1097647 -0.0946580 0.0527948 -0.0014522 0.0957115 -0.0190697 -0.0310416 -0.0665164 -0.0358285 -0.0241853 -0.0186201 0.0051955 0.0639245 0.0778043 0.0694925 0.0812994 0.0784541 0.1001422 0.0957740 0.0717470 0.0867201 0.0818562 0.0877048 0.1401859 0.1074566 0.7377293 0.1663602 0.0634610 0.1109870 0.1180456 0.1287025 0.1431969 -0.0591413 -0.0473464 -0.0818629 -0.0783183 -0.0676251 -0.0877229 -0.0881235 -0.0869129 -0.0668990 -0.0492896 -0.0813599 -0.0789917 -0.0750893 -0.0941842 -0.0734161 -0.0825822 -0.0577165 -0.0869265 -0.0632952
-0.0278924 -0.0241382 -0.0323116 -0.0244471 -0.0306025 -0.0247589 -0.0385709 -0.0373063 -0.0212549 -0.0171712 -0.0924020 -0.0794906 -0.0694053 -0.0965487 -0.0759566 -0.0835407 -0.0649278 -0.0779558 -0.0776534 -0.0624999 0.0417287 0.0092876 0.0198208 -0.0014924 -0.0391535 -0.0361057 -0.0358931 0.0018180 -0.0249149 0.0102738 0.0967780 0.0915756 0.0677211 0.0766665 0.0843273 0.0712202 0.0992058 0.0855437 0.0897638 0.0784052 0.1394841 0.1181041 0.1185622 0.1663602 0.6761271 0.1027246 0.1155986 0.1052233 0.1144968 0.1416838 -0.0549001 -0.0173187 -0.0892342 -0.0884659 -0.0849753 -0.1009438 -0.0817328 -0.0885487 -0.0634742 -0.0841085 -0.0924677 -0.0693619 -0.0869789 -0.0679686 -0.0843663 -0.0826203 -0.0666358 -0.0896488 -0.0493425
-0.0242100 -0.0213723 -0.0245641 -0.0272811 -0.0223312 -0.0279258 -0.0288705 -0.0371499 -0.0193521 -0.0485708 -0.0793326 -0.0577176 -0.0708346 -0.0741645 -0.0670547 -0.0882377 -0.0709836 -0.0735758 -0.0781413 -0.0533414 -0.0397898 -0.0178977 -0.0554070 0.0227670 0.0178546 0.0086064 -0.0038683 0.0276715 -0.0128860 -0.0097739 0.0820848 0.0819947 0.1139662 0.1089389 0.1232447 0.0778618 0.0995904 0.0867221 0.1133905 0.0971861 0.1405633 0.1015460 0.1195830 0.0634610 0.1027246 0.6801113 0.1327320 0.1187632 0.1194709 0.1104447 -0.0481423 -0.0935303 -0.0768071 -0.0866656 -0.0843676 -0.0763180 -0.1003558 -0.0630000 -0.0524480 -0.0711203 -0.0759337 -0.0812000 -0.0956702 -0.0751150 -0.0949722 -0.0791905 -0.0889617 -0.0907181 -0.0700132
-0.0257464 -0.0132423 -0.0347930 -0.0727034 -0.0151798 -0.0315306 -0.0502133 -0.0358927 -0.0227033 -0.0208354 -0.0782681 -0.0767728 -0.0888017 -0.0805772 -0.0869816 -0.0807090 -0.0930821 -0.0699085 -0.0904714 -0.0785493 -0.0042782 0.0101012 -0.0292729 0.0284910 -0.0138061 0.0030058 0.0069044 0.0012261 -0.0067954 0.0009433 0.0983267 0.0836395 0.0873035 0.0621468 0.0975497 0.0765035 0.0727956 0.0929594 0.0774345 0.1130982 0.1256952 0.1426939 0.1502897 0.1109870 0.1155986 0.1327320 0.6852892 0.1689667 0.1567579 0.1414236 -0.0815921 -0.0902711 -0.0732161 -0.0878257 -0.0839745 -0.0951558 -0.0787051 -0.0824552 -0.0538855 -0.0691856 -0.0584293 -0.0917553 -0.0707181 -0.0648089 -0.1005200 -0.0873801 -0.0809581 -0.0924274 -0.0898676
-0.0449594 -0.0371085 -0.0261601 -0.0326904 -0.0104057 -0.0142686 -0.0398007 -0.0301481 -0.0226463 -0.0306520 -0.0753930 -0.0496394 -0.0726845 -0.0821348 -0.0758029 -0.0846751 -0.0769976 -0.0763220 -0.0953800 -0.0750723 0.0032855 0.0226168 -0.0166611 0.0124357 -0.0044077 0.0020316 -0.0129502 -0.0207435 -0.0030330 0.0117579 0.0654758 0.0806368 0.0950745 0.0932961 0.1050784 0.0920926 0.0912811 0.0714456 0.0702039 0.0918682 0.1062830 0.1196951 0.1348708 0.1180456 0.1052233 0.1187632 0.1689667 0.7072476 0.1340961 0.1483653 -0.0604316 -0.0713790 -0.0906400 -0.1001207 -0.0781146 -0.0937218 -0.0683293 -0.0898035 -0.0806227 -0.0601973 -0.0857798 -0.0794835 -0.0830615 -0.0936615 -0.1060150 -0.0922047 -0.0695416 -0.0903015 -0.0708318
-0.0284059 -0.0270340 -0.0107184 -0.0449465 -0.0133231 -0.0227716 -0.0329844 -0.0393480 -0.0165134 -0.0207227 -0.0861295 -0.0774781 -0.0889358 -0.0838740 -0.0903210 -0.0672173 -0.0826424 -0.0761203 -0.0839081 -0.0795792 -0.0081297 -0.0033560 -0.0170505 -0.0008772 -0.0222837 -0.0295313 -0.0114564 -0.0155668 0.0042002 -0.0114389 0.1084092 0.0653737 0.0830644 0.0774288 0.0924226 0.0788609 0.1105075 0.0576923 0.0696864 0.0673168 0.1531738 0.1308582 0.1462557 0.1287025 0.1144968 0.1194709 0.1567579 0.1340961 0.6390947 0.1639323 -0.0632950 -0.0575810 -0.0820029 -0.0996178 -0.0720327 -0.0800953 -0.0787366 -0.0767269 -0.0592313 -0.0709452 -0.0606505 -0.0819127 -0.0764055 -0.0747688 -0.0890983 -0.0769434 -0.0732810 -0.0993640 -0.0678376
-0.0261971 -0.0020708 -0.0339340 -0.0519080 -0.0155195 -0.0296647 -0.0287145 -0.0474822 -0.0156469 -0.0418570 -0.0794310 -0.0776704 -0.0697019 -0.0836211 -0.0927633 -0.0873218 -0.0639134 -0.0773235 -0.0747812 -0.0827640 -0.0035114 -0.0010146 -0.0173779 0.0332476 0.0001594 -0.0084861 -0.0117745 -0.0025227 -0.0037187 0.0074458 0.0783695 0.1068683 0.0790354 0.0598633 0.0711046 0.0568377 0.0989585 0.0762580 0.0790807 0.0847904 0.1241347 0.1207907 0.1497975 0.1431969 0.1416838 0.1104447 0.1414236 0.1483653 0.1639323 0.6339030 -0.0715952 -0.0718404 -0.0862607 -0.0817817 -0.0856527 -0.0768034 -0.0758699 -0.0694042 -0.0840365 -0.0730901 -0.0810285 -0.0810733 -0.0849165 -0.0868944 -0.0954634 -0.0804128 -0.0665953 -0.0857863 -0.0750339
-0.0139810 -0.0330106 -0.0246720 -0.0062692 -0.0128994 -0.0133699 -0.0119875 0.0012276 -0.0381903 -0.0389819 0.0315230 0.0292236 -0.0211219 0.0433247 0.0033730 0.0399464 -0.0035908 0.0662131 -0.0244935 -0.0108553 -0.0368541 -0.0138667 -0.0065256 -0.0483383 -0.0046268 -0.0084982 -0.0278922 -0.0438504 -0.0552164 -0.0247590 -0.0696915 -0.0627533 -0.0553958 -0.0742439 -0.0646391 -0.0732592 -0.0591456 -0.0505413 -0.0311773 -0.0755986 -0.0568938 -0.0706005 -0.0702781 -0.0591413 -0.0549001 -0.0481423 -0.0815921 -0.0604316 -0.0632950 -0.0715952 0.8304149 0.1959486 0.0392659 0.0038767 0.0392491 0.0281297 -0.0031666 0.0087806 0.0990113 0.0713050 -0.0272733 0.0267897 0.0712839 0.0998245 0.0989910 0.0780460 0.0000661 0.0022536 0.0624547
-0.0358719 -0.0320040 -0.0017241 -0.0322872 0.0161205 -0.0587614 -0.0045271 -0.0022071 -0.0354552 -0.0542538 0.0449885 0.0220190 -0.0223433 0.0509428 0.0139525 0.0510044 -0.0253330 0.0625036 -0.0474163 -0.0197558 -0.0090753 -0.0103801 -0.0290437 -0.0207223 -0.0243561 -0.0035069 -0.0333100 -0.0480585 -0.0613381 -0.0441379 -0.0802329 -0.0841262 -0.0684306 -0.0934998 -0.0335746 -0.0981540 -0.0481676 -0.0577019 -0.0509748 -0.0813198 -0.0694449 -0.0733651 -0.0578289 -0.0473464 -0.0173187 -0.0935303 -0.0902711 -0.0713790 -0.0575810 -0.0718404 0.1959486 0.9979151 0.0440947 0.0176899 0.1205597 0.0309574 -0.0096096 0.0409612 0.1045283 0.0557437 0.0198913 0.0290697 0.0375386 0.0682225 0.0982610 0.0411540 0.0255452 0.0042869 0.0590213
-0.0160082 -0.0347062 -0.0271541 -0.0439820 -0.0332760 -0.0441587 -0.0120054 0.0083849 -0.0236719 -0.0209386 0.0159661 0.0354535 0.0095884 -0.0069626 0.0355510 0.0080742 0.0273626 0.0687930 0.0733916 0.0196560 -0.0206694 -0.0333859 -0.0107266 -0.0525052 -0.0374978 -0.0282833 -0.0265609 -0.0328621 -0.0491361 -0.0519300 -0.0797460 -0.0675974 -0.0767483 -0.0815311 -0.0616873 -0.0719794 -0.0617983 -0.0792149 -0.0937335 -0.0773402 -0.0844419 -0.0728633 -0.0794436 -0.0818629 -0.0892342 -0.0768071 -0.0732161 -0.0906400 -0.0820029 -0.0862607 0.0392659 0.0440947 0.7484114 0.1162136 0.0271506 0.1383013 0.0664754 0.1020542 0.0521939 0.0517146 0.0907753 0.0606896 0.0425054 0.1123151 0.0468611 0.0694536 0.0386619 0.0829108 0.0189925
-0.0342748 -0.0260388 -0.0278174 -0.0431672 -0.0194688 -0.0267920 -0.0359016 -0.0399574 -0.0441338 -0.0161939 -0.0010939 0.0423050 0.0364473 -0.0073189 0.0787671 0.0017621 0.0448954 0.0144945 0.0553403 0.0677942 -0.0577363 -0.0300943 -0.0158856 -0.0427351 -0.0456030 -0.0456234 -0.0220736 -0.0377428 -0.0431302 -0.0371545 -0.0869334 -0.0553082 -0.0730182 -0.0309930 -0.0862791 -0.0704534 -0.0799084 -0.0206945 -0.0763885 -0.0779077 -0.0951894 -0.0834294 -0.0760654 -0.0783183 -0.0884659 -0.0866656 -0.0878257 -0.1001207 -0.0996178 -0.0817817 0.0038767 0.0176899 0.1162136 0.8202119 0.0339005 0.0828243 0.0897380 0.0634533 0.0473090 0.0241817 0.0823093 0.1037488 0.0346558 0.0807784 0.0157430 0.0993247 0.0926189 0.0912960 0.0693238
