    0.898057    0.0967646    0.0729458    0.0174662    0.0854369    0.0601265    0.0574575     0.056417    0.0816007    0.0514211   -0.0196992   -0.0113229   -0.0363544   -0.0642103  -0.00874433   -0.0506053  -0.00970796   -0.0519524    -0.068271   -0.0131997     0.037245 -0.000993057    0.0356357    0.0201423    0.0207762    0.0116124  -0.00743933    0.0135064    0.0246806    0.0234273   -0.0342476   -0.0194738   -0.0598875   -0.0447304   -0.0459604   -0.0471547   -0.0340565   -0.0484914    -0.036822   -0.0228839     -0.05625   -0.0135919   -0.0379995   -0.0313319   -0.0513782   -0.0388885   -0.0383418   -0.0555327   -0.0330372   -0.0575435   -0.0194491   -0.0556112    0.0144291   0.00367228   -0.0239374  -0.00689684   -0.0119084   -0.0129884   -0.0196993   -0.0446421   0.00377277   0.00759149   -0.0314286   -0.0212576   -0.0419081   -0.0154383   -0.0205149   -0.0374026   -0.0306466  -0.00784744   -0.0289303
   0.0967646     0.866773    0.0171007    0.0593564    0.0541993    0.0684804   0.00929789    0.0360533    0.0614657    0.0555645   -0.0385376   -0.0481572   -0.0451315   -0.0838774   -0.0175968   -0.0338285   -0.0345845   -0.0272863   0.00422521   -0.0266886    0.0613736   -0.0198582    0.0576975    0.0460929    0.0478251    0.0605743    0.0135595    0.0324784    0.0556986    0.0410114  -0.00385415   -0.0320663  -0.00413234   0.00972658   -0.0198988   -0.0274462   -0.0328132   -0.0182222  -0.00448541   -0.0314538   -0.0406636   0.00738024   -0.0496935   -0.0326233   -0.0467257   -0.0230289   -0.0284999   -0.0612301    -0.034816   -0.0291645   -0.0445303   -0.0333506   -0.0276274   -0.0382674   -0.0653165  -0.00919395  -0.00372374   -0.0309058   -0.0499592   -0.0367845   -0.0603762   -0.0306412   -0.0404615   -0.0505333   -0.0415372   -0.0239278   -0.0299282   -0.0549091    -0.032826   -0.0398427   -0.0267924
   0.0729458    0.0171007     0.857175     0.108817    0.0650451    0.0481471     0.114425     0.102455     0.072813    0.0535186   -0.0391917   -0.0553794  -0.00823319   -0.0319367   -0.0170699   -0.0475677  -0.00751858   -0.0527545   -0.0123671   -0.0354732    0.0173693     0.079299    0.0525855   0.00670878    0.0356686    0.0306696   -0.0155059    0.0249415    0.0280426      0.03292   -0.0216563   -0.0410127   -0.0460187   -0.0247128   -0.0621076   -0.0291088   -0.0391413   -0.0589329   -0.0413824    -0.012323   -0.0728682   -0.0561458   -0.0600546    -0.045405   -0.0564027   -0.0348857   -0.0795319   -0.0494081   -0.0563086   -0.0538374   -0.0208115  -0.00390937   -0.0119296   -0.0219616   -0.0132435   -0.0103038   -0.0222513   -0.0116431   -0.0231873   -0.0444784  -0.00497256   -0.0249692   -0.0462302   -0.0268502  -0.00115692   0.00957439   -0.0306472   -0.0397769   -0.0496846  0.000930266   -0.0148834
   0.0174662    0.0593564     0.108817      1.06084     0.046884    0.0514439      0.10152    0.0818405    0.0414044    0.0552766    -0.045053   -0.0125198   -0.0336493   -0.0453556   -0.0418209   -0.0275338   -0.0028545   -0.0649708    0.0498482   -0.0234494    0.0507814    0.0449767    0.0701419    0.0262775    0.0238869  -0.00931484  -0.00821288    0.0295075    0.0953504     0.045533   -0.0224024   -0.0406084   -0.0358232   -0.0484382   -0.0731337   -0.0237808   -0.0414139   -0.0418377   -0.0287168  -0.00895472   -0.0335028   -0.0580943   -0.0445485   -0.0231155   -0.0608467    -0.073519   -0.0902545   -0.0540666   -0.0832698   -0.0377548   -0.0330756   -0.0125962   -0.0106004   -0.0469337   -0.0340698   -0.0269002   -0.0621146   -0.0446067   -0.0533014   -0.0361803    -0.045961   -0.0246977   -0.0662648   -0.0364066  -0.00639965    0.0126319   -0.0476464   -0.0566374   -0.0104033    0.0147372   -0.0259695
   0.0854369    0.0541993    0.0650451     0.046884     0.947935    0.0452076    0.0284735    0.0125289    0.0374957    0.0309939   -0.0812859   -0.0215107   0.00412172   -0.0706908   0.00576483    0.0103903   -0.0448752   -0.0640695   -0.0634561   -0.0240234    0.0878967    0.0682478     0.046454    0.0717388    0.0315949   6.7861e-05    0.0366556    0.0025156     0.016154    0.0158421  -0.00110533   -0.0366257   -0.0240343   -0.0353852   -0.0344726   -0.0221999   -0.0371723    0.0140288  -0.00565345    -0.040164   -0.0659542    -0.013018   -0.0166887   -0.0173237    -0.043106   -0.0287444   -0.0438524    -0.051795   -0.0614596   -0.0471122    -0.025777   -0.0228703   -0.0106596  -0.00611326   -0.0470858   0.00660245   -0.0266999   -0.0329291    -0.016396   -0.0512159   -0.0629394   -0.0300537   -0.0484261   -0.0386441     -0.04098   -0.0188159   -0.0575074   -0.0459541   -0.0319337     -0.03089   -0.0202777
   0.0601265    0.0684804    0.0481471    0.0514439    0.0452076     0.872792    0.0341553    0.0709601    0.0450734     0.108311   -0.0752134   -0.0595681   -0.0266548   -0.0393622   -0.0447924   -0.0270757   -0.0167304   -0.0503074   -0.0629045   -0.0183289    0.0304026    0.0054052    0.0313033  -0.00228694    0.0122866    0.0605592    0.0465421   0.00640314    0.0373298    0.0551777  -0.00949459   -0.0429388   -0.0149624   -0.0374119   -0.0294733   -0.0105441    -0.028794   -0.0104938   -0.0276229    -0.027201   -0.0559461   -0.0256959   -0.0583883   -0.0127395   -0.0292697   -0.0329614   -0.0198911   -0.0312738   -0.0306058   -0.0280025   -0.0257578   -0.0287626   -0.0159858   -0.0366813   -0.0479608   -0.0135353  -0.00537702   -0.0276789   -0.0293638   -0.0370839   -0.0324982   -0.0147463   -0.0414567   -0.0497486   -0.0435704   -0.0331419   -0.0341046   -0.0368908   -0.0322741      0.01221   -0.0170004
   0.0574575   0.00929789     0.114425      0.10152    0.0284735    0.0341553     0.941541    0.0454962     0.106134    0.0413585   -0.0486952   -0.0548589     0.031106   -0.0415641   -0.0179532   -0.0336022   -0.0113349    -0.050522   -0.0295647    0.0290443    0.0162164    0.0514756    0.0360214    0.0146733    0.0272659    0.0119361   -0.0138392    0.0391708  -0.00187957   -0.0105589   -0.0200303   -0.0558296   -0.0501703   -0.0392412    -0.043166   -0.0331128   -0.0402136   -0.0420839   -0.0452171   -0.0424682   -0.0593391   -0.0610682   -0.0328432   -0.0366245   -0.0208938   -0.0355176   -0.0483592   -0.0435112   -0.0301371   -0.0282285   -0.0121917   -0.0179971   -0.0245349   -0.0430627   -0.0151974   -0.0229348   -0.0172933     0.013947   -0.0505399   -0.0349597   -0.0206097  -0.00325794    -0.029109   -0.0550719   -0.0237506   -0.0280444   -0.0446055   -0.0514782   -0.0421574    0.0157334   -0.0148799
    0.056417    0.0360533     0.102455    0.0818405    0.0125289    0.0709601    0.0454962     0.869063    0.0572051    0.0603668   -0.0382782   -0.0289523   -0.0207003   -0.0227634  -0.00488806    -0.011355   -0.0361942   -0.0212119    0.0170202  -0.00659224     0.039975    0.0315191     0.053905    0.0185373    0.0259111     0.039595 -0.000543423    0.0288308     0.056236    0.0424867    -0.011612   -0.0434318   -0.0147357   -0.0311096   -0.0364428   -0.0374585   -0.0434785   -0.0266417   -0.0307279   0.00126448   -0.0676385   -0.0518277   -0.0398568   -0.0548188   -0.0664849   -0.0425963   -0.0423651   -0.0615059   -0.0519679   -0.0753046    -0.015571   -0.0299904   -0.0301456    -0.057681   -0.0329391  -0.00875356   -0.0286294   -0.0205966   -0.0382181   -0.0368273   -0.0411331   -0.0266422   -0.0372571   -0.0376644   -0.0420717    -0.014328   -0.0294032   -0.0610935   -0.0389075    0.0113847   -0.0206913
   0.0816007    0.0614657     0.072813    0.0414044    0.0374957    0.0450734     0.106134    0.0572051     0.836528    0.0645237  -0.00799181   -0.0333184   -0.0129343   -0.0299955   0.00978358   -0.0462267   -0.0032745   -0.0488289     0.009884    0.0141304   0.00925667    0.0290119     0.039228 -0.000299151    0.0547588   0.00953524   0.00668663    0.0220979    0.0118516      0.03404    -0.025527   -0.0156632    0.0114081   -0.0311718   -0.0179015   -0.0168779   -0.0457963   -0.0493453   -0.0162895   -0.0271457    -0.050279   -0.0145177   -0.0308231   -0.0103889   -0.0399766   -0.0481465   -0.0165174   -0.0681165   -0.0309897   -0.0111284   -0.0532357   -0.0667328   -0.0161816   -0.0665275   -0.0687498   -0.0242564   -0.0199414   -0.0103861   -0.0729963   -0.0454356   -0.0580235    0.0216175   -0.0757969   -0.0422936   -0.0447112   -0.0186176   -0.0304813   -0.0858647   -0.0100539   -0.0126895   -0.0195719
   0.0514211    0.0555645    0.0535186    0.0552766    0.0309939     0.108311    0.0413585    0.0603668    0.0645237        0.946   -0.0260543   -0.0370357   -0.0352007   -0.0248195   -0.0467417   -0.0200337   -0.0399636   -0.0508221   0.00152027   0.00569894   -0.0107937   -0.0387303    0.0118802    -0.012854    0.0389377     0.047031   -0.0127666    0.0254185    0.0629724    0.0581669   -0.0207696  -0.00752017   -0.0103146   -0.0163962   -0.0253495   -0.0182167   -0.0167119   -0.0287121   -0.0320706   0.00049865   -0.0263127   -0.0339314   -0.0510225   -0.0125624    -0.036361   -0.0336899   -0.0303496    -0.043616   -0.0251312   -0.0643797   -0.0235187   -0.0589776  -0.00231124    -0.051172   -0.0476162   0.00286668   -0.0151577   -0.0318674   -0.0686118   -0.0261729   -0.0574151   -0.0111238    -0.064089   -0.0496829    -0.064183   -0.0378066   -0.0429429    -0.031877   -0.0320644   -0.0289898   -0.0356708
  -0.0196992   -0.0385376   -0.0391917    -0.045053   -0.0812859   -0.0752134   -0.0486952   -0.0382782  -0.00799181   -0.0260543      1.11258     0.245912     0.139632     0.130562     0.150447     0.111525     0.134968     0.163516     0.126912    0.0802498   -0.0442614   -0.0392149   -0.0554279   -0.0619723    0.0199944   -0.0677629   0.00803424   0.00860053   -0.0371585   -0.0508057    -0.142954   -0.0945385     -0.11963     -0.13806    -0.124488    -0.132174    -0.129115     -0.15777    -0.151794   -0.0997073    -0.115471    -0.133079    -0.117168     -0.12429    -0.109132    -0.103255   -0.0984059    -0.132139    -0.102041    -0.133945    0.0434212    0.0455156    0.0339365  -0.00821336    0.0451385    0.0268911     0.010056    0.0134021    0.0884783    0.0730463    0.0217086    0.0571666    0.0452662    0.0733591    0.0877133    0.0891738     0.102774      0.01557    0.0460258      0.03133    0.0547863
  -0.0113229   -0.0481572   -0.0553794   -0.0125198   -0.0215107   -0.0595681   -0.0548589   -0.0289523   -0.0333184   -0.0370357     0.245912      1.10506     0.139275      0.11877     0.102212     0.153102    0.0992635     0.133031    0.0942273    0.0728687   0.00696642   -0.0462899      -0.0597   -0.0208591  -0.00884408   -0.0901551    0.0209036   -0.0545707   -0.0296796   -0.0400502   -0.0861555     -0.10358    -0.109057    -0.108195   -0.0935384    -0.114453    -0.111356   -0.0939171   -0.0895316    -0.120503    -0.100773    -0.089122    -0.132682    -0.101367   -0.0959133    -0.122484    -0.110297    -0.115428    -0.123836    -0.105107  -0.00477363    0.0299309    0.0501643    0.0335416    0.0391785    0.0422284    0.0471325  -0.00917317    0.0744459    0.0176834    0.0148729   0.00481258    0.0424766    0.0393124    0.0298627     0.111788    0.0459022    0.0260552    0.0182775    0.0103984   -0.0133928
  -0.0363544   -0.0451315  -0.00823319   -0.0336493   0.00412172   -0.0266548     0.031106   -0.0207003   -0.0129343   -0.0352007     0.139632     0.139275      1.07448    0.0993003     0.219448    0.0443673     0.144243     0.047624     0.173049     0.159325    0.0189219  -0.00472136   0.00819498    -0.027851   -0.0367194   -0.0502569    0.0194714   -0.0200951    -0.025297   -0.0574497    -0.121333    -0.128626     -0.11335    -0.125763    -0.115728    -0.110341    -0.132741    -0.107861    -0.110564    -0.113188    -0.125291    -0.132366     -0.11146    -0.143274   -0.0957977    -0.109009      -0.1007   -0.0960588    -0.115831    -0.111052    0.0182736   -0.0067161    0.0309044    0.0314964   0.00868132    0.0345841    0.0638045    0.0573523    0.0132695   -0.0176765    0.0250852    0.0358711    0.0319894    0.0223484   0.00510777    0.0222119    0.0092719   0.00676331    0.0469923    0.0632232    0.0506064
  -0.0642103   -0.0838774   -0.0319367   -0.0453556   -0.0706908   -0.0393622   -0.0415641   -0.0227634   -0.0299955   -0.0248195     0.130562      0.11877    0.0993003      1.22116    0.0728716     0.206605    0.0621769     0.117317    0.0984007     0.102746   -0.0425609    -0.011512   -0.0749072   -0.0454072   -0.0503932   -0.0315931   -0.0160802   -0.0566281   -0.0362674    0.0404359    -0.126821   -0.0927442    -0.102348    -0.150374   -0.0697051    -0.106481   -0.0977188    -0.122924    -0.118481    -0.109267   -0.0776891   -0.0880963    -0.108691    -0.118541    -0.103521   -0.0946761   -0.0924036   -0.0842919   -0.0892374    -0.118839    0.0599959    0.0206116   -0.0237737  0.000394111    0.0640827    0.0368015    0.0428122    0.0893104    0.0546271    0.0212369    0.0730656  -0.00516386    0.0129815    0.0171006   -0.0168953    0.0513632    0.0770453  -0.00371154     0.070103    0.0304658    0.0341034
 -0.00874433   -0.0175968   -0.0170699   -0.0418209   0.00576483   -0.0447924   -0.0179532  -0.00488806   0.00978358   -0.0467417     0.150447     0.102212     0.219448    0.0728716      1.00659     0.100983      0.16362    0.0710716     0.157895     0.167687     0.010803  -0.00199304   -0.0213869   -0.0290825   -0.0185997   -0.0168293   0.00285343   -0.0288095   -0.0377195   -0.0238005    -0.136531    -0.134074     -0.13817    -0.112601    -0.121346    -0.135256    -0.129676    -0.126298    -0.119538    -0.134723    -0.132741    -0.126561    -0.119342    -0.122061    -0.112588    -0.110937    -0.133277    -0.135558    -0.120766    -0.144517   -0.0137677   -0.0115926    0.0740126    0.0686672   -0.0195213    0.0954711    0.0757254    0.0720658    0.0309202  -0.00226102    0.0206011    0.0585723    0.0230275     0.025139    0.0222091  -0.00117441    0.0305969    0.0235205    0.0963626    0.0479031    0.0726122
  -0.0506053   -0.0338285   -0.0475677   -0.0275338    0.0103903   -0.0270757   -0.0336022    -0.011355   -0.0462267   -0.0200337     0.111525     0.153102    0.0443673     0.206605     0.100983      1.03129    0.0870613      0.13402    0.0554375     0.090285   -0.0179081    -0.063232   -0.0427627   -0.0263168   -0.0622183   -0.0247849   -0.0227656   -0.0564043   -0.0304686   -0.0289586   -0.0838524    -0.100685   -0.0871394    -0.119485   -0.0895966     -0.11109    -0.104104   -0.0673429   -0.0953972   -0.0758847    -0.125842   -0.0827602    -0.126485     -0.10005    -0.119685    -0.107383   -0.0921935    -0.118694    -0.132775    -0.134964    0.0489237    0.0103995    0.0407123    0.0185772    0.0837026    0.0609655    0.0525268    0.0127997    0.0556321    0.0528425    0.0408396     0.018953    0.0209937    0.0495032    0.0582614    0.0923845    0.0611633   0.00938519    0.0489865   -0.0252684    0.0384992
 -0.00970796   -0.0345845  -0.00751858   -0.0028545   -0.0448752   -0.0167304   -0.0113349   -0.0361942   -0.0032745   -0.0399636     0.134968    0.0992635     0.144243    0.0621769      0.16362    0.0870613     0.934269    0.0802937     0.181818     0.123678   -0.0176687   -0.0198592   -0.0309344   -0.0142923    -0.031046   -0.0533541   -0.0126569    -0.041816   -0.0214116   -0.0516782    -0.114175   -0.0971703    -0.121879    -0.115969    -0.122851    -0.119103    -0.106881    -0.116029    -0.116438   -0.0903451    -0.102811     -0.12726   -0.0887088    -0.111435    -0.114129   -0.0855632    -0.094895    -0.112424    -0.121925    -0.114429    0.0273847   0.00378804    0.0359876    0.0239258   0.00507208      0.10024    0.0501627    0.0497651    0.0594196    0.0406902    0.0208345    0.0782663  -0.00304875    0.0419944     0.017648    0.0387658    0.0414891   -0.0129078    0.0468956    0.0627694    0.0397327
  -0.0519524   -0.0272863   -0.0527545   -0.0649708   -0.0640695   -0.0503074    -0.050522   -0.0212119   -0.0488289   -0.0508221     0.163516     0.133031     0.047624     0.117317    0.0710716      0.13402    0.0802937     0.931108    0.0729559    0.0731508   -0.0387325   -0.0319646   -0.0413102   -0.0367344   -0.0222668   -0.0294358    0.0021972   -0.0336122   -0.0188826  -0.00569022    -0.122768   -0.0997069    -0.096271    -0.114753    -0.111885    -0.102354     -0.10994    -0.116158     -0.10417    -0.109111    -0.117357   -0.0992907    -0.117493    -0.102176   -0.0903181    -0.116388   -0.0844793   -0.0992375   -0.0953142    -0.108433    0.0409424     0.044145    0.0469311    0.0647269    0.0721177    0.0319793    0.0625086    0.0201355    0.0928799     0.096155    0.0435353    0.0334986    0.0549052     0.047783    0.0673281      0.10892    0.0783033    0.0894217    0.0571047    0.0417989    0.0208265
   -0.068271   0.00422521   -0.0123671    0.0498482   -0.0634561   -0.0629045   -0.0295647    0.0170202     0.009884   0.00152027     0.126912    0.0942273     0.173049    0.0984007     0.157895    0.0554375     0.181818    0.0729559      1.27477     0.156491   -0.0179312   -0.0431686   -0.0775399    0.0124002   -0.0382435   -0.0444307    0.0139638   -0.0205722    0.0503759   -0.0270368    -0.124672     -0.10564    -0.112136   -0.0699013    -0.109796    -0.120266    -0.120702   -0.0970815     -0.10431    -0.103373    -0.107726    -0.115873    -0.132626     -0.14325    -0.146738    -0.143975    -0.120355     -0.13731    -0.106121   -0.0874705    0.0349527  -0.00489089    0.0303974     0.090312   -0.0228864    0.0811996     0.084028    0.0498634   -0.0331446   0.00282734   -0.0114935    0.0591072    -0.039372   -0.0434195     0.012312   -0.0185082    0.0111355   -0.0294345    0.0499867     0.062936    0.0297136
  -0.0131997   -0.0266886   -0.0354732   -0.0234494   -0.0240234   -0.0183289    0.0290443  -0.00659224    0.0141304   0.00569894    0.0802498    0.0728687     0.159325     0.102746     0.167687     0.090285     0.123678    0.0731508     0.156491      1.01452    -0.014428   -0.0433077   -0.0198633 -0.000260038   0.00749075   -0.0225969    0.0366425  -0.00116914    0.0133527   -0.0201339    -0.114582   -0.0999491    -0.118429    -0.119689   -0.0839855    -0.100516   -0.0951366   -0.0934413    -0.122385    -0.120929    -0.128063   -0.0786373     -0.12148    -0.110054     -0.11372    -0.102459   -0.0923247    -0.096738    -0.103491    -0.116059   -0.0183966   -0.0435752  -0.00793599    0.0417651    -0.021607    0.0739269     0.094701    0.0617215    0.0116386    -0.019367  -0.00754222    0.0561473   0.00210184  -0.00930082   -0.0160022    -0.029027    0.0202377    -0.010118    0.0800797    0.0548873    0.0247689
    0.037245    0.0613736    0.0173693    0.0507814    0.0878967    0.0304026    0.0162164     0.039975   0.00925667   -0.0107937   -0.0442614   0.00696642    0.0189219   -0.0425609     0.010803   -0.0179081   -0.0176687   -0.0387325   -0.0179312    -0.014428     0.804166     0.104967     0.105805    0.0794217    0.0598365    0.0124267    0.0458896     0.021353    0.0392679    0.0573064   -0.0637536    -0.057371   -0.0688235   -0.0822741   -0.0478574   -0.0536937    -0.063074   -0.0487774   -0.0439887   -0.0466158   -0.0352272   -0.0234995   -0.0405435  -0.00732401   -0.0209595   -0.0500018   -0.0294825    -0.048841   -0.0646239  -0.00536823   -0.0306837   -0.0115791    -0.024044   -0.0166771   -0.0408764   -0.0276676   0.00844934   -0.0103827   -0.0245399   -0.0624642   -0.0345926   -0.0225284   -0.0331909   -0.0305458   -0.0174653   0.00105678   -0.0559987     -0.02589    0.0164675   -0.0316169   -0.0217725
-0.000993057   -0.0198582     0.079299    0.0449767    0.0682478    0.0054052    0.0514756    0.0315191    0.0290119   -0.0387303   -0.0392149   -0.0462899  -0.00472136    -0.011512  -0.00199304    -0.063232   -0.0198592   -0.0319646   -0.0431686   -0.0433077     0.104967     0.778167    0.0723361    0.0912666    0.0401331    0.0558169    0.0406625    0.0545523     0.046816    0.0690205    -0.058932   -0.0528705   -0.0549128   -0.0935114   -0.0546886   -0.0505206   -0.0641171   -0.0603899   -0.0650023   -0.0623426   -0.0200436   -0.0302539   -0.0181173   -0.0045144    0.0135027  -0.00889995   -0.0239702    0.0139991   -0.0337526   -0.0124768   -0.0104251 -0.000429475   -0.0191778   -0.0173316   -0.0239525    0.0129706   -0.0253411   -0.0223366   -0.0245278   -0.0233959    -0.046388  -0.00800072   -0.0348139   -0.0393445   -0.0189737    -0.035171   -0.0367965   -0.0154713   -0.0385216  -0.00831851  -0.00306845
   0.0356357    0.0576975    0.0525855    0.0701419     0.046454    0.0313033    0.0360214     0.053905     0.039228    0.0118802   -0.0554279      -0.0597   0.00819498   -0.0749072   -0.0213869   -0.0427627   -0.0309344   -0.0413102   -0.0775399   -0.0198633     0.105805    0.0723361     0.779569    0.0723978    0.0493822  -0.00149092     0.048153    0.0135905    0.0763552    0.0310068   -0.0505572   -0.0526905   -0.0660874   -0.0546794   -0.0381103   -0.0205365   -0.0482381   -0.0566003   -0.0354564   -0.0567457   -0.0385713   -0.0335349   -0.0263324    0.0240864   -0.0365119   -0.0431433   -0.0284379   -0.0288402   -0.0360407   -0.0318925   -0.0269454  -0.00573835   -0.0165624   -0.0269247   -0.0233752   -0.0100028   -0.0164037   -0.0114426   -0.0258283   -0.0198626   -0.0227429   0.00149677   -0.0219898   0.00155842  -0.00404561   -0.0301612     -0.03516   -0.0450509   -0.0354418  -0.00981713   0.00231218
   0.0201423    0.0460929   0.00670878    0.0262775    0.0717388  -0.00228694    0.0146733    0.0185373 -0.000299151    -0.012854   -0.0619723   -0.0208591    -0.027851   -0.0454072   -0.0290825   -0.0263168   -0.0142923   -0.0367344    0.0124002 -0.000260038    0.0794217    0.0912666    0.0723978     0.810306    0.0299106    0.0542706    0.0692366    0.0328811     0.073628    0.0725237   -0.0501876    -0.053923   -0.0600694   -0.0631646   -0.0592539   -0.0242527   -0.0620839   -0.0416398   -0.0285386   -0.0741398    -0.045377   -0.0493878   -0.0477626   -0.0162245  -0.00564181  -0.00953709   -0.0149641   -0.0249482   -0.0446021   -0.0132084   -0.0302562    0.0286963    -0.006167    0.0268071   -0.0561609   -0.0228501   0.00404797   -0.0245684   -0.0119338   -0.0322267  -0.00711908   -0.0476976   -0.0143965   -0.0300274   -0.0131696   -0.0295339   -0.0463949   -0.0149579   0.00639926  -0.00877074   -0.0111448
   0.0207762    0.0478251    0.0356686    0.0238869    0.0315949    0.0122866    0.0272659    0.0259111    0.0547588    0.0389377    0.0199944  -0.00884408   -0.0367194   -0.0503932   -0.0185997   -0.0622183    -0.031046   -0.0222668   -0.0382435   0.00749075    0.0598365    0.0401331    0.0493822    0.0299106     0.839651    0.0831018    0.0546271    0.0742003    0.0680543    0.0757635   -0.0503214   -0.0527642   -0.0652492   -0.0533681   -0.0418391   -0.0260139   -0.0532139   -0.0358447   -0.0565953   -0.0487774   -0.0497576   -0.0439788   -0.0509635   -0.0382607   -0.0577522 -0.000667829    -0.019807   -0.0537899    -0.026375   -0.0454586   0.00592609   -0.0131128   -0.0157133   -0.0231422   -0.0308219  -0.00736659   -0.0271819   -0.0554918  -0.00568983   -0.0191079   -0.0489664   -0.0216344   -0.0266688   -0.0121366   -0.0338638    -0.022667   -0.0318906   -0.0221827   -0.0110936   -0.0264337   -0.0118278
   0.0116124    0.0605743    0.0306696  -0.00931484   6.7861e-05    0.0605592    0.0119361     0.039595   0.00953524     0.047031   -0.0677629   -0.0901551   -0.0502569   -0.0315931   -0.0168293   -0.0247849   -0.0533541   -0.0294358   -0.0444307   -0.0225969    0.0124267    0.0558169  -0.00149092    0.0542706    0.0831018     0.931153    0.0509432    0.0610693    0.0791202     0.112024  -0.00931372   -0.0560239   -0.0326939   -0.0283806   -0.0550097   -0.0184729   -0.0246854   -0.0238012   -0.0525091   -0.0515972   -0.0202116   -0.0823832   -0.0240773   -0.0495137   -0.0450348    0.0179924  -0.00931993   -0.0204322    -0.021589   -0.0590095  0.000472748    -0.014486    -0.021532   -0.0167223   -0.0313221   -0.0025354    0.0287173   -0.0423279   -0.0511541   -0.0294854   -0.0281872   -0.0417194   -0.0237984   -0.0147421   -0.0496687   -0.0603962   -0.0618076   -0.0322586   0.00329469  -0.00317686   0.00539691
 -0.00743933    0.0135595   -0.0155059  -0.00821288    0.0366556    0.0465421   -0.0138392 -0.000543423   0.00668663   -0.0127666   0.00803424    0.0209036    0.0194714   -0.0160802   0.00285343   -0.0227656   -0.0126569    0.0021972    0.0139638    0.0366425    0.0458896    0.0406625     0.048153    0.0692366    0.0546271    0.0509432     0.769076    0.0313205    0.0491464    0.0319852    -0.049881   -0.0476969   -0.0508447   -0.0370122   -0.0484486   -0.0491901   -0.0674742   -0.0323809   -0.0381856   -0.0570479   -0.0519348   -0.0428613   -0.0465735   -0.0291324   -0.0141837   -0.0209076   -0.0248531   -0.0354829   -0.0545646   -0.0514657   -0.0159623    0.0048626   -0.0167546   0.00897409    -0.026107    -0.011324  -0.00525903   -0.0472012   -0.0144457    -0.025405   -0.0186698   0.00222197   -0.0198919   0.00245627   -0.0118449    -0.032543   -0.0280785  -0.00572388   -0.0158537     -0.01229  -0.00735092
   0.0135064    0.0324784    0.0249415    0.0295075    0.0025156   0.00640314    0.0391708    0.0288308    0.0220979    0.0254185   0.00860053   -0.0545707   -0.0200951   -0.0566281   -0.0288095   -0.0564043    -0.041816   -0.0336122   -0.0205722  -0.00116914     0.021353    0.0545523    0.0135905    0.0328811    0.0742003    0.0610693    0.0313205     0.828419    0.0742487    0.0982111   -0.0336025   -0.0305863   -0.0200662   -0.0329493  -0.00469033    -0.031375   -0.0267196   -0.0675078   -0.0335859   -0.0329768    0.0117238   -0.0119634   0.00102998  -0.00567749    -0.018994    0.0152761  -0.00542429    -0.029317    -0.025395   -0.0132874    -0.015761   -0.0249185    -0.011634    -0.052666   -0.0447886   -0.0516249   -0.0250329   -0.0573296   -0.0522609   -0.0294038    -0.055223   -0.0194278    -0.041043   -0.0236718   -0.0505201   -0.0051962   -0.0303967   -0.0420872   -0.0318219   0.00436992   -0.0363539
   0.0246806    0.0556986    0.0280426    0.0953504     0.016154    0.0373298  -0.00187957     0.056236    0.0118516    0.0629724   -0.0371585   -0.0296796    -0.025297   -0.0362674   -0.0377195   -0.0304686   -0.0214116   -0.0188826    0.0503759    0.0133527    0.0392679     0.046816    0.0763552     0.073628    0.0680543    0.0791202    0.0491464    0.0742487      0.92325     0.122132   -0.0620428   -0.0555226   -0.0310049   -0.0445216   -0.0627469   -0.0246318   -0.0450206   -0.0148295   -0.0290384   -0.0365164   0.00873188   -0.0516504    -0.031161   -0.0273506   -0.0609669   -0.0300855   -0.0105024   -0.0222413     -0.02893   -0.0249783   -0.0446642   -0.0464514   -0.0403413   -0.0353395   -0.0510554   -0.0157034   -0.0236921    -0.052518   -0.0674485   -0.0547545   -0.0789028   -0.0350832    -0.062488   -0.0534598   -0.0446141   -0.0574814   -0.0760426   -0.0776046   -0.0433544   -0.0189732   -0.0180701
   0.0234273    0.0410114      0.03292     0.045533    0.0158421    0.0551777   -0.0105589    0.0424867      0.03404    0.0581669   -0.0508057   -0.0400502   -0.0574497    0.0404359   -0.0238005   -0.0289586   -0.0516782  -0.00569022   -0.0270368   -0.0201339    0.0573064    0.0690205    0.0310068    0.0725237    0.0757635     0.112024    0.0319852    0.0982111     0.122132     0.832122   -0.0627319   -0.0504571    -0.041882   -0.0552741   -0.0315814   -0.0586414   -0.0333367   -0.0607305   -0.0505948   -0.0443998   0.00355101   -0.0164818   -0.0337078   -0.0169362   -0.0186743   -0.0447213  -0.00566085   -0.0114138   -0.0193654  -0.00571371    -0.012927   -0.0195441    -0.041391   -0.0476569   -0.0258623    -0.038519   -0.0207874   -0.0591287   -0.0451761   -0.0351282   -0.0525829    -0.064152   -0.0448371   -0.0506641   -0.0388578   -0.0110291    -0.051888    -0.038424   -0.0230463   -0.0332723    -0.029138
  -0.0342476  -0.00385415   -0.0216563   -0.0224024  -0.00110533  -0.00949459   -0.0200303    -0.011612    -0.025527   -0.0207696    -0.142954   -0.0861555    -0.121333    -0.126821    -0.136531   -0.0838524    -0.114175    -0.122768    -0.124672    -0.114582   -0.0637536    -0.058932   -0.0505572   -0.0501876   -0.0503214  -0.00931372    -0.049881   -0.0336025   -0.0620428   -0.0627319       0.9554      0.14336     0.188808     0.188574     0.136434      0.15708     0.218423     0.207968     0.189638     0.173388     0.143479     0.140979     0.199779     0.114225     0.184436      0.13528     0.146985     0.173673     0.127419     0.149474   -0.0831877   -0.0920148   -0.0915826    -0.114364   -0.0928696    -0.111299    -0.103244    -0.126557    -0.104711   -0.0913602   -0.0875898   -0.0961302    -0.112192   -0.0861239    -0.101229    -0.102391    -0.105409    -0.111613    -0.120815    -0.121619    -0.103172
  -0.0194738   -0.0320663   -0.0410127   -0.0406084   -0.0366257   -0.0429388   -0.0558296   -0.0434318   -0.0156632  -0.00752017   -0.0945385     -0.10358    -0.128626   -0.0927442    -0.134074    -0.100685   -0.0971703   -0.0997069     -0.10564   -0.0999491    -0.057371   -0.0528705   -0.0526905    -0.053923   -0.0527642   -0.0560239   -0.0476969   -0.0305863   -0.0555226   -0.0504571      0.14336      0.92011     0.157167     0.176264     0.174865     0.151862     0.162193     0.121593     0.212192     0.128412     0.173552     0.181219     0.155871     0.125114    0.0991471    0.0921075     0.162011     0.111196     0.131449     0.165162   -0.0859039   -0.0814471   -0.0729786   -0.0930543   -0.0650678    -0.105692    -0.116733   -0.0985981   -0.0898402   -0.0552811   -0.0818727   -0.0669684   -0.0916947   -0.0731996    -0.056618   -0.0523441   -0.0757153   -0.0888424   -0.0933816   -0.0997637   -0.0891182
  -0.0598875  -0.00413234   -0.0460187   -0.0358232   -0.0240343   -0.0149624   -0.0501703   -0.0147357    0.0114081   -0.0103146     -0.11963    -0.109057     -0.11335    -0.102348     -0.13817   -0.0871394    -0.121879    -0.096271    -0.112136    -0.118429   -0.0688235   -0.0549128   -0.0660874   -0.0600694   -0.0652492   -0.0326939   -0.0508447   -0.0200662   -0.0310049    -0.041882     0.188808     0.157167     0.934106     0.195058      0.15645     0.166522     0.207977     0.168172     0.188385     0.194299     0.138838     0.112367     0.170624    0.0918544     0.138586      0.14462     0.139542     0.132682     0.106804     0.177204   -0.0608064   -0.0764603    -0.078574    -0.118532   -0.0761092    -0.114454    -0.105454   -0.0945333   -0.0961871   -0.0794236   -0.0889775     -0.11075    -0.098428   -0.0792981   -0.0981268   -0.0912095     -0.08645   -0.0885674   -0.0979983    -0.122928    -0.105646
  -0.0447304   0.00972658   -0.0247128   -0.0484382   -0.0353852   -0.0374119   -0.0392412   -0.0311096   -0.0311718   -0.0163962     -0.13806    -0.108195    -0.125763    -0.150374    -0.112601    -0.119485    -0.115969    -0.114753   -0.0699013    -0.119689   -0.0822741   -0.0935114   -0.0546794   -0.0631646   -0.0533681   -0.0283806   -0.0370122   -0.0329493   -0.0445216   -0.0552741     0.188574     0.176264     0.195058     0.999939     0.139009     0.157747     0.197641     0.225694     0.200551     0.238433     0.142732     0.114685     0.187734     0.115532     0.130792     0.150223     0.127976      0.17155     0.145695     0.102647   -0.0737572   -0.0905201    -0.102482   -0.0789546    -0.101668    -0.111017    -0.105829    -0.086242     -0.10942    -0.096611    -0.103672    -0.105662   -0.0783477   -0.0752391    -0.101633    -0.107448   -0.0923686    -0.112895    -0.102039    -0.101607   -0.0842322
  -0.0459604   -0.0198988   -0.0621076   -0.0731337   -0.0344726   -0.0294733    -0.043166   -0.0364428   -0.0179015   -0.0253495    -0.124488   -0.0935384    -0.115728   -0.0697051    -0.121346   -0.0895966    -0.122851    -0.111885    -0.109796   -0.0839855   -0.0478574   -0.0546886   -0.0381103   -0.0592539   -0.0418391   -0.0550097   -0.0484486  -0.00469033   -0.0627469   -0.0315814     0.136434     0.174865      0.15645     0.139009      0.91834     0.134222     0.160843     0.136725     0.150884     0.160999     0.173686     0.208047      0.14579     0.131109     0.129205     0.123863     0.151694     0.130139      0.17575     0.153102   -0.0883461   -0.0879549   -0.0791043   -0.0964509   -0.0641021    -0.102355   -0.0930671   -0.0819749     -0.10378   -0.0687193   -0.0832466    -0.073948   -0.0892918   -0.0819734   -0.0897763    -0.071594   -0.0776783   -0.0800523     -0.11384   -0.0978079   -0.0893601
  -0.0471547   -0.0274462   -0.0291088   -0.0237808   -0.0221999   -0.0105441   -0.0331128   -0.0374585   -0.0168779   -0.0182167    -0.132174    -0.114453    -0.110341    -0.106481    -0.135256     -0.11109    -0.119103    -0.102354    -0.120266    -0.100516   -0.0536937   -0.0505206   -0.0205365   -0.0242527   -0.0260139   -0.0184729   -0.0491901    -0.031375   -0.0246318   -0.0586414      0.15708     0.151862     0.166522     0.157747     0.134222     0.908706     0.165445     0.191971     0.155894     0.206939     0.126115     0.116209     0.135669     0.104246       0.1338     0.132552     0.116812      0.15451     0.124844     0.114291   -0.0670803   -0.0668648   -0.0763073    -0.107709   -0.0741275    -0.113156   -0.0920832    -0.112137   -0.0840618   -0.0698412   -0.0804562    -0.110168   -0.0724159   -0.0556093   -0.0803524   -0.0849176   -0.0926711   -0.0771063    -0.104784    -0.106126   -0.0797472
  -0.0340565   -0.0328132   -0.0391413   -0.0414139   -0.0371723    -0.028794   -0.0402136   -0.0434785   -0.0457963   -0.0167119    -0.129115    -0.111356    -0.132741   -0.0977188    -0.129676    -0.104104    -0.106881     -0.10994    -0.120702   -0.0951366    -0.063074   -0.0641171   -0.0482381   -0.0620839   -0.0532139   -0.0246854   -0.0674742   -0.0267196   -0.0450206   -0.0333367     0.218423     0.162193     0.207977     0.197641     0.160843     0.165445       0.9044     0.149744     0.184811     0.185488     0.174578      0.14523     0.170555     0.111293     0.145979     0.142905     0.119884     0.149273     0.156058     0.148553   -0.0797822   -0.0798489    -0.105235   -0.0955128   -0.0700768    -0.103157   -0.0958746   -0.0924872   -0.0912834   -0.0936123   -0.0903021   -0.0878043    -0.083502   -0.0879631   -0.0982246    -0.105167   -0.0890433   -0.0846725    -0.101536    -0.113773   -0.0963878
  -0.0484914   -0.0182222   -0.0589329   -0.0418377    0.0140288   -0.0104938   -0.0420839   -0.0266417   -0.0493453   -0.0287121     -0.15777   -0.0939171    -0.107861    -0.122924    -0.126298   -0.0673429    -0.116029    -0.116158   -0.0970815   -0.0934413   -0.0487774   -0.0603899   -0.0566003   -0.0416398   -0.0358447   -0.0238012   -0.0323809   -0.0675078   -0.0148295   -0.0607305     0.207968     0.121593     0.168172     0.225694     0.136725     0.191971     0.149744      1.03488     0.161522     0.173685     0.122754    0.0881048     0.133858    0.0797425     0.158885       0.1435     0.146782     0.142852     0.129611     0.107145   -0.0686809   -0.0705939   -0.0749181   -0.0626606   -0.0786146   -0.0900804   -0.0932069    -0.101576   -0.0844077    -0.102639   -0.0875712    -0.102777   -0.0782313    -0.078205   -0.0820791    -0.114356   -0.0988109   -0.0949205     -0.10918    -0.109946   -0.0860961
   -0.036822  -0.00448541   -0.0413824   -0.0287168  -0.00565345   -0.0276229   -0.0452171   -0.0307279   -0.0162895   -0.0320706    -0.151794   -0.0895316    -0.110564    -0.118481    -0.119538   -0.0953972    -0.116438     -0.10417     -0.10431    -0.122385   -0.0439887   -0.0650023   -0.0354564   -0.0285386   -0.0565953   -0.0525091   -0.0381856   -0.0335859   -0.0290384   -0.0505948     0.189638     0.212192     0.188385     0.200551     0.150884     0.155894     0.184811     0.161522     0.945847      0.16014     0.181088     0.161667     0.167384     0.121191     0.105872     0.119432     0.113656     0.145293     0.102313     0.150498    -0.100796   -0.0791192   -0.0923846   -0.0938673   -0.0925278    -0.101417    -0.106874   -0.0967107    -0.100887   -0.0735869   -0.0927369   -0.0798551   -0.0945675   -0.0960666   -0.0835724   -0.0825163   -0.0928016   -0.0874723     -0.09677    -0.106888   -0.0906528
  -0.0228839   -0.0314538    -0.012323  -0.00895472    -0.040164    -0.027201   -0.0424682   0.00126448   -0.0271457   0.00049865   -0.0997073    -0.120503    -0.113188    -0.109267    -0.134723   -0.0758847   -0.0903451    -0.109111    -0.103373    -0.120929   -0.0466158   -0.0623426   -0.0567457   -0.0741398   -0.0487774   -0.0515972   -0.0570479   -0.0329768   -0.0365164   -0.0443998     0.173388     0.128412     0.194299     0.238433     0.160999     0.206939     0.185488     0.173685      0.16014     0.917533     0.149877     0.106271     0.124146     0.111548     0.109126     0.136017      0.11965      0.13514     0.103208     0.115783    -0.036551   -0.0748057     -0.10866    -0.105308   -0.0767255    -0.111406   -0.0971516    -0.103897    -0.098696   -0.0711811   -0.0866446   -0.0860304   -0.0913072   -0.0901389   -0.0966325   -0.0865044   -0.0709457   -0.0956818    -0.106722   -0.0665674   -0.0912791
    -0.05625   -0.0406636   -0.0728682   -0.0335028   -0.0659542   -0.0559461   -0.0593391   -0.0676385    -0.050279   -0.0263127    -0.115471    -0.100773    -0.125291   -0.0776891    -0.132741    -0.125842    -0.102811    -0.117357    -0.107726    -0.128063   -0.0352272   -0.0200436   -0.0385713    -0.045377   -0.0497576   -0.0202116   -0.0519348    0.0117238   0.00873188   0.00355101     0.143479     0.173552     0.138838     0.142732     0.173686     0.126115     0.174578     0.122754     0.181088     0.149877      1.01466     0.151219     0.178179     0.167672     0.195995     0.130747     0.159827     0.169135     0.190903      0.19855    -0.073109   -0.0753444    -0.132751    -0.118551   -0.0914126    -0.133588    -0.106495   -0.0937981   -0.0841829   -0.0762268   -0.0975585    -0.100357   -0.0751804    -0.104295   -0.0935696    -0.111372   -0.0927191    -0.119381    -0.100903    -0.108479   -0.0989505
  -0.0135919   0.00738024   -0.0561458   -0.0580943    -0.013018   -0.0256959   -0.0610682   -0.0518277   -0.0145177   -0.0339314    -0.133079    -0.089122    -0.132366   -0.0880963    -0.126561   -0.0827602     -0.12726   -0.0992907    -0.115873   -0.0786373   -0.0234995   -0.0302539   -0.0335349   -0.0493878   -0.0439788   -0.0823832   -0.0428613   -0.0119634   -0.0516504   -0.0164818     0.140979     0.181219     0.112367     0.114685     0.208047     0.116209      0.14523    0.0881048     0.161667     0.106271     0.151219     0.867664     0.165313     0.190211     0.144821     0.106797     0.164725     0.127115     0.162725     0.189063   -0.0956099   -0.0929397   -0.0967003    -0.076509   -0.0646296   -0.0968493    -0.107141   -0.0533121   -0.0783955     -0.06276   -0.0829926   -0.0737212   -0.0886276   -0.0796511   -0.0953513   -0.0859628   -0.0757231    -0.081841     -0.10553    -0.100716   -0.0959748
  -0.0379995   -0.0496935   -0.0600546   -0.0445485   -0.0166887   -0.0583883   -0.0328432   -0.0398568   -0.0308231   -0.0510225    -0.117168    -0.132682     -0.11146    -0.108691    -0.119342    -0.126485   -0.0887088    -0.117493    -0.132626     -0.12148   -0.0405435   -0.0181173   -0.0263324   -0.0477626   -0.0509635   -0.0240773   -0.0465735   0.00102998    -0.031161   -0.0337078     0.199779     0.155871     0.170624     0.187734      0.14579     0.135669     0.170555     0.133858     0.167384     0.124146     0.178179     0.165313     0.978095     0.149684     0.176025     0.199579     0.167165     0.179753     0.185727     0.196739   -0.0974067   -0.0799371    -0.117911    -0.106917   -0.0869955    -0.135453    -0.132291   -0.0976018    -0.085166    -0.116918   -0.0890743    -0.103905    -0.097238    -0.073056     -0.10709    -0.120462    -0.104541    -0.103661    -0.107881    -0.112133   -0.0926001
