    0.982095    0.0439198    0.0161497   0.00371101  0.000892866    0.0118455   0.00738399    0.0136147  -0.00186533     0.016778   -0.0241238    -0.023358    -0.025856    -0.021705   -0.0233011   -0.0247269   -0.0272981   -0.0243826   -0.0294395   -0.0267701  -0.00910866  -0.00730275   -0.0080098  -0.00467523   -0.0112844   -0.0091653   -0.0101435  -0.00544511   -0.0117171  -0.00998224   -0.0101867  -0.00826958   -0.0117328  -0.00785686  -0.00980705  -0.00938338   -0.0104949  -0.00993642   -0.0116615  -0.00875415   -0.0135365   -0.0146016   -0.0116508   -0.0123671   -0.0144472   -0.0146954   -0.0135197   -0.0120472   -0.0128944   -0.0132657    -0.023463   -0.0175737   -0.0252922    -0.031932   -0.0267674   -0.0297931   -0.0283607    -0.027525   -0.0254645   -0.0282245   -0.0291578   -0.0221831   -0.0247568   -0.0281909   -0.0259342   -0.0273814   -0.0281685   -0.0295876   -0.0165113
   0.0439198      1.00316  -0.00106226   0.00523243    0.0023194    0.0131655    0.0155209     0.017337   9.8864e-05    0.0159818   -0.0279364   -0.0264869   -0.0256487   -0.0276109   -0.0226939   -0.0254077   -0.0292357    -0.021985   -0.0292932    -0.027121   -0.0103887   -0.0109474  -0.00527011  -0.00626256   -0.0107662   -0.0106091   -0.0106783  -0.00712221   -0.0103554    -0.012353  -0.00857697  -0.00992503  -0.00961925  -0.00573001  -0.00596661  -0.00931697   -0.0101605   -0.0103771   -0.0114561   -0.0116268  -0.00862845  -0.00945642   -0.0103422    -0.010464   -0.0124983   -0.0119269   -0.0113698   -0.0107647   -0.0115135   -0.0100673   -0.0263969   -0.0175779   -0.0244645   -0.0315187   -0.0307422   -0.0315387   -0.0292067   -0.0283828   -0.0298597   -0.0279054   -0.0336895   -0.0280868   -0.0278869   -0.0298612   -0.0234727   -0.0263695   -0.0283967    -0.027925   -0.0178476
   0.0161497  -0.00106226      1.00167   0.00171278    0.0107211  -0.00320149   0.00216139     0.130632  -0.00108603   0.00471325    -0.028436   -0.0276581   -0.0263907   -0.0303757   -0.0282007   -0.0280108   -0.0280824   -0.0271014   -0.0269232   -0.0226851   -0.0111988   -0.0111313  -0.00991772   -0.0061719   -0.0108783   -0.0094531   -0.0101254  -0.00770566  -0.00789599   -0.0122621  -0.00709242  -0.00909253   -0.0119817   -0.0121239   -0.0125337    -0.012146  -0.00941485  -0.00793465    -0.011837   -0.0103056   -0.0138803   -0.0136532   -0.0123933  -0.00865927   -0.0104698   -0.0100582   -0.0148176   -0.0122035   -0.0137811   -0.0137105   -0.0229182   -0.0349815   -0.0326964   -0.0296134   -0.0331029   -0.0312541   -0.0230491   -0.0313229   -0.0280325    -0.028195   -0.0276794   -0.0262924   -0.0304952   -0.0286399   -0.0318466   -0.0234336   -0.0328525   -0.0280618   -0.0270185
  0.00371101   0.00523243   0.00171278     0.991007   0.00907007    0.0136934   0.00263736  0.000163278   0.00820527   0.00585826   -0.0283419   -0.0280786   -0.0259913   -0.0279921   -0.0317798   -0.0302901   -0.0251069    -0.029607   -0.0242983   -0.0247625  -0.00355955  -0.00879055  -0.00652934   -0.0059574  -0.00918795  -0.00363869  -0.00112109  -0.00657454  -0.00473061   -0.0077657    -0.006875  -0.00419245   -0.0106508  -0.00528162  -0.00859904   -0.0053133  -0.00572506   -0.0085866  -0.00857213  -0.00593649  -0.00830936   -0.0114871   -0.0110619  -0.00817038  -0.00864968   -0.0092155  -0.00951679  -0.00784491  -0.00965395  -0.00829932   -0.0319781   -0.0260734   -0.0247126   -0.0307602   -0.0270965    -0.030066    -0.027945   -0.0259756   -0.0276739   -0.0271947   -0.0288296   -0.0269626   -0.0284719   -0.0308129   -0.0250908   -0.0256315   -0.0241803   -0.0279824   -0.0238971
 0.000892866    0.0023194    0.0107211   0.00907007     0.990768   0.00972604  0.000590895   0.00631307    0.0075727   0.00193732   -0.0260275   -0.0253208   -0.0251655   -0.0265424     -0.02656   -0.0268404   -0.0221804   -0.0230762   -0.0256236   -0.0234662  -0.00526155   -0.0075499  -0.00325881  -0.00350553   -0.0106469  -0.00689908  -0.00463745  -0.00812903  -0.00390325  -0.00536609  -0.00652787  -0.00352693  -0.00552875  -0.00668374  -0.00506889  -0.00923332  -0.00476338  -0.00645239  -0.00759039  -0.00716987   -0.0078241  -0.00964204   -0.0126456  -0.00838049  -0.00973721   -0.0102719  -0.00723715   -0.0105226   -0.0105385  -0.00852598   -0.0336672   -0.0320661   -0.0225671   -0.0290447   -0.0303187   -0.0304973   -0.0285023   -0.0288052   -0.0253191   -0.0264602   -0.0301966   -0.0239542    -0.021908   -0.0345932   -0.0321331   -0.0308079   -0.0255965   -0.0264529   -0.0289149
   0.0118455    0.0131655  -0.00320149    0.0136934   0.00972604      1.00316   0.00406344   0.00700677     0.013672    0.0109027   -0.0270143   -0.0270562   -0.0303089   -0.0279507   -0.0300999   -0.0290287   -0.0235832    -0.027185   -0.0293074   -0.0271198   -0.0101883  -0.00799716   -0.0101844    -0.005334  -0.00873575  -0.00313601  -0.00506804  -0.00671914  -0.00825792  -0.00997648   -0.0064292  -0.00625446  -0.00377653  -0.00452247  -0.00306345  -0.00420236  -0.00242155  -0.00540652  -0.00667251  -0.00578216  -0.00800285   -0.0100875   -0.0075648  -0.00943679  -0.00685296  -0.00657994   -0.0075194  -0.00942524    -0.010376  -0.00952845    -0.035612   -0.0281695    -0.027624   -0.0307668    -0.029476   -0.0294779   -0.0287856   -0.0276533   -0.0296226   -0.0289234   -0.0358103   -0.0277153   -0.0295866   -0.0291595   -0.0280738   -0.0334783   -0.0319466   -0.0290203   -0.0242035
  0.00738399    0.0155209   0.00216139   0.00263736  0.000590895   0.00406344     0.992444    0.0103506   0.00560331   0.00789247   -0.0245838   -0.0279162   -0.0216903   -0.0232844   -0.0244715   -0.0222129    -0.026525   -0.0202463   -0.0268803   -0.0269313  -0.00612932   -0.0050067  -0.00983239  -0.00839433  -0.00973679  -0.00610001  -0.00308954    -0.006437   -0.0113802  -0.00564156  -0.00843071  -0.00971846   -0.0101747   -0.0083067  -0.00945935  -0.00955557  -0.00653069   -0.0107845  -0.00849249  -0.00690305   -0.0135537   -0.0101115  -0.00802602   -0.0112493  -0.00904584   -0.0104399  -0.00857689  -0.00838799  -0.00929866  -0.00952796   -0.0240911     -0.02244   -0.0260412   -0.0273331   -0.0294755   -0.0300441   -0.0299355   -0.0280031   -0.0271704   -0.0272097   -0.0292874    -0.028798   -0.0268004   -0.0304133   -0.0254478   -0.0288818   -0.0294485   -0.0262799   -0.0262112
   0.0136147     0.017337     0.130632  0.000163278   0.00631307   0.00700677    0.0103506     0.985824 -0.000793802  -0.00370189   -0.0322028   -0.0295549   -0.0289669   -0.0303355    -0.027118   -0.0308488   -0.0306398   -0.0314298   -0.0294374   -0.0254043   -0.0126353  -0.00962805   -0.0101702   -0.0066178   -0.0120274   -0.0100251   -0.0147632   -0.0106218  -0.00973485   -0.0120994  -0.00910742  -0.00546134  -0.00742012  -0.00925943  -0.00637737  -0.00656267  -0.00905643  -0.00446725  -0.00578469  -0.00527535  -0.00801836  -0.00962905  -0.00954602   -0.0082545  -0.00267807  -0.00793506   -0.0104931  -0.00571519  -0.00864221  -0.00598076   -0.0262425   -0.0359071    -0.032214   -0.0304949   -0.0340453   -0.0332797   -0.0271379   -0.0355859    -0.032802   -0.0319384   -0.0329299   -0.0284686   -0.0334976   -0.0349647   -0.0306215   -0.0282017   -0.0340439   -0.0312261   -0.0307953
 -0.00186533   9.8864e-05  -0.00108603   0.00820527    0.0075727     0.013672   0.00560331 -0.000793802     0.993075   -0.0013768   -0.0254692   -0.0250471   -0.0294223   -0.0272463   -0.0224247   -0.0284014   -0.0160513   -0.0219629   -0.0238041   -0.0206674   -0.0112659  -0.00562231  -0.00551217  -0.00575581  -0.00400532  -0.00345136  -0.00267843  -0.00748396  -0.00332996  -0.00191694   -0.0133128  -0.00910077    -0.009488  -0.00640042  -0.00730906   -0.0112261  -0.00755999   -0.0100509  -0.00731966   -0.0109396   -0.0134851   -0.0101248   -0.0106874  -0.00843289   -0.0105023   -0.0159717  -0.00965644   -0.0115049   -0.0154293   -0.0136838   -0.0330843   -0.0267509   -0.0206806   -0.0229616   -0.0301233   -0.0291435    -0.024869   -0.0260441   -0.0244953   -0.0250128   -0.0314014   -0.0234313   -0.0192348   -0.0277743   -0.0229033   -0.0282118   -0.0254322   -0.0263712   -0.0289133
    0.016778    0.0159818   0.00471325   0.00585826   0.00193732    0.0109027   0.00789247  -0.00370189   -0.0013768     0.996442   -0.0273474   -0.0246321   -0.0250877   -0.0269321   -0.0238762   -0.0199534   -0.0282998   -0.0242337   -0.0278495   -0.0274048  -0.00487332  -0.00593334   -0.0046037  -0.00254927   -0.0087154  -0.00718552  -0.00640954  -0.00507684  -0.00952347  -0.00521964  -0.00930558   -0.0093983  -0.00781341   -0.0112537  -0.00785108  -0.00727972  -0.00818944  -0.00841835  -0.00788267   -0.0108493   -0.0101365   -0.0103973  -0.00891882  -0.00790878   -0.0130174   -0.0105349   -0.0109412   -0.0106747  -0.00851351   -0.0137485   -0.0302352   -0.0223822   -0.0275312   -0.0316513   -0.0315961    -0.027969   -0.0310953   -0.0282068   -0.0270055   -0.0318558   -0.0235099   -0.0264912   -0.0307211   -0.0300053   -0.0250124   -0.0249162   -0.0263454    -0.024588   -0.0263952
  -0.0241238   -0.0279364    -0.028436   -0.0283419   -0.0260275   -0.0270143   -0.0245838   -0.0322028   -0.0254692   -0.0273474      1.06013    0.0850572    0.0325599    0.0393768    0.0282994    0.0412429    0.0290503    0.0308965     0.033496    0.0415053   -0.0183647   -0.0198235   -0.0156526   -0.0192239   -0.0191747   -0.0185991   -0.0151722   -0.0181446   -0.0137498    -0.015448   -0.0713379    -0.068597   -0.0680491   -0.0732634   -0.0703716   -0.0714413   -0.0688178   -0.0676538   -0.0693591   -0.0701055   -0.0647305   -0.0659835   -0.0706799   -0.0709124   -0.0685378    -0.068009     -0.06682   -0.0684745   -0.0685091    -0.068334    0.0174969    0.0182254    0.0208122    0.0186649    0.0170436    0.0189061    0.0204882    0.0176186    0.0242365    0.0220767     0.019381    0.0230365    0.0218024    0.0193849    0.0216118     0.024299    0.0180986    0.0208215    0.0264088
   -0.023358   -0.0264869   -0.0276581   -0.0280786   -0.0253208   -0.0270562   -0.0279162   -0.0295549   -0.0250471   -0.0246321    0.0850572      1.05888    0.0376927    0.0323895    0.0232102    0.0379489     0.027031    0.0375871    0.0287669    0.0395292   -0.0172948   -0.0202461   -0.0191792   -0.0161026   -0.0219952   -0.0192354   -0.0126903   -0.0187157   -0.0124868   -0.0226856   -0.0703217   -0.0693854   -0.0707263    -0.071449   -0.0683749    -0.068959     -0.07025   -0.0673123   -0.0688153   -0.0694724    -0.068853   -0.0648011   -0.0682155   -0.0705122   -0.0696778    -0.067612   -0.0659487   -0.0673888   -0.0675836    -0.068703    0.0161976    0.0202723    0.0235738    0.0202783    0.0193642    0.0191034    0.0229529    0.0182329    0.0221717    0.0196176    0.0191042    0.0232191    0.0207117    0.0161452    0.0218624    0.0275461    0.0188782    0.0227666    0.0290661
   -0.025856   -0.0256487   -0.0263907   -0.0259913   -0.0251655   -0.0303089   -0.0216903   -0.0289669   -0.0294223   -0.0250877    0.0325599    0.0376927      1.06611     0.046066    0.0277117    0.0330912    0.0309279    0.0278736    0.0330478    0.0299713   -0.0148336   -0.0134087   -0.0176962   -0.0184797   -0.0157822   -0.0126331   -0.0201877   -0.0175546   -0.0166852    -0.015601   -0.0723565   -0.0705416   -0.0704396   -0.0702994   -0.0685988   -0.0692852   -0.0713832    -0.069653   -0.0677421   -0.0689565   -0.0670709   -0.0659674   -0.0672329   -0.0671572   -0.0672853   -0.0653838   -0.0706749   -0.0700964   -0.0664196   -0.0696931    0.0314281    0.0271763    0.0212201    0.0197836    0.0202055    0.0248742    0.0283854    0.0202548    0.0171042    0.0188976     0.023752    0.0236655    0.0230902    0.0226094    0.0241756    0.0242917    0.0189517     0.022864    0.0211948
   -0.021705   -0.0276109   -0.0303757   -0.0279921   -0.0265424   -0.0279507   -0.0232844   -0.0303355   -0.0272463   -0.0269321    0.0393768    0.0323895     0.046066      1.06912    0.0336739     0.030279    0.0266515    0.0406053    0.0259505    0.0312082   -0.0185557   -0.0158832   -0.0173375    -0.017414    -0.015397   -0.0160081   -0.0178845   -0.0169423   -0.0172353   -0.0180831   -0.0701325   -0.0714188   -0.0747878   -0.0691367   -0.0700663   -0.0687667   -0.0686504   -0.0742855   -0.0708866   -0.0712729   -0.0662718   -0.0669139   -0.0646977   -0.0679496   -0.0645595    -0.066166   -0.0685681   -0.0679225   -0.0704298   -0.0696238    0.0306544    0.0218517    0.0238134    0.0269229    0.0195602    0.0264042    0.0270136    0.0219976    0.0209568    0.0225583    0.0219516    0.0230555    0.0240291     0.018255    0.0265711     0.023966    0.0191872    0.0235581     0.018464
  -0.0233011   -0.0226939   -0.0282007   -0.0317798     -0.02656   -0.0300999   -0.0244715    -0.027118   -0.0224247   -0.0238762    0.0282994    0.0232102    0.0277117    0.0336739        1.059    0.0391652    0.0303907    0.0333102     0.025092    0.0304747   -0.0146732   -0.0196871   -0.0165784    -0.021196   -0.0159951   -0.0175036   -0.0175098   -0.0164087   -0.0179748    -0.017906   -0.0710338   -0.0678996   -0.0703807   -0.0693037   -0.0678902   -0.0686389   -0.0682876   -0.0689877   -0.0663978   -0.0670696   -0.0632382   -0.0683213   -0.0660492   -0.0682002   -0.0660948   -0.0662109   -0.0697698   -0.0627732   -0.0679951   -0.0648338    0.0300897    0.0257376    0.0275267    0.0256692    0.0207014    0.0254963    0.0247078    0.0212989    0.0203649    0.0199915    0.0232331    0.0264071    0.0302084     0.018706    0.0283191    0.0227669    0.0202604    0.0255739    0.0196998
  -0.0247269   -0.0254077   -0.0280108   -0.0302901   -0.0268404   -0.0290287   -0.0222129   -0.0308488   -0.0284014   -0.0199534    0.0412429    0.0379489    0.0330912     0.030279    0.0391652      1.07796    0.0317459    0.0315563    0.0385445    0.0301726   -0.0148907   -0.0189797   -0.0105846   -0.0164342    -0.017711   -0.0127847   -0.0183564   -0.0164616   -0.0201851    -0.016161   -0.0691909   -0.0693547    -0.068114   -0.0709994   -0.0708899    -0.068734   -0.0725782   -0.0690754   -0.0713993   -0.0688954   -0.0649014    -0.067597   -0.0717735   -0.0682617   -0.0702937   -0.0665402   -0.0692709   -0.0688009   -0.0684936   -0.0708276    0.0250088    0.0247096    0.0228506    0.0220242    0.0194413     0.024057    0.0230036    0.0237629    0.0164032    0.0231563     0.022269    0.0175551    0.0224622    0.0174659    0.0208239    0.0245703    0.0229464    0.0238357    0.0218418
  -0.0272981   -0.0292357   -0.0280824   -0.0251069   -0.0221804   -0.0235832    -0.026525   -0.0306398   -0.0160513   -0.0282998    0.0290503     0.027031    0.0309279    0.0266515    0.0303907    0.0317459      1.09067     0.027988    0.0260032      0.03761   -0.0185112    -0.016044   -0.0201938   -0.0218952   -0.0192864   -0.0110341   -0.0152001   -0.0199831   -0.0154504   -0.0171913   -0.0758649   -0.0684493   -0.0704388   -0.0702003   -0.0669955   -0.0712149   -0.0711489   -0.0743319   -0.0713352    -0.068335   -0.0672972   -0.0661037   -0.0658154   -0.0695694   -0.0705249   -0.0684096   -0.0679642   -0.0669788   -0.0651232   -0.0675891    0.0222871    0.0123855    0.0270916     0.033286     0.026111    0.0281105    0.0260847     0.023531    0.0227979    0.0213131    0.0159016    0.0298663    0.0363109    0.0200762    0.0238891    0.0185662    0.0250669    0.0274339    0.0118527
  -0.0243826    -0.021985   -0.0271014    -0.029607   -0.0230762    -0.027185   -0.0202463   -0.0314298   -0.0219629   -0.0242337    0.0308965    0.0375871    0.0278736    0.0406053    0.0333102    0.0315563     0.027988      1.07089    0.0262547    0.0297881   -0.0177892   -0.0134871   -0.0164314   -0.0160858    -0.017969    -0.014001   -0.0173345   -0.0184851   -0.0185216    -0.018642   -0.0683631   -0.0685018   -0.0710778   -0.0676871   -0.0706549   -0.0692925   -0.0689397   -0.0663824   -0.0716567   -0.0678166   -0.0673351   -0.0672868   -0.0662435   -0.0671827   -0.0663881   -0.0675676   -0.0670696   -0.0675602    -0.064574   -0.0650562     0.024241    0.0265101    0.0243569    0.0258799    0.0223347    0.0252404    0.0209098    0.0207195    0.0214224    0.0180396    0.0209733    0.0190539    0.0250475    0.0171425    0.0244545    0.0239278    0.0187856    0.0192489     0.020176
  -0.0294395   -0.0292932   -0.0269232   -0.0242983   -0.0256236   -0.0293074   -0.0268803   -0.0294374   -0.0238041   -0.0278495     0.033496    0.0287669    0.0330478    0.0259505     0.025092    0.0385445    0.0260032    0.0262547      1.07427    0.0274836   -0.0103278   -0.0160396   -0.0163581   -0.0151257   -0.0139479   -0.0160575   -0.0144445   -0.0130255   -0.0172204   -0.0179041   -0.0697147   -0.0703628   -0.0690701   -0.0654278   -0.0694252   -0.0703029   -0.0682849   -0.0672026   -0.0671749   -0.0699294   -0.0669386    -0.065612   -0.0666567   -0.0665001   -0.0658463   -0.0630625   -0.0681754   -0.0669413   -0.0663416   -0.0687356     0.024347    0.0235924    0.0188462    0.0257246    0.0232555    0.0212708    0.0260639    0.0229598    0.0228939    0.0149326    0.0216099     0.026917    0.0265889    0.0193098     0.025537    0.0233032    0.0223115     0.023208    0.0282547
  -0.0267701    -0.027121   -0.0226851   -0.0247625   -0.0234662   -0.0271198   -0.0269313   -0.0254043   -0.0206674   -0.0274048    0.0415053    0.0395292    0.0299713    0.0312082    0.0304747    0.0301726      0.03761    0.0297881    0.0274836      1.06484   -0.0209528   -0.0187308   -0.0191656   -0.0161916    -0.017849   -0.0163055   -0.0152831   -0.0161239    -0.014508   -0.0180162   -0.0691406   -0.0673939   -0.0685917   -0.0670794   -0.0687363   -0.0690803   -0.0669601   -0.0674527   -0.0684789   -0.0690956   -0.0648444   -0.0647496    -0.067451   -0.0667618   -0.0676365   -0.0646567    -0.066498   -0.0654143   -0.0651625   -0.0637729    0.0173379    0.0180543     0.021564     0.020221    0.0168614    0.0251396    0.0217459    0.0220334    0.0190577    0.0220503    0.0185178     0.021165    0.0266031    0.0173172    0.0225096     0.022387    0.0219944    0.0207082    0.0190162
 -0.00910866   -0.0103887   -0.0111988  -0.00355955  -0.00526155   -0.0101883  -0.00612932   -0.0126353   -0.0112659  -0.00487332   -0.0183647   -0.0172948   -0.0148336   -0.0185557   -0.0146732   -0.0148907   -0.0185112   -0.0177892   -0.0103278   -0.0209528     0.995646   0.00225123   0.00415684   0.00309133  -0.00161188 -1.54391e-06  4.10543e-05   0.00587371   0.00283245   0.00190236   -0.0241393   -0.0230476    -0.019084   -0.0227926    -0.019969   -0.0201153   -0.0201445   -0.0181902   -0.0196977   -0.0242824   -0.0174989   -0.0212522   -0.0200356    -0.017315   -0.0202202   -0.0197551   -0.0194014    -0.014764   -0.0199914    -0.017865   -0.0100313  -0.00759138   -0.0183975   -0.0190759   -0.0200452   -0.0208344   -0.0187856   -0.0172439   -0.0226357   -0.0213566   -0.0156129   -0.0137988   -0.0174715   -0.0228543   -0.0165912   -0.0208989   -0.0205132   -0.0179789     -0.01255
 -0.00730275   -0.0109474   -0.0111313  -0.00879055   -0.0075499  -0.00799716   -0.0050067  -0.00962805  -0.00562231  -0.00593334   -0.0198235   -0.0202461   -0.0134087   -0.0158832   -0.0196871   -0.0189797    -0.016044   -0.0134871   -0.0160396   -0.0187308   0.00225123     0.996571   0.00154312   0.00204923   0.00637535    0.0054702   0.00266274  -0.00569403  4.36412e-05    0.0127975   -0.0234527   -0.0227804   -0.0196914   -0.0194953   -0.0236969   -0.0229205   -0.0222871    -0.022297   -0.0194923   -0.0201545   -0.0214566   -0.0169121   -0.0148087   -0.0183204   -0.0217943   -0.0200779   -0.0184275   -0.0202204   -0.0174876   -0.0217056   -0.0191369   -0.0175682   -0.0202351   -0.0139945   -0.0260255   -0.0210515   -0.0144739   -0.0170343   -0.0230319   -0.0176938   -0.0142091   -0.0180785   -0.0210679   -0.0245491   -0.0170819   -0.0148288   -0.0147403   -0.0222794   -0.0169004
  -0.0080098  -0.00527011  -0.00991772  -0.00652934  -0.00325881   -0.0101844  -0.00983239   -0.0101702  -0.00551217   -0.0046037   -0.0156526   -0.0191792   -0.0176962   -0.0173375   -0.0165784   -0.0105846   -0.0201938   -0.0164314   -0.0163581   -0.0191656   0.00415684   0.00154312      1.00019   0.00461798   0.00326143   0.00566561   0.00578214  -0.00101342   0.00469265   0.00866777   -0.0215118   -0.0197485   -0.0233855   -0.0226387   -0.0216736   -0.0195766   -0.0227254   -0.0202708   -0.0189999   -0.0238573   -0.0209633   -0.0224134   -0.0215164   -0.0190221   -0.0228541   -0.0260602   -0.0225494   -0.0229435   -0.0199534   -0.0209913    -0.012542   -0.0135051   -0.0170274   -0.0171522   -0.0210588   -0.0185633   -0.0167084   -0.0184559   -0.0190211   -0.0140037   -0.0120334   -0.0227701   -0.0241317   -0.0208547   -0.0188767   -0.0168612   -0.0186648    -0.018614   -0.0159971
 -0.00467523  -0.00626256   -0.0061719   -0.0059574  -0.00350553    -0.005334  -0.00839433   -0.0066178  -0.00575581  -0.00254927   -0.0192239   -0.0161026   -0.0184797    -0.017414    -0.021196   -0.0164342   -0.0218952   -0.0160858   -0.0151257   -0.0161916   0.00309133   0.00204923   0.00461798      1.00536   0.00508731  -0.00101173  0.000310319   0.00479448   0.00643124   0.00266376   -0.0201144   -0.0195057   -0.0192102   -0.0194343   -0.0221909   -0.0209905   -0.0214249     -0.02248   -0.0200861   -0.0229274   -0.0182562   -0.0179783   -0.0237929   -0.0193266   -0.0202299    -0.019826   -0.0166626   -0.0187857   -0.0192964   -0.0200979   -0.0121095    -0.013924   -0.0202258   -0.0217104   -0.0228231   -0.0228599   -0.0195558   -0.0215166   -0.0221294   -0.0224364   -0.0207156    -0.017057    -0.022876   -0.0244984   -0.0157127   -0.0188675   -0.0206954   -0.0191843   -0.0114934
  -0.0112844   -0.0107662   -0.0108783  -0.00918795   -0.0106469  -0.00873575  -0.00973679   -0.0120274  -0.00400532   -0.0087154   -0.0191747   -0.0219952   -0.0157822    -0.015397   -0.0159951    -0.017711   -0.0192864    -0.017969   -0.0139479    -0.017849  -0.00161188   0.00637535   0.00326143   0.00508731      1.00828   0.00574343   -0.0016132   0.00569454   0.00249671   0.00536543    -0.019939    -0.018862   -0.0185997   -0.0194367   -0.0210017   -0.0203192   -0.0203922   -0.0176107   -0.0196178    -0.017894   -0.0192577   -0.0211615   -0.0219154   -0.0171983   -0.0185245   -0.0192331   -0.0189915   -0.0185055    -0.018225   -0.0184228   -0.0146975   -0.0234468   -0.0168973   -0.0153373   -0.0222969    -0.018897   -0.0169477   -0.0204954    -0.024497   -0.0177283    -0.019977   -0.0199094   -0.0234341   -0.0197286   -0.0196412   -0.0195163   -0.0164026    -0.019812   -0.0215514
  -0.0091653   -0.0106091   -0.0094531  -0.00363869  -0.00689908  -0.00313601  -0.00610001   -0.0100251  -0.00345136  -0.00718552   -0.0185991   -0.0192354   -0.0126331   -0.0160081   -0.0175036   -0.0127847   -0.0110341    -0.014001   -0.0160575   -0.0163055 -1.54391e-06    0.0054702   0.00566561  -0.00101173   0.00574343      1.00618   0.00406706   0.00150533   0.00504846   0.00321182   -0.0241849   -0.0259604   -0.0209355   -0.0233492   -0.0227242   -0.0223277   -0.0253762   -0.0228577   -0.0210441   -0.0231789   -0.0180583   -0.0224523   -0.0247969   -0.0223035   -0.0226621   -0.0209923   -0.0186385   -0.0239063   -0.0225261   -0.0232708   -0.0210832    -0.021112   -0.0163578   -0.0166832   -0.0182137   -0.0149283   -0.0157286   -0.0187728    -0.018141   -0.0183111   -0.0152356   -0.0246679   -0.0188333   -0.0230126   -0.0211344   -0.0155063   -0.0206886   -0.0149069   -0.0234415
  -0.0101435   -0.0106783   -0.0101254  -0.00112109  -0.00463745  -0.00506804  -0.00308954   -0.0147632  -0.00267843  -0.00640954   -0.0151722   -0.0126903   -0.0201877   -0.0178845   -0.0175098   -0.0183564   -0.0152001   -0.0173345   -0.0144445   -0.0152831  4.10543e-05   0.00266274   0.00578214  0.000310319   -0.0016132   0.00406706     0.999251   0.00274048   0.00257924   0.00452901   -0.0195711   -0.0200608   -0.0192173   -0.0222896   -0.0212153   -0.0199715   -0.0227892   -0.0211449   -0.0184951   -0.0209448   -0.0188877   -0.0207309   -0.0195317   -0.0219473   -0.0193267   -0.0200782   -0.0170345    -0.018467    -0.021286   -0.0203384   -0.0179074   -0.0174406   -0.0125691   -0.0178326   -0.0211817   -0.0202035   -0.0151947   -0.0184457   -0.0210993   -0.0189392   -0.0247287   -0.0146698   -0.0142862   -0.0256541    -0.017155   -0.0240092   -0.0216886   -0.0208439   -0.0139336
 -0.00544511  -0.00712221  -0.00770566  -0.00657454  -0.00812903  -0.00671914    -0.006437   -0.0106218  -0.00748396  -0.00507684   -0.0181446   -0.0187157   -0.0175546   -0.0169423   -0.0164087   -0.0164616   -0.0199831   -0.0184851   -0.0130255   -0.0161239   0.00587371  -0.00569403  -0.00101342   0.00479448   0.00569454   0.00150533   0.00274048      1.00582   0.00596016    0.0018073   -0.0203242    -0.020732   -0.0212375   -0.0206516   -0.0183652   -0.0234139   -0.0197914   -0.0197907   -0.0198651   -0.0204646   -0.0197837   -0.0194474   -0.0208748    -0.022638   -0.0208926   -0.0217802   -0.0210887   -0.0203124   -0.0234736   -0.0220694   -0.0133042   -0.0137596   -0.0173397   -0.0211762   -0.0186635   -0.0227172   -0.0213534   -0.0167053   -0.0228556   -0.0188092   -0.0153653   -0.0156256   -0.0237101   -0.0225027    -0.015725   -0.0187046   -0.0197164   -0.0201555   -0.0123242
  -0.0117171   -0.0103554  -0.00789599  -0.00473061  -0.00390325  -0.00825792   -0.0113802  -0.00973485  -0.00332996  -0.00952347   -0.0137498   -0.0124868   -0.0166852   -0.0172353   -0.0179748   -0.0201851   -0.0154504   -0.0185216   -0.0172204    -0.014508   0.00283245  4.36412e-05   0.00469265   0.00643124   0.00249671   0.00504846   0.00257924   0.00596016      1.01769   0.00627046    -0.024255   -0.0231755   -0.0253556   -0.0218426   -0.0261891    -0.025145   -0.0223395   -0.0237494   -0.0241923   -0.0238017   -0.0186293   -0.0207692   -0.0236347   -0.0232355   -0.0229954   -0.0211149   -0.0163851   -0.0232678   -0.0233024   -0.0214495   -0.0155587   -0.0172874    -0.020028   -0.0206261   -0.0158584   -0.0147938   -0.0170721   -0.0203058   -0.0166059   -0.0239007   -0.0199353   -0.0133151   -0.0133808   -0.0187518   -0.0216581   -0.0249917   -0.0221569    -0.017049   -0.0106865
 -0.00998224    -0.012353   -0.0122621   -0.0077657  -0.00536609  -0.00997648  -0.00564156   -0.0120994  -0.00191694  -0.00521964    -0.015448   -0.0226856    -0.015601   -0.0180831    -0.017906    -0.016161   -0.0171913    -0.018642   -0.0179041   -0.0180162   0.00190236    0.0127975   0.00866777   0.00266376   0.00536543   0.00321182   0.00452901    0.0018073   0.00627046       1.0119   -0.0227937   -0.0216107   -0.0224825   -0.0224647   -0.0210354   -0.0197489   -0.0207268   -0.0238183   -0.0180611   -0.0236998   -0.0190734   -0.0200822   -0.0166942   -0.0203892    -0.020304   -0.0194434   -0.0192123   -0.0203202   -0.0218979   -0.0172464    -0.013605   -0.0206337   -0.0178825   -0.0158655   -0.0275042   -0.0243139   -0.0185026   -0.0213266   -0.0233342   -0.0193567   -0.0201872   -0.0184672   -0.0177243   -0.0192301   -0.0165162   -0.0206382    -0.017443   -0.0219065   -0.0187149
  -0.0101867  -0.00857697  -0.00709242    -0.006875  -0.00652787   -0.0064292  -0.00843071  -0.00910742   -0.0133128  -0.00930558   -0.0713379   -0.0703217   -0.0723565   -0.0701325   -0.0710338   -0.0691909   -0.0758649   -0.0683631   -0.0697147   -0.0691406   -0.0241393   -0.0234527   -0.0215118   -0.0201144    -0.019939   -0.0241849   -0.0195711   -0.0203242    -0.024255   -0.0227937     0.971079    0.0843914    0.0804508    0.0786041    0.0800029    0.0846566    0.0812248    0.0811044    0.0798958    0.0828588    0.0680261    0.0706969    0.0716255    0.0771935    0.0690077    0.0709051    0.0729739    0.0684823    0.0735008    0.0732467   -0.0738288   -0.0707269   -0.0765018   -0.0789471   -0.0732459   -0.0778021   -0.0761832   -0.0756517    -0.074541   -0.0735283   -0.0745251    -0.074932   -0.0755381   -0.0769962   -0.0743258    -0.077074    -0.076145    -0.075055   -0.0737667
 -0.00826958  -0.00992503  -0.00909253  -0.00419245  -0.00352693  -0.00625446  -0.00971846  -0.00546134  -0.00910077   -0.0093983    -0.068597   -0.0693854   -0.0705416   -0.0714188   -0.0678996   -0.0693547   -0.0684493   -0.0685018   -0.0703628   -0.0673939   -0.0230476   -0.0227804   -0.0197485   -0.0195057    -0.018862   -0.0259604   -0.0200608    -0.020732   -0.0231755   -0.0216107    0.0843914     0.957516    0.0793655    0.0810402    0.0832099    0.0835896    0.0822445    0.0797388     0.082246    0.0785196     0.067908     0.068286    0.0691734    0.0735072    0.0721024    0.0666472    0.0695978    0.0709458    0.0720112    0.0729873   -0.0750397   -0.0706509   -0.0753622   -0.0724946   -0.0749761    -0.079346   -0.0741791   -0.0740253   -0.0756162   -0.0726977   -0.0758947   -0.0725559   -0.0738237   -0.0772929   -0.0729277   -0.0768895   -0.0735705    -0.072518   -0.0763232
  -0.0117328  -0.00961925   -0.0119817   -0.0106508  -0.00552875  -0.00377653   -0.0101747  -0.00742012    -0.009488  -0.00781341   -0.0680491   -0.0707263   -0.0704396   -0.0747878   -0.0703807    -0.068114   -0.0704388   -0.0710778   -0.0690701   -0.0685917    -0.019084   -0.0196914   -0.0233855   -0.0192102   -0.0185997   -0.0209355   -0.0192173   -0.0212375   -0.0253556   -0.0224825    0.0804508    0.0793655     0.963975    0.0807957    0.0775411    0.0811923    0.0777061    0.0839568    0.0831058    0.0781969    0.0676342    0.0672306    0.0691595    0.0762361    0.0733622    0.0728481     0.071474    0.0744511    0.0746448     0.076833   -0.0781251   -0.0734898   -0.0773954    -0.075518   -0.0749777   -0.0781171   -0.0747472   -0.0725732   -0.0750511   -0.0750212   -0.0745984   -0.0734061   -0.0764157   -0.0778268   -0.0734693   -0.0723314   -0.0744712   -0.0729489   -0.0746482
 -0.00785686  -0.00573001   -0.0121239  -0.00528162  -0.00668374  -0.00452247   -0.0083067  -0.00925943  -0.00640042   -0.0112537   -0.0732634    -0.071449   -0.0702994   -0.0691367   -0.0693037   -0.0709994   -0.0702003   -0.0676871   -0.0654278   -0.0670794   -0.0227926   -0.0194953   -0.0226387   -0.0194343   -0.0194367   -0.0233492   -0.0222896   -0.0206516   -0.0218426   -0.0224647    0.0786041    0.0810402    0.0807957     0.961605    0.0818132    0.0827018    0.0792313    0.0837319    0.0784725    0.0785844    0.0680407    0.0654383    0.0663601    0.0716963    0.0714375    0.0682319    0.0692588    0.0715555    0.0715905    0.0734395   -0.0726743   -0.0708092   -0.0740409    -0.074982   -0.0768537   -0.0820991   -0.0747871   -0.0714519   -0.0714301   -0.0743713   -0.0750063     -0.07623   -0.0739003   -0.0760702   -0.0739676   -0.0738372   -0.0751902   -0.0722747   -0.0723681
 -0.00980705  -0.00596661   -0.0125337  -0.00859904  -0.00506889  -0.00306345  -0.00945935  -0.00637737  -0.00730906  -0.00785108   -0.0703716   -0.0683749   -0.0685988   -0.0700663   -0.0678902   -0.0708899   -0.0669955   -0.0706549   -0.0694252   -0.0687363    -0.019969   -0.0236969   -0.0216736   -0.0221909   -0.0210017   -0.0227242   -0.0212153   -0.0183652   -0.0261891   -0.0210354    0.0800029    0.0832099    0.0775411    0.0818132     0.960544     0.080267    0.0828556    0.0792567    0.0792121    0.0808756    0.0678575    0.0708894    0.0677374      0.07196     0.071097    0.0696424    0.0675558    0.0693443    0.0724066    0.0708422   -0.0744854   -0.0730557   -0.0716656   -0.0750616   -0.0727391   -0.0775873   -0.0753902   -0.0742974   -0.0761456   -0.0732532   -0.0758641   -0.0720663   -0.0745377   -0.0733634   -0.0748352   -0.0741603   -0.0747418   -0.0745461   -0.0715679
 -0.00938338  -0.00931697    -0.012146   -0.0053133  -0.00923332  -0.00420236  -0.00955557  -0.00656267   -0.0112261  -0.00727972   -0.0714413    -0.068959   -0.0692852   -0.0687667   -0.0686389    -0.068734   -0.0712149   -0.0692925   -0.0703029   -0.0690803   -0.0201153   -0.0229205   -0.0195766   -0.0209905   -0.0203192   -0.0223277   -0.0199715   -0.0234139    -0.025145   -0.0197489    0.0846566    0.0835896    0.0811923    0.0827018     0.080267     0.960282    0.0791889    0.0813392    0.0807152    0.0791831    0.0688267    0.0679413    0.0749944    0.0724551    0.0694437    0.0719116    0.0708941    0.0739546    0.0717405    0.0697622   -0.0723556   -0.0716676   -0.0762264   -0.0782892   -0.0749882    -0.078497   -0.0764289    -0.073381   -0.0754832   -0.0750154   -0.0745856   -0.0748078    -0.072824   -0.0791564   -0.0753943    -0.073563   -0.0753391    -0.074481   -0.0735637
  -0.0104949   -0.0101605  -0.00941485  -0.00572506  -0.00476338  -0.00242155  -0.00653069  -0.00905643  -0.00755999  -0.00818944   -0.0688178     -0.07025   -0.0713832   -0.0686504   -0.0682876   -0.0725782   -0.0711489   -0.0689397   -0.0682849   -0.0669601   -0.0201445   -0.0222871   -0.0227254   -0.0214249   -0.0203922   -0.0253762   -0.0227892   -0.0197914   -0.0223395   -0.0207268    0.0812248    0.0822445    0.0777061    0.0792313    0.0828556    0.0791889     0.956271    0.0829103    0.0771135    0.0810848    0.0657515    0.0680295    0.0693887    0.0676116    0.0748602    0.0653352     0.068203     0.070505    0.0659381     0.075003   -0.0722032   -0.0705027   -0.0706021   -0.0775299   -0.0746875   -0.0749294   -0.0747893   -0.0743606   -0.0738288   -0.0735486   -0.0709504   -0.0720959   -0.0723522   -0.0757046   -0.0720251   -0.0748499   -0.0746302   -0.0742079   -0.0700516
 -0.00993642   -0.0103771  -0.00793465   -0.0085866  -0.00645239  -0.00540652   -0.0107845  -0.00446725   -0.0100509  -0.00841835   -0.0676538   -0.0673123    -0.069653   -0.0742855   -0.0689877   -0.0690754   -0.0743319   -0.0663824   -0.0672026   -0.0674527   -0.0181902    -0.022297   -0.0202708     -0.02248   -0.0176107   -0.0228577   -0.0211449   -0.0197907   -0.0237494   -0.0238183    0.0811044    0.0797388    0.0839568    0.0837319    0.0792567    0.0813392    0.0829103     0.963164    0.0813034    0.0805123    0.0716244    0.0710935    0.0687782    0.0732416    0.0725508    0.0696277    0.0722509    0.0711712     0.070288    0.0689119   -0.0756529    -0.074745   -0.0762343   -0.0776103   -0.0769743   -0.0782997   -0.0777402   -0.0767793   -0.0744761   -0.0744258   -0.0744848   -0.0716741   -0.0763111   -0.0753476   -0.0727987   -0.0727959   -0.0758094   -0.0741841   -0.0740668
  -0.0116615   -0.0114561    -0.011837  -0.00857213  -0.00759039  -0.00667251  -0.00849249  -0.00578469  -0.00731966  -0.00788267   -0.0693591   -0.0688153   -0.0677421   -0.0708866   -0.0663978   -0.0713993   -0.0713352   -0.0716567   -0.0671749   -0.0684789   -0.0196977   -0.0194923   -0.0189999   -0.0200861   -0.0196178   -0.0210441   -0.0184951   -0.0198651   -0.0241923   -0.0180611    0.0798958     0.082246    0.0831058    0.0784725    0.0792121    0.0807152    0.0771135    0.0813034      0.95995    0.0825977     0.067672    0.0684841    0.0712427    0.0661728    0.0714412    0.0702086    0.0748023    0.0677944    0.0687905    0.0708168   -0.0757628   -0.0737767   -0.0743187   -0.0768202   -0.0756909   -0.0781488   -0.0750164   -0.0717016   -0.0744761    -0.071588   -0.0723399   -0.0732118    -0.075049   -0.0769755   -0.0722353   -0.0758625   -0.0761297   -0.0751826   -0.0707961
 -0.00875415   -0.0116268   -0.0103056  -0.00593649  -0.00716987  -0.00578216  -0.00690305  -0.00527535   -0.0109396   -0.0108493   -0.0701055   -0.0694724   -0.0689565   -0.0712729   -0.0670696   -0.0688954    -0.068335   -0.0678166   -0.0699294   -0.0690956   -0.0242824   -0.0201545   -0.0238573   -0.0229274    -0.017894   -0.0231789   -0.0209448   -0.0204646   -0.0238017   -0.0236998    0.0828588    0.0785196    0.0781969    0.0785844    0.0808756    0.0791831    0.0810848    0.0805123    0.0825977     0.956708    0.0665954    0.0732843    0.0717486    0.0748678    0.0723878    0.0710351    0.0714939    0.0695225    0.0732442    0.0718867   -0.0720139   -0.0733296   -0.0759763    -0.077071   -0.0751297    -0.078307   -0.0768489   -0.0723828   -0.0751708   -0.0746733   -0.0714124   -0.0742293   -0.0757362    -0.073315   -0.0730693   -0.0739749   -0.0774755     -0.07373   -0.0723715
  -0.0135365  -0.00862845   -0.0138803  -0.00830936   -0.0078241  -0.00800285   -0.0135537  -0.00801836   -0.0134851   -0.0101365   -0.0647305    -0.068853   -0.0670709   -0.0662718   -0.0632382   -0.0649014   -0.0672972   -0.0673351   -0.0669386   -0.0648444   -0.0174989   -0.0214566   -0.0209633   -0.0182562   -0.0192577   -0.0180583   -0.0188877   -0.0197837   -0.0186293   -0.0190734    0.0680261     0.067908    0.0676342    0.0680407    0.0678575    0.0688267    0.0657515    0.0716244     0.067672    0.0665954       0.9634    0.0750862     0.069439    0.0679229    0.0732658    0.0698482    0.0803223    0.0709849    0.0712144    0.0731094   -0.0679398   -0.0720638   -0.0719911   -0.0764928   -0.0694913   -0.0724398   -0.0712253   -0.0723735    -0.070525    -0.067612   -0.0674329   -0.0731773   -0.0715547   -0.0732646   -0.0703952   -0.0692499   -0.0737378    -0.072924   -0.0738005
  -0.0146016  -0.00945642   -0.0136532   -0.0114871  -0.00964204   -0.0100875   -0.0101115  -0.00962905   -0.0101248   -0.0103973   -0.0659835   -0.0648011   -0.0659674   -0.0669139   -0.0683213    -0.067597   -0.0661037   -0.0672868    -0.065612   -0.0647496   -0.0212522   -0.0169121   -0.0224134   -0.0179783   -0.0211615   -0.0224523   -0.0207309   -0.0194474   -0.0207692   -0.0200822    0.0706969     0.068286    0.0672306    0.0654383    0.0708894    0.0679413    0.0680295    0.0710935    0.0684841    0.0732843    0.0750862     0.959906     0.074564    0.0749946    0.0698727    0.0691264    0.0710733    0.0757735    0.0740313    0.0741669   -0.0700495   -0.0689834   -0.0718812   -0.0728795    -0.071141   -0.0741828   -0.0698988   -0.0697626   -0.0740387   -0.0710563   -0.0674233    -0.069729   -0.0674694   -0.0713921   -0.0705293   -0.0691815   -0.0714327   -0.0712346   -0.0695607
  -0.0116508   -0.0103422   -0.0123933   -0.0110619   -0.0126456   -0.0075648  -0.00802602  -0.00954602   -0.0106874  -0.00891882   -0.0706799   -0.0682155   -0.0672329   -0.0646977   -0.0660492   -0.0717735   -0.0658154   -0.0662435   -0.0666567    -0.067451   -0.0200356   -0.0148087   -0.0215164   -0.0237929   -0.0219154   -0.0247969   -0.0195317   -0.0208748   -0.0236347   -0.0166942    0.0716255    0.0691734    0.0691595    0.0663601    0.0677374    0.0749944    0.0693887    0.0687782    0.0712427    0.0717486     0.069439     0.074564     0.964234    0.0704783    0.0746208    0.0763756    0.0770386    0.0760751    0.0802332    0.0740444   -0.0695279    -0.071031   -0.0722011   -0.0714776   -0.0734351   -0.0755578   -0.0727797   -0.0715246   -0.0730713   -0.0707236   -0.0697881   -0.0721925   -0.0705813   -0.0748314   -0.0675236   -0.0757707   -0.0712417   -0.0717909   -0.0709942
  -0.0123671    -0.010464  -0.00865927  -0.00817038  -0.00838049  -0.00943679   -0.0112493   -0.0082545  -0.00843289  -0.00790878   -0.0709124   -0.0705122   -0.0671572   -0.0679496   -0.0682002   -0.0682617   -0.0695694   -0.0671827   -0.0665001   -0.0667618    -0.017315   -0.0183204   -0.0190221   -0.0193266   -0.0171983   -0.0223035   -0.0219473    -0.022638   -0.0232355   -0.0203892    0.0771935    0.0735072    0.0762361    0.0716963      0.07196    0.0724551    0.0676116    0.0732416    0.0661728    0.0748678    0.0679229    0.0749946    0.0704783     0.964493    0.0761088    0.0733713    0.0727228    0.0752078    0.0738859    0.0775745     -0.06711    -0.068092   -0.0752373   -0.0747934   -0.0720763   -0.0756074   -0.0745094   -0.0738996    -0.074433   -0.0733876   -0.0721173   -0.0703678   -0.0715568   -0.0731429   -0.0693635   -0.0755567   -0.0751844   -0.0734429    -0.066999
