1.0629482 0.0579229 0.0488567 0.0166431 0.0177302 0.0250666 0.0188781 0.0479822 0.0073001 0.0237793 -0.0277482 -0.0299308 -0.0327140 -0.0341119 -0.0291283 -0.0324783 -0.0270102 -0.0310641 -0.0313718 -0.0317559 0.0008307 -0.0015224 -0.0001732 0.0051050 0.0004367 -0.0018149 -0.0059189 0.0061327 0.0009998 -0.0045511 -0.0116983 -0.0139290 -0.0144583 -0.0133947 -0.0145496 -0.0116709 -0.0111476 -0.0120767 -0.0130218 -0.0122029 -0.0133558 -0.0157251 -0.0145340 -0.0120975 -0.0139097 -0.0162748 -0.0158889 -0.0139314 -0.0134966 -0.0137228 -0.0337162 -0.0343276 -0.0398535 -0.0373200 -0.0359270 -0.0347164 -0.0293374 -0.0397854 -0.0344049 -0.0361803 -0.0366721 -0.0352861 -0.0368217 -0.0356773 -0.0366777 -0.0334604 -0.0391004 -0.0369121 -0.0356698 -0.0318051 -0.0325622
0.0579229 1.0555061 0.0261131 0.0195153 0.0167603 0.0271918 0.0258247 0.0507964 0.0125803 0.0257356 -0.0398184 -0.0331472 -0.0371412 -0.0392121 -0.0368790 -0.0375989 -0.0405478 -0.0421159 -0.0374946 -0.0365376 -0.0027617 -0.0050896 0.0031935 0.0029218 0.0004542 -0.0022660 -0.0055142 0.0039980 0.0044119 -0.0037146 -0.0008221 -0.0014264 -0.0027345 -0.0019402 -0.0005275 0.0002517 -0.0013094 -0.0023137 -0.0026685 -0.0014005 -0.0038740 -0.0020551 -0.0027667 -0.0018594 -0.0015167 -0.0043801 -0.0028894 -0.0020350 -0.0008141 -0.0024741 -0.0416048 -0.0390492 -0.0519577 -0.0416264 -0.0434173 -0.0417705 -0.0404550 -0.0435942 -0.0448936 -0.0450041 -0.0478967 -0.0431135 -0.0421776 -0.0495128 -0.0399852 -0.0386995 -0.0431438 -0.0425682 -0.0436947 -0.0387213 -0.0382146
0.0488567 0.0261131 1.0814176 0.0130577 0.0268223 0.0145849 0.0159807 0.1674265 0.0055167 0.0218724 -0.0332467 -0.0268577 -0.0325897 -0.0374111 -0.0308641 -0.0374792 -0.0301544 -0.0315217 -0.0336348 -0.0305979 -0.0104590 -0.0136339 -0.0151233 -0.0033230 -0.0113419 -0.0135093 -0.0119512 -0.0097162 -0.0097703 -0.0163236 -0.0093161 -0.0106420 -0.0105069 -0.0103176 -0.0101689 -0.0107843 -0.0086876 -0.0093479 -0.0089577 -0.0086942 -0.0107282 -0.0128588 -0.0098586 -0.0105403 -0.0102265 -0.0118253 -0.0111287 -0.0115739 -0.0113850 -0.0110837 -0.0395023 -0.0353540 -0.0399450 -0.0410705 -0.0384063 -0.0361784 -0.0250140 -0.0459161 -0.0367546 -0.0312459 -0.0377857 -0.0326521 -0.0372632 -0.0393760 -0.0402904 -0.0258154 -0.0443549 -0.0407501 -0.0379518 -0.0301714 -0.0356439
0.0166431 0.0195153 0.0130577 1.0563689 0.0221459 0.0246415 0.0146954 0.0186531 0.0150262 0.0159008 -0.0445487 -0.0430396 -0.0360213 -0.0380547 -0.0359828 -0.0350540 -0.0374298 -0.0416095 -0.0314887 -0.0389767 0.0014710 0.0010105 0.0018958 0.0062481 0.0043797 0.0058319 0.0011754 0.0046178 0.0053846 0.0030883 0.0036366 0.0015653 0.0003439 0.0016947 0.0017436 0.0030279 0.0020794 0.0007745 0.0012225 0.0015421 0.0003831 -0.0013276 0.0008278 -0.0001914 0.0005892 -0.0008867 -0.0008116 0.0018483 0.0022146 0.0006880 -0.0409369 -0.0396776 -0.0383304 -0.0467762 -0.0465345 -0.0450574 -0.0417322 -0.0504231 -0.0441795 -0.0448236 -0.0373804 -0.0411760 -0.0440484 -0.0476433 -0.0399269 -0.0405974 -0.0512009 -0.0475979 -0.0440208 -0.0418599 -0.0399595
0.0177302 0.0167603 0.0268223 0.0221459 1.0441059 0.0202966 0.0119669 0.0265924 0.0107936 0.0114039 -0.0377027 -0.0374809 -0.0330472 -0.0357326 -0.0280999 -0.0310980 -0.0364975 -0.0349877 -0.0360111 -0.0373360 -0.0031813 0.0008745 0.0014927 0.0053583 0.0000237 -0.0015793 -0.0016017 0.0020966 -0.0001492 0.0023266 0.0018581 0.0004543 0.0011331 -0.0014489 0.0020064 0.0012962 0.0011740 0.0019064 0.0012566 0.0016304 -0.0003035 -0.0038508 -0.0025127 0.0012724 -0.0015282 -0.0006199 -0.0010352 -0.0003561 -0.0001687 -0.0012680 -0.0399110 -0.0409120 -0.0296518 -0.0518176 -0.0447900 -0.0429947 -0.0414936 -0.0449082 -0.0399228 -0.0427212 -0.0279549 -0.0390726 -0.0412015 -0.0422666 -0.0426660 -0.0404651 -0.0447825 -0.0514323 -0.0432287 -0.0399397 -0.0383836
0.0250666 0.0271918 0.0145849 0.0246415 0.0202966 1.0454849 0.0152308 0.0309780 0.0210126 0.0206187 -0.0438518 -0.0424336 -0.0416919 -0.0422096 -0.0392414 -0.0424012 -0.0368576 -0.0428512 -0.0391149 -0.0439176 -0.0001031 0.0017329 0.0016980 0.0065664 0.0032232 0.0021910 -0.0000773 0.0067692 0.0054025 0.0025376 0.0054050 0.0044751 0.0037887 0.0045536 0.0045338 0.0048671 0.0052802 0.0045628 0.0049779 0.0054913 0.0020592 0.0008752 0.0029404 0.0029234 0.0020949 0.0028791 0.0021342 0.0028116 0.0042757 0.0031501 -0.0408729 -0.0427221 -0.0422784 -0.0445553 -0.0472805 -0.0460942 -0.0409771 -0.0471053 -0.0450474 -0.0468279 -0.0400257 -0.0472965 -0.0461710 -0.0498499 -0.0438670 -0.0450834 -0.0476576 -0.0458236 -0.0460891 -0.0429395 -0.0439409
0.0188781 0.0258247 0.0159807 0.0146954 0.0119669 0.0152308 1.0520594 0.0250958 0.0107832 0.0142058 -0.0320772 -0.0348391 -0.0293554 -0.0323073 -0.0297266 -0.0312646 -0.0307678 -0.0310276 -0.0317000 -0.0290239 -0.0000160 0.0023575 0.0006245 0.0038264 0.0002058 0.0023994 0.0007272 0.0029543 0.0028958 0.0021656 -0.0048329 -0.0059828 -0.0060144 -0.0062007 -0.0054723 -0.0045799 -0.0044728 -0.0066072 -0.0058414 -0.0046590 -0.0061703 -0.0088684 -0.0070198 -0.0077385 -0.0074569 -0.0094235 -0.0080789 -0.0061513 -0.0059911 -0.0075187 -0.0345105 -0.0333182 -0.0431139 -0.0387286 -0.0394770 -0.0360407 -0.0347582 -0.0434073 -0.0402004 -0.0385898 -0.0401210 -0.0358686 -0.0375697 -0.0441218 -0.0351899 -0.0345542 -0.0444447 -0.0403267 -0.0389541 -0.0354850 -0.0321351
0.0479822 0.0507964 0.1674265 0.0186531 0.0265924 0.0309780 0.0250958 1.0764797 0.0093486 0.0194063 -0.0424890 -0.0411346 -0.0439678 -0.0396017 -0.0373765 -0.0451375 -0.0366740 -0.0454274 -0.0431353 -0.0429805 -0.0100784 -0.0104585 -0.0134880 -0.0009561 -0.0155612 -0.0127916 -0.0169888 -0.0049923 -0.0093863 -0.0152205 0.0023197 0.0007220 0.0015832 0.0024447 0.0010714 0.0028321 0.0021015 0.0019715 0.0025781 0.0024811 0.0003200 -0.0008781 0.0014004 0.0007971 0.0020839 -0.0007577 -0.0013660 0.0001150 0.0012859 0.0005119 -0.0509773 -0.0475465 -0.0475930 -0.0506643 -0.0491878 -0.0470076 -0.0423234 -0.0519708 -0.0464724 -0.0445363 -0.0436379 -0.0435370 -0.0477582 -0.0504454 -0.0501637 -0.0358709 -0.0516627 -0.0505870 -0.0486748 -0.0414390 -0.0476647
0.0073001 0.0125803 0.0055167 0.0150262 0.0107936 0.0210126 0.0107832 0.0093486 1.0544361 0.0053192 -0.0397971 -0.0387287 -0.0269902 -0.0327029 -0.0287376 -0.0319465 -0.0274960 -0.0318745 -0.0274798 -0.0314979 -0.0009136 0.0003923 0.0023462 0.0032225 0.0063347 0.0052921 0.0034022 0.0035412 0.0060395 0.0070353 -0.0039870 -0.0038180 -0.0046456 -0.0032186 -0.0031433 -0.0042356 -0.0040748 -0.0041347 -0.0028145 -0.0040325 -0.0048173 -0.0060307 -0.0063821 -0.0047944 -0.0056233 -0.0065662 -0.0050457 -0.0046778 -0.0052384 -0.0052562 -0.0317651 -0.0323486 -0.0369749 -0.0363675 -0.0410141 -0.0379845 -0.0350820 -0.0389271 -0.0381791 -0.0395234 -0.0362017 -0.0397398 -0.0363665 -0.0434850 -0.0311718 -0.0380197 -0.0423642 -0.0397593 -0.0406693 -0.0365090 -0.0354600
0.0237793 0.0257356 0.0218724 0.0159008 0.0114039 0.0206187 0.0142058 0.0194063 0.0053192 1.0686539 -0.0369961 -0.0342033 -0.0344576 -0.0385643 -0.0278230 -0.0235538 -0.0330131 -0.0345919 -0.0317992 -0.0366233 0.0010757 -0.0001112 -0.0003477 0.0037823 -0.0000362 0.0001555 -0.0005651 0.0046452 0.0002342 -0.0013446 -0.0008373 -0.0035429 -0.0016262 -0.0029298 -0.0010785 -0.0020692 -0.0011411 -0.0031632 -0.0022800 -0.0026101 -0.0040455 -0.0068145 -0.0047267 -0.0028799 -0.0055752 -0.0051809 -0.0059292 -0.0045051 -0.0040695 -0.0043552 -0.0386876 -0.0377581 -0.0416503 -0.0480890 -0.0451104 -0.0397523 -0.0347779 -0.0468524 -0.0369840 -0.0417327 -0.0422278 -0.0383470 -0.0430585 -0.0410499 -0.0422462 -0.0340745 -0.0438740 -0.0511982 -0.0407106 -0.0366309 -0.0389531
-0.0277482 -0.0398184 -0.0332467 -0.0445487 -0.0377027 -0.0438518 -0.0320772 -0.0424890 -0.0397971 -0.0369961 1.3248577 0.1611619 0.0806073 0.0938992 0.0773421 0.1053985 0.0816812 0.0882021 0.0791845 0.1066704 -0.0174955 -0.0221430 -0.0167870 -0.0233665 -0.0167965 -0.0192656 -0.0121852 -0.0202389 -0.0090186 -0.0196953 -0.1336125 -0.1320551 -0.1341950 -0.1349088 -0.1319638 -0.1331302 -0.1331905 -0.1335403 -0.1322587 -0.1337042 -0.1245911 -0.1222759 -0.1301907 -0.1292234 -0.1297365 -0.1281287 -0.1286101 -0.1301763 -0.1310602 -0.1302790 0.0408969 0.0463694 0.0562663 0.0630020 0.0395311 0.0594576 0.0586907 0.0509826 0.0558661 0.0526195 0.0522998 0.0527520 0.0404933 0.0696431 0.0429418 0.0547520 0.0536470 0.0553686 0.0474563 0.0531134 0.0501126
-0.0299308 -0.0331472 -0.0268577 -0.0430396 -0.0374809 -0.0424336 -0.0348391 -0.0411346 -0.0387287 -0.0342033 0.1611619 1.3223939 0.0949227 0.0836058 0.0735865 0.0895789 0.0777466 0.0937750 0.0731498 0.1059215 -0.0196027 -0.0180106 -0.0207656 -0.0241584 -0.0181442 -0.0177655 -0.0146781 -0.0208799 -0.0092221 -0.0212109 -0.1312731 -0.1308516 -0.1315908 -0.1318751 -0.1307984 -0.1317411 -0.1314126 -0.1313575 -0.1296465 -0.1317905 -0.1248245 -0.1218027 -0.1284782 -0.1292713 -0.1300304 -0.1262653 -0.1272028 -0.1293042 -0.1287483 -0.1284945 0.0473768 0.0510069 0.0572210 0.0470654 0.0432171 0.0619980 0.0624598 0.0435673 0.0475474 0.0584361 0.0550558 0.0521607 0.0433940 0.0455525 0.0447600 0.0600903 0.0444927 0.0394937 0.0527071 0.0555606 0.0554150
-0.0327140 -0.0371412 -0.0325897 -0.0360213 -0.0330472 -0.0416919 -0.0293554 -0.0439678 -0.0269902 -0.0344576 0.0806073 0.0949227 1.3322210 0.1162107 0.0863814 0.0838016 0.0924872 0.0886339 0.0841372 0.0731365 -0.0185304 -0.0135042 -0.0277178 -0.0199986 -0.0141653 -0.0164391 -0.0207098 -0.0188300 -0.0128501 -0.0214964 -0.1309711 -0.1294895 -0.1304023 -0.1303233 -0.1302418 -0.1316841 -0.1306147 -0.1305674 -0.1286597 -0.1308693 -0.1222136 -0.1230442 -0.1257234 -0.1272293 -0.1279982 -0.1225711 -0.1273033 -0.1281563 -0.1269311 -0.1270029 0.0659604 0.0620442 0.0438360 0.0550113 0.0395466 0.0560792 0.0599942 0.0469245 0.0498611 0.0438047 0.0415482 0.0581360 0.0386846 0.0656956 0.0526676 0.0493665 0.0470265 0.0472973 0.0432533 0.0451136 0.0612189
-0.0341119 -0.0392121 -0.0374111 -0.0380547 -0.0357326 -0.0422096 -0.0323073 -0.0396017 -0.0327029 -0.0385643 0.0938992 0.0836058 0.1162107 1.3292729 0.0895817 0.0865062 0.0837364 0.1043862 0.0749913 0.0842761 -0.0194473 -0.0139102 -0.0265283 -0.0227071 -0.0162319 -0.0202615 -0.0200594 -0.0205098 -0.0110053 -0.0203933 -0.1351360 -0.1326802 -0.1345384 -0.1326488 -0.1328733 -0.1345558 -0.1332378 -0.1348347 -0.1330061 -0.1348819 -0.1267677 -0.1244899 -0.1291233 -0.1305834 -0.1309534 -0.1286358 -0.1307488 -0.1318205 -0.1315766 -0.1298959 0.0643825 0.0643359 0.0689251 0.0598422 0.0430899 0.0606625 0.0590995 0.0492279 0.0530486 0.0545663 0.0651879 0.0610381 0.0446674 0.0619114 0.0560919 0.0530971 0.0562547 0.0521115 0.0475780 0.0525576 0.0676215
-0.0291283 -0.0368790 -0.0308641 -0.0359828 -0.0280999 -0.0392414 -0.0297266 -0.0373765 -0.0287376 -0.0278230 0.0773421 0.0735865 0.0863814 0.0895817 1.3151562 0.0975170 0.0817844 0.0857259 0.0774752 0.0816581 -0.0195455 -0.0161047 -0.0204418 -0.0198830 -0.0141222 -0.0164695 -0.0153248 -0.0173294 -0.0092572 -0.0209857 -0.1297148 -0.1300238 -0.1300020 -0.1308419 -0.1278328 -0.1306260 -0.1279103 -0.1292180 -0.1292334 -0.1297312 -0.1230105 -0.1213025 -0.1260772 -0.1269806 -0.1280954 -0.1249548 -0.1282249 -0.1245077 -0.1271680 -0.1258767 0.0572166 0.0546281 0.0771477 0.0557084 0.0433079 0.0582642 0.0541906 0.0511007 0.0430284 0.0524103 0.0740754 0.0505267 0.0415295 0.0472411 0.0511864 0.0627036 0.0533690 0.0434433 0.0528539 0.0550161 0.0513648
-0.0324783 -0.0375989 -0.0374792 -0.0350540 -0.0310980 -0.0424012 -0.0312646 -0.0451375 -0.0319465 -0.0235538 0.1053985 0.0895789 0.0838016 0.0865062 0.0975170 1.3347478 0.0799812 0.0724335 0.1054536 0.0815626 -0.0217677 -0.0195468 -0.0135400 -0.0243569 -0.0154588 -0.0081529 -0.0148166 -0.0198366 -0.0132361 -0.0155422 -0.1321821 -0.1311477 -0.1317932 -0.1322332 -0.1313548 -0.1313977 -0.1341109 -0.1317805 -0.1314638 -0.1313347 -0.1235907 -0.1224944 -0.1286686 -0.1283211 -0.1289476 -0.1267660 -0.1280128 -0.1285281 -0.1288756 -0.1285961 0.0456058 0.0424569 0.0639935 0.0621297 0.0345832 0.0565897 0.0568117 0.0455063 0.0512563 0.0555172 0.0618452 0.0522388 0.0353370 0.0586792 0.0424833 0.0717872 0.0468655 0.0494254 0.0515130 0.0563633 0.0360245
-0.0270102 -0.0405478 -0.0301544 -0.0374298 -0.0364975 -0.0368576 -0.0307678 -0.0366740 -0.0274960 -0.0330131 0.0816812 0.0777466 0.0924872 0.0837364 0.0817844 0.0799812 1.3185159 0.0880172 0.0806069 0.0895243 -0.0151710 -0.0135495 -0.0202282 -0.0182437 -0.0187820 -0.0143328 -0.0187710 -0.0167293 -0.0147773 -0.0186714 -0.1315755 -0.1296731 -0.1296174 -0.1309956 -0.1296036 -0.1305115 -0.1305989 -0.1316531 -0.1288037 -0.1302183 -0.1225476 -0.1218320 -0.1245361 -0.1266512 -0.1287305 -0.1249546 -0.1270204 -0.1270903 -0.1267519 -0.1271276 0.0672670 0.0619445 0.0409628 0.0760183 0.0493859 0.0639902 0.0591867 0.0485719 0.0458851 0.0523189 0.0385771 0.0537685 0.0479218 0.0478053 0.0551745 0.0591427 0.0531380 0.0663482 0.0578213 0.0568051 0.0602871
-0.0310641 -0.0421159 -0.0315217 -0.0416095 -0.0349877 -0.0428512 -0.0310276 -0.0454274 -0.0318745 -0.0345919 0.0882021 0.0937750 0.0886339 0.1043862 0.0857259 0.0724335 0.0880172 1.3280655 0.0704657 0.0866773 -0.0142217 -0.0085668 -0.0218392 -0.0161695 -0.0136613 -0.0195682 -0.0150833 -0.0169820 -0.0085990 -0.0174696 -0.1337563 -0.1305500 -0.1325027 -0.1334501 -0.1331522 -0.1334501 -0.1320275 -0.1347922 -0.1329243 -0.1335233 -0.1272420 -0.1252933 -0.1298232 -0.1288796 -0.1304870 -0.1276943 -0.1286460 -0.1293768 -0.1290006 -0.1289624 0.0684292 0.0735019 0.0544267 0.0491866 0.0541503 0.0648454 0.0615261 0.0527015 0.0492036 0.0581477 0.0512569 0.0590234 0.0520727 0.0578033 0.0613020 0.0538071 0.0584366 0.0413324 0.0533012 0.0504938 0.0722617
-0.0313718 -0.0374946 -0.0336348 -0.0314887 -0.0360111 -0.0391149 -0.0317000 -0.0431353 -0.0274798 -0.0317992 0.0791845 0.0731498 0.0841372 0.0749913 0.0774752 0.1054536 0.0806069 0.0704657 1.3336654 0.0693266 -0.0162230 -0.0166419 -0.0219141 -0.0170367 -0.0168020 -0.0158490 -0.0172739 -0.0172402 -0.0122659 -0.0238356 -0.1288267 -0.1280272 -0.1281536 -0.1154623 -0.1288796 -0.1282344 -0.1282773 -0.1156310 -0.1255369 -0.1281020 -0.1207640 -0.1201315 -0.1237069 -0.1250076 -0.1238322 -0.1224656 -0.1236485 -0.1248343 -0.1237526 -0.1257354 0.0574074 0.0474515 0.0319981 0.0628245 0.0417246 0.0576147 0.0627086 0.0559464 0.0527994 0.0506235 0.0326055 0.0557176 0.0386159 0.0663770 0.0502967 0.0684238 0.0562262 0.0445427 0.0523558 0.0584285 0.0444739
-0.0317559 -0.0365376 -0.0305979 -0.0389767 -0.0373360 -0.0439176 -0.0290239 -0.0429805 -0.0314979 -0.0366233 0.1066704 0.1059215 0.0731365 0.0842761 0.0816581 0.0815626 0.0895243 0.0866773 0.0693266 1.3196602 -0.0178248 -0.0147480 -0.0159526 -0.0183614 -0.0137410 -0.0146562 -0.0104057 -0.0179445 -0.0042098 -0.0138733 -0.1302190 -0.1287313 -0.1290092 -0.1292150 -0.1289753 -0.1303339 -0.1283338 -0.1302397 -0.1297403 -0.1299910 -0.1217302 -0.1196341 -0.1261880 -0.1257011 -0.1268051 -0.1235575 -0.1249396 -0.1262288 -0.1267413 -0.1258947 0.0552150 0.0560111 0.0337591 0.0604432 0.0434964 0.0646611 0.0597889 0.0458868 0.0474252 0.0566481 0.0328486 0.0495562 0.0472674 0.0541455 0.0498990 0.0561125 0.0475164 0.0505964 0.0548899 0.0560221 0.0588040
0.0008307 -0.0027617 -0.0104590 0.0014710 -0.0031813 -0.0001031 -0.0000160 -0.0100784 -0.0009136 0.0010757 -0.0174955 -0.0196027 -0.0185304 -0.0194473 -0.0195455 -0.0217677 -0.0151710 -0.0142217 -0.0162230 -0.0178248 1.0578048 0.0153962 0.0161998 0.0134138 0.0122954 0.0131718 0.0095932 0.0181643 0.0148355 0.0176671 -0.0309887 -0.0316879 -0.0297558 -0.0308291 -0.0301969 -0.0292317 -0.0278789 -0.0306705 -0.0308600 -0.0301520 -0.0292690 -0.0310065 -0.0313232 -0.0283597 -0.0312545 -0.0309581 -0.0290424 -0.0255332 -0.0293466 -0.0311744 -0.0078475 -0.0066352 -0.0187186 -0.0139981 -0.0146082 -0.0188506 -0.0175838 -0.0190816 -0.0131049 -0.0151745 -0.0184764 -0.0166781 -0.0105594 -0.0150849 -0.0107293 -0.0226122 -0.0199162 -0.0133135 -0.0158441 -0.0128871 -0.0086626
-0.0015224 -0.0050896 -0.0136339 0.0010105 0.0008745 0.0017329 0.0023575 -0.0104585 0.0003923 -0.0001112 -0.0221430 -0.0180106 -0.0135042 -0.0139102 -0.0161047 -0.0195468 -0.0135495 -0.0085668 -0.0166419 -0.0147480 0.0153962 1.0662824 0.0142342 0.0086831 0.0180019 0.0174866 0.0158159 0.0087822 0.0143720 0.0230911 -0.0334225 -0.0321819 -0.0328464 -0.0326062 -0.0314563 -0.0312593 -0.0317631 -0.0328036 -0.0320581 -0.0327126 -0.0307949 -0.0316691 -0.0301178 -0.0298600 -0.0330040 -0.0310156 -0.0309427 -0.0311130 -0.0304935 -0.0342540 -0.0070263 -0.0065459 -0.0165335 -0.0223739 -0.0173262 -0.0167007 -0.0138697 -0.0193354 -0.0200411 -0.0188518 -0.0149518 -0.0190272 -0.0142237 -0.0248991 -0.0063613 -0.0210110 -0.0194666 -0.0231255 -0.0141357 -0.0180333 -0.0036627
-0.0001732 0.0031935 -0.0151233 0.0018958 0.0014927 0.0016980 0.0006245 -0.0134880 0.0023462 -0.0003477 -0.0167870 -0.0207656 -0.0277178 -0.0265283 -0.0204418 -0.0135400 -0.0202282 -0.0218392 -0.0219141 -0.0159526 0.0161998 0.0142342 1.0511022 0.0140204 0.0183833 0.0247470 0.0277410 0.0170333 0.0231694 0.0332878 -0.0299193 -0.0270247 -0.0310307 -0.0293765 -0.0304063 -0.0282574 -0.0295455 -0.0287312 -0.0297029 -0.0299859 -0.0298809 -0.0299698 -0.0307980 -0.0253237 -0.0289540 -0.0311518 -0.0285569 -0.0267820 -0.0282307 -0.0300940 -0.0082258 -0.0067230 -0.0205262 -0.0237481 -0.0140741 -0.0170072 -0.0164494 -0.0259047 -0.0221169 -0.0131261 -0.0220191 -0.0217873 -0.0113626 -0.0284755 -0.0069874 -0.0185954 -0.0282035 -0.0208642 -0.0140851 -0.0109082 -0.0067369
0.0051050 0.0029218 -0.0033230 0.0062481 0.0053583 0.0065664 0.0038264 -0.0009561 0.0032225 0.0037823 -0.0233665 -0.0241584 -0.0199986 -0.0227071 -0.0198830 -0.0243569 -0.0182437 -0.0161695 -0.0170367 -0.0183614 0.0134138 0.0086831 0.0140204 1.0448073 0.0147185 0.0083734 0.0043518 0.0165138 0.0132520 0.0139230 -0.0281053 -0.0265132 -0.0280723 -0.0282301 -0.0269834 -0.0275407 -0.0280766 -0.0283778 -0.0273887 -0.0290122 -0.0277999 -0.0281288 -0.0284216 -0.0250291 -0.0276612 -0.0262701 -0.0252875 -0.0267323 -0.0257659 -0.0289133 -0.0085816 -0.0115243 -0.0197268 -0.0171584 -0.0192140 -0.0205467 -0.0190019 -0.0229908 -0.0153740 -0.0216088 -0.0197477 -0.0176285 -0.0116813 -0.0189802 -0.0143160 -0.0209946 -0.0209232 -0.0158199 -0.0165594 -0.0181057 -0.0088355
0.0004367 0.0004542 -0.0113419 0.0043797 0.0000237 0.0032232 0.0002058 -0.0155612 0.0063347 -0.0000362 -0.0167965 -0.0181442 -0.0141653 -0.0162319 -0.0141222 -0.0154588 -0.0187820 -0.0136613 -0.0168020 -0.0137410 0.0122954 0.0180019 0.0183833 0.0147185 1.0846294 0.0236570 0.0122563 0.0143338 0.0138173 0.0186463 -0.0300896 -0.0299170 -0.0288097 -0.0300721 -0.0311287 -0.0300194 -0.0288659 -0.0293704 -0.0306226 -0.0290841 -0.0305708 -0.0320025 -0.0311286 -0.0287074 -0.0300328 -0.0303236 -0.0304013 -0.0298524 -0.0280712 -0.0303996 -0.0133958 -0.0185600 -0.0092828 -0.0268447 -0.0249323 -0.0210458 -0.0185749 -0.0247814 -0.0182257 -0.0224904 -0.0148444 -0.0201087 -0.0205805 -0.0179986 -0.0137340 -0.0258018 -0.0247628 -0.0302302 -0.0210991 -0.0206442 -0.0143833
-0.0018149 -0.0022660 -0.0135093 0.0058319 -0.0015793 0.0021910 0.0023994 -0.0127916 0.0052921 0.0001555 -0.0192656 -0.0177655 -0.0164391 -0.0202615 -0.0164695 -0.0081529 -0.0143328 -0.0195682 -0.0158490 -0.0146562 0.0131718 0.0174866 0.0247470 0.0083734 0.0236570 1.0933154 0.0179190 0.0142753 0.0168063 0.0194020 -0.0297016 -0.0302123 -0.0289302 -0.0304218 -0.0297971 -0.0284205 -0.0297285 -0.0293327 -0.0296828 -0.0287841 -0.0281364 -0.0303144 -0.0292791 -0.0288142 -0.0294422 -0.0289825 -0.0292151 -0.0294281 -0.0288534 -0.0310594 -0.0138469 -0.0156252 -0.0168947 -0.0248929 -0.0231004 -0.0218310 -0.0185141 -0.0266548 -0.0219956 -0.0218606 -0.0175272 -0.0256520 -0.0231331 -0.0298410 -0.0172658 -0.0224074 -0.0294648 -0.0273457 -0.0224393 -0.0172119 -0.0149348
-0.0059189 -0.0055142 -0.0119512 0.0011754 -0.0016017 -0.0000773 0.0007272 -0.0169888 0.0034022 -0.0005651 -0.0121852 -0.0146781 -0.0207098 -0.0200594 -0.0153248 -0.0148166 -0.0187710 -0.0150833 -0.0172739 -0.0104057 0.0095932 0.0158159 0.0277410 0.0043518 0.0122563 0.0179190 1.0663035 0.0108875 0.0138052 0.0172143 -0.0285830 -0.0277654 -0.0299819 -0.0285367 -0.0279060 -0.0294950 -0.0290312 -0.0286558 -0.0271840 -0.0278594 -0.0274365 -0.0299495 -0.0286115 -0.0262372 -0.0271913 -0.0282391 -0.0267057 -0.0255706 -0.0262230 -0.0276490 -0.0088110 -0.0088131 -0.0137116 -0.0221098 -0.0200096 -0.0185554 -0.0179342 -0.0240855 -0.0232219 -0.0188498 -0.0181522 -0.0252560 -0.0147854 -0.0267897 -0.0114832 -0.0243387 -0.0253191 -0.0252133 -0.0170662 -0.0191146 -0.0092648
0.0061327 0.0039980 -0.0097162 0.0046178 0.0020966 0.0067692 0.0029543 -0.0049923 0.0035412 0.0046452 -0.0202389 -0.0208799 -0.0188300 -0.0205098 -0.0173294 -0.0198366 -0.0167293 -0.0169820 -0.0172402 -0.0179445 0.0181643 0.0087822 0.0170333 0.0165138 0.0143338 0.0142753 0.0108875 1.0756284 0.0247170 0.0169339 -0.0281860 -0.0289257 -0.0297306 -0.0291087 -0.0286618 -0.0280416 -0.0271032 -0.0285085 -0.0298477 -0.0288480 -0.0285237 -0.0279569 -0.0301438 -0.0277919 -0.0291736 -0.0305365 -0.0290598 -0.0250202 -0.0284700 -0.0306264 -0.0104073 -0.0136488 -0.0243309 -0.0287662 -0.0203731 -0.0220596 -0.0205324 -0.0229504 -0.0224595 -0.0217629 -0.0270978 -0.0208979 -0.0193543 -0.0230839 -0.0128319 -0.0248110 -0.0234695 -0.0287331 -0.0188803 -0.0176087 -0.0127367
0.0009998 0.0044119 -0.0097703 0.0053846 -0.0001492 0.0054025 0.0028958 -0.0093863 0.0060395 0.0002342 -0.0090186 -0.0092221 -0.0128501 -0.0110053 -0.0092572 -0.0132361 -0.0147773 -0.0085990 -0.0122659 -0.0042098 0.0148355 0.0143720 0.0231694 0.0132520 0.0138173 0.0168063 0.0138052 0.0247170 1.1232088 0.0232738 -0.0352539 -0.0357887 -0.0371902 -0.0359372 -0.0362226 -0.0345188 -0.0346275 -0.0352165 -0.0356412 -0.0356805 -0.0340056 -0.0357967 -0.0337553 -0.0350142 -0.0370173 -0.0357420 -0.0349524 -0.0351877 -0.0350580 -0.0360583 -0.0141330 -0.0168546 -0.0287609 -0.0262954 -0.0255492 -0.0211621 -0.0209562 -0.0216019 -0.0186632 -0.0246268 -0.0282470 -0.0233073 -0.0241530 -0.0184063 -0.0165716 -0.0297103 -0.0233362 -0.0276125 -0.0217901 -0.0203837 -0.0136919
-0.0045511 -0.0037146 -0.0163236 0.0030883 0.0023266 0.0025376 0.0021656 -0.0152205 0.0070353 -0.0013446 -0.0196953 -0.0212109 -0.0214964 -0.0203933 -0.0209857 -0.0155422 -0.0186714 -0.0174696 -0.0238356 -0.0138733 0.0176671 0.0230911 0.0332878 0.0139230 0.0186463 0.0194020 0.0172143 0.0169339 0.0232738 1.0770655 -0.0294547 -0.0312700 -0.0301505 -0.0305427 -0.0278809 -0.0299747 -0.0295488 -0.0309211 -0.0293408 -0.0300895 -0.0292392 -0.0302997 -0.0279463 -0.0278908 -0.0301628 -0.0290932 -0.0283078 -0.0288621 -0.0294439 -0.0299437 -0.0093956 -0.0134641 -0.0222394 -0.0180365 -0.0207379 -0.0218356 -0.0202789 -0.0247374 -0.0176990 -0.0241739 -0.0229947 -0.0229297 -0.0145336 -0.0230657 -0.0118793 -0.0275182 -0.0245157 -0.0182290 -0.0196873 -0.0195691 -0.0110007
-0.0116983 -0.0008221 -0.0093161 0.0036366 0.0018581 0.0054050 -0.0048329 0.0023197 -0.0039870 -0.0008373 -0.1336125 -0.1312731 -0.1309711 -0.1351360 -0.1297148 -0.1321821 -0.1315755 -0.1337563 -0.1288267 -0.1302190 -0.0309887 -0.0334225 -0.0299193 -0.0281053 -0.0300896 -0.0297016 -0.0285830 -0.0281860 -0.0352539 -0.0294547 0.9575070 0.1738930 0.1759621 0.1739669 0.1750522 0.1776557 0.1751585 0.1740938 0.1747025 0.1777659 0.1600784 0.1576488 0.1647079 0.1641741 0.1654623 0.1625870 0.1627560 0.1637826 0.1630602 0.1667016 -0.1346367 -0.1341670 -0.1370074 -0.1429107 -0.1330602 -0.1366875 -0.1352191 -0.1383273 -0.1363309 -0.1357879 -0.1360061 -0.1346986 -0.1317888 -0.1410932 -0.1342466 -0.1381942 -0.1412510 -0.1382075 -0.1394623 -0.1373128 -0.1315973
-0.0139290 -0.0014264 -0.0106420 0.0015653 0.0004543 0.0044751 -0.0059828 0.0007220 -0.0038180 -0.0035429 -0.1320551 -0.1308516 -0.1294895 -0.1326802 -0.1300238 -0.1311477 -0.1296731 -0.1305500 -0.1280272 -0.1287313 -0.0316879 -0.0321819 -0.0270247 -0.0265132 -0.0299170 -0.0302123 -0.0277654 -0.0289257 -0.0357887 -0.0312700 0.1738930 0.9212754 0.1716751 0.1720375 0.1741540 0.1731953 0.1727324 0.1717309 0.1727498 0.1717363 0.1574373 0.1553605 0.1623160 0.1604356 0.1627728 0.1595032 0.1631129 0.1615608 0.1619676 0.1640026 -0.1295650 -0.1275505 -0.1321728 -0.1365649 -0.1245872 -0.1304302 -0.1294384 -0.1321256 -0.1305439 -0.1288246 -0.1309009 -0.1303760 -0.1247365 -0.1367697 -0.1284627 -0.1325627 -0.1351110 -0.1310367 -0.1317748 -0.1302167 -0.1257786
-0.0144583 -0.0027345 -0.0105069 0.0003439 0.0011331 0.0037887 -0.0060144 0.0015832 -0.0046456 -0.0016262 -0.1341950 -0.1315908 -0.1304023 -0.1345384 -0.1300020 -0.1317932 -0.1296174 -0.1325027 -0.1281536 -0.1290092 -0.0297558 -0.0328464 -0.0310307 -0.0280723 -0.0288097 -0.0289302 -0.0299819 -0.0297306 -0.0371902 -0.0301505 0.1759621 0.1716751 0.9382697 0.1739131 0.1740192 0.1743469 0.1739390 0.1736225 0.1735036 0.1744395 0.1595963 0.1560374 0.1640700 0.1612966 0.1647221 0.1622130 0.1637917 0.1629922 0.1631036 0.1662275 -0.1313615 -0.1308796 -0.1346375 -0.1393029 -0.1279533 -0.1340700 -0.1315202 -0.1345631 -0.1346506 -0.1310273 -0.1325770 -0.1320730 -0.1272482 -0.1393638 -0.1305669 -0.1342609 -0.1374568 -0.1333857 -0.1346436 -0.1327453 -0.1278562
-0.0133947 -0.0019402 -0.0103176 0.0016947 -0.0014489 0.0045536 -0.0062007 0.0024447 -0.0032186 -0.0029298 -0.1349088 -0.1318751 -0.1303233 -0.1326488 -0.1308419 -0.1322332 -0.1309956 -0.1334501 -0.1154623 -0.1292150 -0.0308291 -0.0326062 -0.0293765 -0.0282301 -0.0300721 -0.0304218 -0.0285367 -0.0291087 -0.0359372 -0.0305427 0.1739669 0.1720375 0.1739131 0.9561346 0.1738380 0.1740745 0.1718300 0.1873935 0.1720740 0.1734036 0.1571258 0.1547538 0.1623630 0.1588850 0.1629656 0.1593586 0.1607212 0.1591496 0.1606681 0.1633716 -0.1333091 -0.1319552 -0.1351559 -0.1318792 -0.1301572 -0.1351161 -0.1333638 -0.1354637 -0.1351423 -0.1342605 -0.1329637 -0.1333507 -0.1288864 -0.1411825 -0.1328677 -0.1361971 -0.1384850 -0.1341780 -0.1372321 -0.1342917 -0.1295362
-0.0145496 -0.0005275 -0.0101689 0.0017436 0.0020064 0.0045338 -0.0054723 0.0010714 -0.0031433 -0.0010785 -0.1319638 -0.1307984 -0.1302418 -0.1328733 -0.1278328 -0.1313548 -0.1296036 -0.1331522 -0.1288796 -0.1289753 -0.0301969 -0.0314563 -0.0304063 -0.0269834 -0.0311287 -0.0297971 -0.0279060 -0.0286618 -0.0362226 -0.0278809 0.1750522 0.1741540 0.1740192 0.1738380 0.9377280 0.1761965 0.1729377 0.1726411 0.1738185 0.1736568 0.1598053 0.1561568 0.1626935 0.1610799 0.1640158 0.1601820 0.1635291 0.1612470 0.1622801 0.1647680 -0.1317555 -0.1311575 -0.1329899 -0.1384514 -0.1293091 -0.1344703 -0.1319046 -0.1359696 -0.1336358 -0.1322717 -0.1322860 -0.1323659 -0.1272036 -0.1388695 -0.1319030 -0.1370909 -0.1390071 -0.1336654 -0.1359800 -0.1341678 -0.1286121
-0.0116709 0.0002517 -0.0107843 0.0030279 0.0012962 0.0048671 -0.0045799 0.0028321 -0.0042356 -0.0020692 -0.1331302 -0.1317411 -0.1316841 -0.1345558 -0.1306260 -0.1313977 -0.1305115 -0.1334501 -0.1282344 -0.1303339 -0.0292317 -0.0312593 -0.0282574 -0.0275407 -0.0300194 -0.0284205 -0.0294950 -0.0280416 -0.0345188 -0.0299747 0.1776557 0.1731953 0.1743469 0.1740745 0.1761965 0.9463140 0.1751162 0.1748568 0.1745231 0.1754964 0.1600391 0.1562280 0.1657733 0.1611122 0.1646616 0.1625202 0.1618441 0.1628948 0.1631647 0.1667216 -0.1328369 -0.1320827 -0.1363111 -0.1410706 -0.1303831 -0.1353713 -0.1344686 -0.1370729 -0.1361682 -0.1339781 -0.1349958 -0.1344203 -0.1295491 -0.1409830 -0.1330061 -0.1371185 -0.1392432 -0.1358493 -0.1374958 -0.1352295 -0.1295485
-0.0111476 -0.0013094 -0.0086876 0.0020794 0.0011740 0.0052802 -0.0044728 0.0021015 -0.0040748 -0.0011411 -0.1331905 -0.1314126 -0.1306147 -0.1332378 -0.1279103 -0.1341109 -0.1305989 -0.1320275 -0.1282773 -0.1283338 -0.0278789 -0.0317631 -0.0295455 -0.0280766 -0.0288659 -0.0297285 -0.0290312 -0.0271032 -0.0346275 -0.0295488 0.1751585 0.1727324 0.1739390 0.1718300 0.1729377 0.1751162 0.9415699 0.1729080 0.1713008 0.1743629 0.1566056 0.1587629 0.1616077 0.1611845 0.1648931 0.1599395 0.1607888 0.1649160 0.1611520 0.1639237 -0.1311798 -0.1302406 -0.1348413 -0.1403804 -0.1290047 -0.1336829 -0.1322419 -0.1360895 -0.1346771 -0.1321956 -0.1337155 -0.1323912 -0.1282090 -0.1388009 -0.1312871 -0.1351867 -0.1382564 -0.1359126 -0.1366995 -0.1335276 -0.1289079
-0.0120767 -0.0023137 -0.0093479 0.0007745 0.0019064 0.0045628 -0.0066072 0.0019715 -0.0041347 -0.0031632 -0.1335403 -0.1313575 -0.1305674 -0.1348347 -0.1292180 -0.1317805 -0.1316531 -0.1347922 -0.1156310 -0.1302397 -0.0306705 -0.0328036 -0.0287312 -0.0283778 -0.0293704 -0.0293327 -0.0286558 -0.0285085 -0.0352165 -0.0309211 0.1740938 0.1717309 0.1736225 0.1873935 0.1726411 0.1748568 0.1729080 0.9453964 0.1738512 0.1741830 0.1579250 0.1551045 0.1609122 0.1605393 0.1636795 0.1594834 0.1615617 0.1608624 0.1606883 0.1638018 -0.1323174 -0.1323130 -0.1333216 -0.1322012 -0.1292783 -0.1347593 -0.1327477 -0.1363756 -0.1333712 -0.1318245 -0.1322625 -0.1327029 -0.1281660 -0.1387168 -0.1322975 -0.1357960 -0.1389321 -0.1338080 -0.1364449 -0.1349926 -0.1295411
-0.0130218 -0.0026685 -0.0089577 0.0012225 0.0012566 0.0049779 -0.0058414 0.0025781 -0.0028145 -0.0022800 -0.1322587 -0.1296465 -0.1286597 -0.1330061 -0.1292334 -0.1314638 -0.1288037 -0.1329243 -0.1255369 -0.1297403 -0.0308600 -0.0320581 -0.0297029 -0.0273887 -0.0306226 -0.0296828 -0.0271840 -0.0298477 -0.0356412 -0.0293408 0.1747025 0.1727498 0.1735036 0.1720740 0.1738185 0.1745231 0.1713008 0.1738512 0.9397320 0.1747464 0.1584662 0.1568276 0.1628416 0.1615160 0.1642085 0.1604399 0.1635180 0.1618871 0.1612358 0.1645865 -0.1312266 -0.1315300 -0.1340548 -0.1401447 -0.1298222 -0.1338366 -0.1323950 -0.1357296 -0.1335647 -0.1316485 -0.1322220 -0.1319085 -0.1273773 -0.1397831 -0.1310858 -0.1363007 -0.1379624 -0.1356646 -0.1366910 -0.1338981 -0.1276711
-0.0122029 -0.0014005 -0.0086942 0.0015421 0.0016304 0.0054913 -0.0046590 0.0024811 -0.0040325 -0.0026101 -0.1337042 -0.1317905 -0.1308693 -0.1348819 -0.1297312 -0.1313347 -0.1302183 -0.1335233 -0.1281020 -0.1299910 -0.0301520 -0.0327126 -0.0299859 -0.0290122 -0.0290841 -0.0287841 -0.0278594 -0.0288480 -0.0356805 -0.0300895 0.1777659 0.1717363 0.1744395 0.1734036 0.1736568 0.1754964 0.1743629 0.1741830 0.1747464 0.9439604 0.1587306 0.1587777 0.1660565 0.1639217 0.1653202 0.1641763 0.1640461 0.1619898 0.1638088 0.1676909 -0.1318621 -0.1325852 -0.1353095 -0.1411077 -0.1303105 -0.1357984 -0.1340047 -0.1371619 -0.1360907 -0.1335253 -0.1339263 -0.1337402 -0.1300301 -0.1411508 -0.1322607 -0.1359766 -0.1401319 -0.1363748 -0.1373501 -0.1349944 -0.1305442
-0.0133558 -0.0038740 -0.0107282 0.0003831 -0.0003035 0.0020592 -0.0061703 0.0003200 -0.0048173 -0.0040455 -0.1245911 -0.1248245 -0.1222136 -0.1267677 -0.1230105 -0.1235907 -0.1225476 -0.1272420 -0.1207640 -0.1217302 -0.0292690 -0.0307949 -0.0298809 -0.0277999 -0.0305708 -0.0281364 -0.0274365 -0.0285237 -0.0340056 -0.0292392 0.1600784 0.1574373 0.1595963 0.1571258 0.1598053 0.1600391 0.1566056 0.1579250 0.1584662 0.1587306 0.9610875 0.1538651 0.1604501 0.1568644 0.1591832 0.1561439 0.1618097 0.1555368 0.1572529 0.1628173 -0.1270780 -0.1269699 -0.1312447 -0.1359856 -0.1259427 -0.1284560 -0.1271996 -0.1312914 -0.1312408 -0.1270937 -0.1300082 -0.1281213 -0.1236417 -0.1360157 -0.1269885 -0.1292845 -0.1339019 -0.1323918 -0.1315008 -0.1298615 -0.1252767
-0.0157251 -0.0020551 -0.0128588 -0.0013276 -0.0038508 0.0008752 -0.0088684 -0.0008781 -0.0060307 -0.0068145 -0.1222759 -0.1218027 -0.1230442 -0.1244899 -0.1213025 -0.1224944 -0.1218320 -0.1252933 -0.1201315 -0.1196341 -0.0310065 -0.0316691 -0.0299698 -0.0281288 -0.0320025 -0.0303144 -0.0299495 -0.0279569 -0.0357967 -0.0302997 0.1576488 0.1553605 0.1560374 0.1547538 0.1561568 0.1562280 0.1587629 0.1551045 0.1568276 0.1587777 0.1538651 0.9414145 0.1573807 0.1573316 0.1550504 0.1539270 0.1539357 0.1581697 0.1568316 0.1579103 -0.1233272 -0.1226785 -0.1252344 -0.1309000 -0.1207164 -0.1239384 -0.1231447 -0.1296479 -0.1255109 -0.1235758 -0.1241383 -0.1220476 -0.1182214 -0.1302344 -0.1237494 -0.1251851 -0.1309129 -0.1262275 -0.1269623 -0.1240962 -0.1192707
-0.0145340 -0.0027667 -0.0098586 0.0008278 -0.0025127 0.0029404 -0.0070198 0.0014004 -0.0063821 -0.0047267 -0.1301907 -0.1284782 -0.1257234 -0.1291233 -0.1260772 -0.1286686 -0.1245361 -0.1298232 -0.1237069 -0.1261880 -0.0313232 -0.0301178 -0.0307980 -0.0284216 -0.0311286 -0.0292791 -0.0286115 -0.0301438 -0.0337553 -0.0279463 0.1647079 0.1623160 0.1640700 0.1623630 0.1626935 0.1657733 0.1616077 0.1609122 0.1628416 0.1660565 0.1604501 0.1573807 0.9608002 0.1595839 0.1638601 0.1677884 0.1652948 0.1615229 0.1638523 0.1662097 -0.1304666 -0.1293335 -0.1306292 -0.1368208 -0.1279875 -0.1317113 -0.1299119 -0.1331615 -0.1323616 -0.1303119 -0.1292550 -0.1295257 -0.1263823 -0.1367069 -0.1287130 -0.1337474 -0.1356595 -0.1330255 -0.1334203 -0.1319029 -0.1266854
-0.0120975 -0.0018594 -0.0105403 -0.0001914 0.0012724 0.0029234 -0.0077385 0.0007971 -0.0047944 -0.0028799 -0.1292234 -0.1292713 -0.1272293 -0.1305834 -0.1269806 -0.1283211 -0.1266512 -0.1288796 -0.1250076 -0.1257011 -0.0283597 -0.0298600 -0.0253237 -0.0250291 -0.0287074 -0.0288142 -0.0262372 -0.0277919 -0.0350142 -0.0278908 0.1641741 0.1604356 0.1612966 0.1588850 0.1610799 0.1611122 0.1611845 0.1605393 0.1615160 0.1639217 0.1568644 0.1573316 0.1595839 0.9189075 0.1606356 0.1597823 0.1612360 0.1593666 0.1600710 0.1619303 -0.1239357 -0.1232348 -0.1277662 -0.1323546 -0.1206597 -0.1277031 -0.1263417 -0.1300949 -0.1272972 -0.1253512 -0.1258321 -0.1254207 -0.1191239 -0.1324139 -0.1232392 -0.1290716 -0.1326227 -0.1269724 -0.1292522 -0.1275314 -0.1200927
-0.0139097 -0.0015167 -0.0102265 0.0005892 -0.0015282 0.0020949 -0.0074569 0.0020839 -0.0056233 -0.0055752 -0.1297365 -0.1300304 -0.1279982 -0.1309534 -0.1280954 -0.1289476 -0.1287305 -0.1304870 -0.1238322 -0.1268051 -0.0312545 -0.0330040 -0.0289540 -0.0276612 -0.0300328 -0.0294422 -0.0271913 -0.0291736 -0.0370173 -0.0301628 0.1654623 0.1627728 0.1647221 0.1629656 0.1640158 0.1646616 0.1648931 0.1636795 0.1642085 0.1653202 0.1591832 0.1550504 0.1638601 0.1606356 0.9326725 0.1631727 0.1642097 0.1623455 0.1644958 0.1651351 -0.1275617 -0.1250249 -0.1302034 -0.1341509 -0.1237279 -0.1294847 -0.1286850 -0.1296908 -0.1295899 -0.1271810 -0.1283602 -0.1280427 -0.1221408 -0.1339645 -0.1268965 -0.1311640 -0.1325816 -0.1287987 -0.1299953 -0.1294855 -0.1240120
-0.0162748 -0.0043801 -0.0118253 -0.0008867 -0.0006199 0.0028791 -0.0094235 -0.0007577 -0.0065662 -0.0051809 -0.1281287 -0.1262653 -0.1225711 -0.1286358 -0.1249548 -0.1267660 -0.1249546 -0.1276943 -0.1224656 -0.1235575 -0.0309581 -0.0310156 -0.0311518 -0.0262701 -0.0303236 -0.0289825 -0.0282391 -0.0305365 -0.0357420 -0.0290932 0.1625870 0.1595032 0.1622130 0.1593586 0.1601820 0.1625202 0.1599395 0.1594834 0.1604399 0.1641763 0.1561439 0.1539270 0.1677884 0.1597823 0.1631727 0.9449558 0.1594435 0.1586101 0.1596636 0.1680673 -0.1257279 -0.1253726 -0.1295718 -0.1349020 -0.1241147 -0.1283227 -0.1272474 -0.1304640 -0.1280610 -0.1272461 -0.1268859 -0.1276762 -0.1217133 -0.1337117 -0.1257864 -0.1293789 -0.1330509 -0.1295173 -0.1311677 -0.1290562 -0.1225907
-0.0158889 -0.0028894 -0.0111287 -0.0008116 -0.0010352 0.0021342 -0.0080789 -0.0013660 -0.0050457 -0.0059292 -0.1286101 -0.1272028 -0.1273033 -0.1307488 -0.1282249 -0.1280128 -0.1270204 -0.1286460 -0.1236485 -0.1249396 -0.0290424 -0.0309427 -0.0285569 -0.0252875 -0.0304013 -0.0292151 -0.0267057 -0.0290598 -0.0349524 -0.0283078 0.1627560 0.1631129 0.1637917 0.1607212 0.1635291 0.1618441 0.1607888 0.1615617 0.1635180 0.1640461 0.1618097 0.1539357 0.1652948 0.1612360 0.1642097 0.1594435 0.9199684 0.1637310 0.1611094 0.1621548 -0.1253239 -0.1233665 -0.1281150 -0.1325404 -0.1223682 -0.1280658 -0.1263170 -0.1291794 -0.1282325 -0.1274806 -0.1260979 -0.1269137 -0.1192875 -0.1340543 -0.1241695 -0.1287843 -0.1318367 -0.1274813 -0.1296326 -0.1270717 -0.1211326
-0.0139314 -0.0020350 -0.0115739 0.0018483 -0.0003561 0.0028116 -0.0061513 0.0001150 -0.0046778 -0.0045051 -0.1301763 -0.1293042 -0.1281563 -0.1318205 -0.1245077 -0.1285281 -0.1270903 -0.1293768 -0.1248343 -0.1262288 -0.0255332 -0.0311130 -0.0267820 -0.0267323 -0.0298524 -0.0294281 -0.0255706 -0.0250202 -0.0351877 -0.0288621 0.1637826 0.1615608 0.1629922 0.1591496 0.1612470 0.1628948 0.1649160 0.1608624 0.1618871 0.1619898 0.1555368 0.1581697 0.1615229 0.1593666 0.1623455 0.1586101 0.1637310 0.9179501 0.1621613 0.1656661 -0.1242882 -0.1254553 -0.1280381 -0.1313166 -0.1215155 -0.1282591 -0.1263791 -0.1295617 -0.1279845 -0.1257221 -0.1250051 -0.1267328 -0.1197782 -0.1349401 -0.1244329 -0.1293203 -0.1323610 -0.1256687 -0.1282410 -0.1275410 -0.1219549
-0.0134966 -0.0008141 -0.0113850 0.0022146 -0.0001687 0.0042757 -0.0059911 0.0012859 -0.0052384 -0.0040695 -0.1310602 -0.1287483 -0.1269311 -0.1315766 -0.1271680 -0.1288756 -0.1267519 -0.1290006 -0.1237526 -0.1267413 -0.0293466 -0.0304935 -0.0282307 -0.0257659 -0.0280712 -0.0288534 -0.0262230 -0.0284700 -0.0350580 -0.0294439 0.1630602 0.1619676 0.1631036 0.1606681 0.1622801 0.1631647 0.1611520 0.1606883 0.1612358 0.1638088 0.1572529 0.1568316 0.1638523 0.1600710 0.1644958 0.1596636 0.1611094 0.1621613 0.9336069 0.1617292 -0.1270912 -0.1257305 -0.1291110 -0.1333844 -0.1226795 -0.1296384 -0.1258818 -0.1312267 -0.1288066 -0.1263491 -0.1268531 -0.1275382 -0.1224735 -0.1350675 -0.1257726 -0.1305381 -0.1335957 -0.1283419 -0.1303654 -0.1293519 -0.1234012
-0.0137228 -0.0024741 -0.0110837 0.0006880 -0.0012680 0.0031501 -0.0075187 0.0005119 -0.0052562 -0.0043552 -0.1302790 -0.1284945 -0.1270029 -0.1298959 -0.1258767 -0.1285961 -0.1271276 -0.1289624 -0.1257354 -0.1258947 -0.0311744 -0.0342540 -0.0300940 -0.0289133 -0.0303996 -0.0310594 -0.0276490 -0.0306264 -0.0360583 -0.0299437 0.1667016 0.1640026 0.1662275 0.1633716 0.1647680 0.1667216 0.1639237 0.1638018 0.1645865 0.1676909 0.1628173 0.1579103 0.1662097 0.1619303 0.1651351 0.1680673 0.1621548 0.1656661 0.1617292 0.9590393 -0.1297008 -0.1284549 -0.1330981 -0.1379817 -0.1290212 -0.1308840 -0.1305135 -0.1340363 -0.1336941 -0.1301816 -0.1295569 -0.1320815 -0.1258264 -0.1383156 -0.1297320 -0.1333532 -0.1359040 -0.1335884 -0.1335488 -0.1323207 -0.1270518
-0.0337162 -0.0416048 -0.0395023 -0.0409369 -0.0399110 -0.0408729 -0.0345105 -0.0509773 -0.0317651 -0.0386876 0.0408969 0.0473768 0.0659604 0.0643825 0.0572166 0.0456058 0.0672670 0.0684292 0.0574074 0.0552150 -0.0078475 -0.0070263 -0.0082258 -0.0085816 -0.0133958 -0.0138469 -0.0088110 -0.0104073 -0.0141330 -0.0093956 -0.1346367 -0.1295650 -0.1313615 -0.1333091 -0.1317555 -0.1328369 -0.1311798 -0.1323174 -0.1312266 -0.1318621 -0.1270780 -0.1233272 -0.1304666 -0.1239357 -0.1275617 -0.1257279 -0.1253239 -0.1242882 -0.1270912 -0.1297008 1.1669730 0.1310456 0.0640069 0.0768259 0.1215627 0.1043960 0.1018814 0.0531718 0.0772722 0.1112733 0.0611526 0.0874381 0.1191420 0.0710282 0.1180046 0.1075487 0.0575676 0.0768989 0.1126129 0.1091800 0.1190130
-0.0343276 -0.0390492 -0.0353540 -0.0396776 -0.0409120 -0.0427221 -0.0333182 -0.0475465 -0.0323486 -0.0377581 0.0463694 0.0510069 0.0620442 0.0643359 0.0546281 0.0424569 0.0619445 0.0735019 0.0474515 0.0560111 -0.0066352 -0.0065459 -0.0067230 -0.0115243 -0.0185600 -0.0156252 -0.0088131 -0.0136488 -0.0168546 -0.0134641 -0.1341670 -0.1275505 -0.1308796 -0.1319552 -0.1311575 -0.1320827 -0.1302406 -0.1323130 -0.1315300 -0.1325852 -0.1269699 -0.1226785 -0.1293335 -0.1232348 -0.1250249 -0.1253726 -0.1233665 -0.1254553 -0.1257305 -0.1284549 0.1310456 1.1324219 0.0811300 0.0767568 0.1209453 0.1028173 0.1005780 0.0584578 0.0782792 0.1142928 0.0825339 0.0916049 0.1248046 0.0691053 0.1149133 0.1124307 0.0620698 0.0769995 0.1133388 0.1135491 0.1180917
