     1.00881    0.0821956    0.0236231     0.022386      0.02363    0.0258059   0.00227076    0.0278212    0.0116618    0.0419389   -0.0218211   -0.0368753   -0.0236041   -0.0237672   -0.0299151   -0.0113235   -0.0268535   -0.0224236   -0.0269889   -0.0220854   -0.0198638  -0.00734729  -0.00670269   -0.0155723    -0.013866    0.0124047  -0.00692771   -0.0108284   -0.0173164   -0.0121517   0.00964665     -0.01155   0.00500798  -0.00312171  -0.00393506  -0.00446698  -0.00716884   -0.0023238   -0.0102433   0.00325204   -0.0142135    -0.013492   -0.0173163   -0.0159112   -0.0172496   -0.0262621   -0.0123981  -0.00427374  -0.00673543  0.000314908   -0.0428756   -0.0295463   -0.0217092    -0.038117   -0.0470152   -0.0322113   -0.0377716   -0.0316914   -0.0372971   -0.0373944   -0.0332539    -0.024956   -0.0541324   -0.0333364   -0.0475581   -0.0368881    -0.027323   -0.0449956   -0.0484414   -0.0422066   -0.0286649
   0.0821956      1.02215  -0.00803288    0.0238878    0.0391915    0.0292764    0.0215238    0.0167494    0.0101641     0.030893   -0.0267361   -0.0184703   -0.0238124   -0.0238452   -0.0327702  -0.00737258   -0.0256538   -0.0138634   -0.0233115   -0.0294541   -0.0145116  -0.00658557   0.00384894  -0.00907339  -0.00858212  -0.00788377   -0.0209348   -0.0139879   -0.0189876   -0.0139247  -0.00406304  -0.00554528   0.00491867  -0.00198565   0.00350454   0.00276514   -0.0048686 -0.000789287  -0.00974082   0.00366887   -0.0168487  -0.00484804    -0.012856   -0.0125296 -0.000125605   -0.0119389  -0.00580949  -0.00586815  -0.00368052  0.000381069   -0.0505247   -0.0299706    -0.049464   -0.0255366   -0.0579373   -0.0422831    -0.045253   -0.0518668   -0.0326293    -0.063022   -0.0524753   -0.0354652   -0.0464611   -0.0329523   -0.0327172   -0.0364125   -0.0338582   -0.0357576   -0.0406141   -0.0485119   -0.0357922
   0.0236231  -0.00803288      1.03864   0.00140569    0.0135718  -0.00177457    0.0243559     0.187134 -0.000260901    0.0168089   -0.0338647   -0.0326514    -0.039087   -0.0222329   -0.0416743   -0.0372895   -0.0269206   -0.0282075   -0.0246584   -0.0211172  -0.00327143   -0.0145962    -0.024801   0.00596581   -0.0196893   -0.0162792   -0.0183612  -0.00421249  -0.00058385  -0.00283854   0.00306689   -0.0046053   -0.0110072  -0.00541459    0.0145575   0.00161948  0.000142082  -0.00551101   -0.0116702   0.00252713  0.000118854   0.00411042  -0.00405478  -0.00605687  -0.00316303  -0.00690172  -0.00931797   -0.0115257  -0.00749065   0.00952053   -0.0290455   -0.0429461   -0.0574951   -0.0374593   -0.0541926   -0.0271394   -0.0404153    -0.053853   -0.0415643   -0.0285986   -0.0550834   -0.0441634   -0.0462569   -0.0346902   -0.0661941   -0.0304503    -0.042648   -0.0375798   -0.0321908   -0.0351742   -0.0322605
    0.022386    0.0238878   0.00140569      1.00826    0.0217508    0.0346134    0.0128868     0.002799    0.0247147    0.0161217   -0.0355236   -0.0344239   -0.0204649   -0.0207045   -0.0199829   -0.0212732   -0.0389557   -0.0452578   -0.0314868   -0.0317096   0.00977703  -0.00136491   0.00314867  -0.00356025  -0.00474014  -0.00369615   0.00708114  -0.00591885  0.000440484   -0.0165399   0.00446342   -0.0058139   0.00421416   0.00477573  -0.00135727    0.0046609  0.000512428   -0.0024995   -0.0151763   0.00482741   0.00534664 -0.000291983  -0.00236188  -0.00153218   -0.0151142  5.20861e-05   0.00369675    0.0127556 -0.000241046   0.00691492     -0.04163   -0.0318089   -0.0470601   -0.0663957   -0.0325065   -0.0341024   -0.0340795   -0.0512274   -0.0534221   -0.0391234   -0.0470766   -0.0233903   -0.0348501   -0.0421048   -0.0312442   -0.0296486   -0.0509255   -0.0723078   -0.0261112   -0.0333633   -0.0443532
     0.02363    0.0391915    0.0135718    0.0217508      1.01466    0.0269487    0.0022036    0.0145662    0.0112645    0.0107637   -0.0189299   -0.0378122   -0.0214226   -0.0157384   -0.0230384   -0.0198716   -0.0338613   -0.0246964   -0.0145974   -0.0326252  -0.00539434  -0.00662003 -0.000763371   -0.0262379   -0.0117051  -0.00610056   -0.0140877  -0.00727806   -0.0143693    -0.022585   0.00765605  -0.00308507  -0.00231497    -0.012579   0.00370837  -0.00910427  -0.00218368  -0.00104251   0.00426742   0.00999114   0.00267022  -0.00186402   0.00311694   -0.0090614  -0.00513264   0.00221078   0.00397263   0.00505173   -0.0115662   0.00404077   -0.0449811   -0.0289791   -0.0323921   -0.0523073   -0.0325987   -0.0278285    -0.032735   -0.0413089   -0.0470111   -0.0348097   -0.0370362   -0.0359516   -0.0432241   -0.0500976   -0.0382676   -0.0313837   -0.0328546   -0.0529152   -0.0365669    -0.026008   -0.0378004
   0.0258059    0.0292764  -0.00177457    0.0346134    0.0269487      1.00884   0.00758551    0.0180625   0.00706816    0.0258035    -0.030864   -0.0353084    -0.034745   -0.0265624   -0.0370715   -0.0370435   -0.0299206   -0.0167238   -0.0420522   -0.0313087  -0.00169161     0.016048   -0.0089536   -0.0107507     -0.01852   -0.0015328   0.00277085  -0.00117619  0.000431661   -0.0256424  -0.00126125   0.00628259  -0.00314958    0.0101923  -0.00510809 -0.000515664    0.0161998    0.0026411  -0.00475496  -0.00751863   0.00741766   0.00148879   0.00115208 -0.000814918  -0.00967967    0.0145206   0.00800683   0.00407399     0.014692    0.0146717   -0.0629596   -0.0428292   -0.0488784   -0.0389241   -0.0522449   -0.0321021    -0.020932    -0.041202   -0.0495452   -0.0471697    -0.041468   -0.0361821   -0.0506307   -0.0304252   -0.0343136   -0.0436981    -0.038249   -0.0454504   -0.0517484   -0.0370931   -0.0357336
  0.00227076    0.0215238    0.0243559    0.0128868    0.0022036   0.00758551     0.995733    0.0286641   0.00538453   0.00340913   -0.0239198   -0.0208688   -0.0187239   -0.0239525   -0.0281102    -0.026821   -0.0213059   -0.0158031   -0.0324055   -0.0197832 -0.000943825  -0.00287558   0.00257322 -2.68681e-05  -0.00449907   0.00187402  -0.00465696   0.00117215    0.0012384   0.00688014  -9.4484e-05 -0.000438835  -0.00896473   -0.0010443  -0.00630507  -0.00394605  -0.00288727  -0.00801195  -0.00403743   0.00123795  -0.00333984  -0.00101582   0.00310225  -0.00665607  -0.00736609     -0.01332   0.00201872   0.00303769   -0.0017135   0.00240318   -0.0421696   -0.0278461   -0.0278857   -0.0341571   -0.0468746   -0.0375931   -0.0322247   -0.0428385   -0.0436803   -0.0404483   -0.0302727   -0.0436552   -0.0420487   -0.0442031   -0.0392311   -0.0399766   -0.0430678   -0.0545327   -0.0486589   -0.0270419   -0.0375109
   0.0278212    0.0167494     0.187134     0.002799    0.0145662    0.0180625    0.0286641      1.02602   0.00100661   0.00309035   -0.0367197   -0.0254879   -0.0331216   -0.0285833   -0.0412045   -0.0422162   -0.0315154   -0.0341573   -0.0267656   -0.0325007   -0.0279972   -0.0194051   -0.0283617   0.00759923   -0.0103392  -0.00934601   -0.0293965   0.00177581  -0.00837281  -0.00752377  -0.00068085  -0.00338329 -0.000291146  -0.00416754   0.00907538   0.00283931  -0.00379636   -0.0032861 -0.000591889   -0.0013601   0.00145652   0.00183276  -0.00557087   0.00387028   -0.0125767  -0.00252462  -0.00288943  -0.00401106   0.00133752  -0.00682339   -0.0310554   -0.0519654   -0.0332089   -0.0349036   -0.0569438   -0.0299923   -0.0385725   -0.0485238   -0.0456081   -0.0299349   -0.0269786   -0.0422248   -0.0371973   -0.0329866   -0.0625067    -0.030397   -0.0427944   -0.0482311   -0.0483936   -0.0361123   -0.0385876
   0.0116618    0.0101641 -0.000260901    0.0247147    0.0112645   0.00706816   0.00538453   0.00100661     0.999323  -0.00561741   -0.0315425   -0.0274634   -0.0232489   -0.0273733   -0.0192898   -0.0209527   -0.0262271   -0.0313396   -0.0131696   -0.0325987  -0.00201976   -0.0133946    0.0114114  -0.00583273   0.00671185    0.0144663  0.000141619  0.000766973  -0.00374494   0.00794461  -0.00662579   0.00309215   0.00145845   0.00568851    0.0021506   -0.0100017   -0.0104971 -0.000284658  0.000527528   0.00665115   -0.0104503  -0.00951989  -0.00760331  -0.00188263   -0.0136412   -0.0175864  -0.00598573  -0.00502967   -0.0133811  -0.00507274   -0.0248592   -0.0387684   -0.0385373   -0.0335846   -0.0302612   -0.0221926   -0.0354106   -0.0550947   -0.0296796   -0.0228013    -0.044192   -0.0327522   -0.0384457   -0.0286725   -0.0167218    -0.015462   -0.0505664   -0.0502157   -0.0218914   -0.0313522   -0.0317381
   0.0419389     0.030893    0.0168089    0.0161217    0.0107637    0.0258035   0.00340913   0.00309035  -0.00561741     0.993027   -0.0225889   -0.0251789   -0.0248496   -0.0256868    -0.021523   -0.0144326   -0.0321436   -0.0237026   -0.0208021   -0.0258865    0.0068021   0.00108939  -0.00157067   0.00365269   -0.0120048  -0.00360369  -0.00290578  -0.00923507  -0.00556668   -0.0128476  -0.00319243  -0.00791264  0.000998161    -0.012526  -0.00860272  -0.00347963   -0.0161266  -0.00825289   0.00233345   0.00560037   -0.0017637  -0.00207471  -0.00605206   -0.0110159   -0.0117177   -0.0107554  -0.00377839  -0.00855306   0.00453531 -0.000714512    -0.048754   -0.0251358   -0.0403631   -0.0251738    -0.057039    -0.034645   -0.0457016   -0.0426628   -0.0323588   -0.0445693   -0.0379028   -0.0255768   -0.0421995   -0.0201271    -0.039317   -0.0374031   -0.0382021   -0.0310335   -0.0450786   -0.0247942   -0.0401908
  -0.0218211   -0.0267361   -0.0338647   -0.0355236   -0.0189299    -0.030864   -0.0239198   -0.0367197   -0.0315425   -0.0225889     0.989697     0.100418    0.0588345    0.0490036    0.0425246     0.059447    0.0494079    0.0447303     0.055216    0.0632641  -0.00562495   -0.0140953   -0.0160313   -0.0208338  -0.00859262    -0.013278  -0.00880177   -0.0214191  -0.00732089   -0.0146797   -0.0973456   -0.0982626   -0.0944599    -0.104842   -0.0950912    -0.102291     -0.09173   -0.0946841   -0.0931856   -0.0985009   -0.0786526   -0.0899513   -0.0931652   -0.0960626   -0.0908394   -0.0945447   -0.0942046   -0.0969181   -0.0960962    -0.100833    0.0464785    0.0541333    0.0274082    0.0349054     0.042455    0.0415541    0.0455496    0.0153147    0.0425443     0.039416    0.0233957    0.0284873    0.0458143     0.021884    0.0519267    0.0418349    0.0119547    0.0386509    0.0455886    0.0386015    0.0538681
  -0.0368753   -0.0184703   -0.0326514   -0.0344239   -0.0378122   -0.0353084   -0.0208688   -0.0254879   -0.0274634   -0.0251789     0.100418     0.994813    0.0588231    0.0397351    0.0363855    0.0575812    0.0529431    0.0580252    0.0533342    0.0590738   -0.0198035   -0.0157974   -0.0263116    -0.011031   -0.0178344   -0.0177719  -0.00929715   -0.0227106  -0.00731749 -0.000686736   -0.0959576   -0.0939066     -0.10856    -0.107071    -0.108504   -0.0974705   -0.0922948   -0.0980035     -0.10018    -0.106195    -0.098956    -0.083439   -0.0923072    -0.101914   -0.0960901   -0.0917406    -0.101258   -0.0994153    -0.100189   -0.0972174    0.0576222    0.0518468    0.0515468    0.0436109    0.0376075    0.0414661    0.0516981    0.0225795    0.0626535      0.03998     0.053583    0.0376668    0.0453926    0.0455892    0.0443644    0.0371553     0.028788    0.0364025    0.0309388    0.0440784    0.0468576
  -0.0236041   -0.0238124    -0.039087   -0.0204649   -0.0214226    -0.034745   -0.0187239   -0.0331216   -0.0232489   -0.0248496    0.0588345    0.0588231     0.995629    0.0605267    0.0417497    0.0691329    0.0531024    0.0490689    0.0538669    0.0473334   -0.0228014   -0.0195331   -0.0151436   -0.0200792   -0.0128686  -0.00797564   -0.0170069   -0.0253163    -0.012558      -0.0193   -0.0926181   -0.0954651   -0.0983898   -0.0937487    -0.104329   -0.0962896    -0.107243   -0.0982105   -0.0995492   -0.0969779   -0.0867936   -0.0852952   -0.0879401    -0.105446   -0.0848354   -0.0933501   -0.0907061   -0.0953719   -0.0984078   -0.0886134    0.0420232    0.0491782    0.0440109    0.0380912     0.039021    0.0470714    0.0379196    0.0329451    0.0486536      0.03353    0.0472722    0.0466075    0.0441488    0.0183965    0.0442971    0.0333441    0.0342249    0.0392321    0.0398449    0.0496239    0.0459029
  -0.0237672   -0.0238452   -0.0222329   -0.0207045   -0.0157384   -0.0265624   -0.0239525   -0.0285833   -0.0273733   -0.0256868    0.0490036    0.0397351    0.0605267     0.984269    0.0559276    0.0441619    0.0421833    0.0526206    0.0382967    0.0512237   0.00322864 -0.000946946   -0.0310305   -0.0110263   -0.0234755   -0.0233223  -0.00603526   -0.0153643  -0.00353294   -0.0286376   -0.0991974   -0.0948398    -0.100789   -0.0990617   -0.0996185   -0.0992602   -0.0930913    -0.114145     -0.10928    -0.102948   -0.0880509   -0.0841979   -0.0865864   -0.0986712    -0.103105    -0.080759    -0.103547   -0.0948925   -0.0894384   -0.0969103    0.0432775     0.052328    0.0397981    0.0485872    0.0459825    0.0517215    0.0568554    0.0274962    0.0409508    0.0471474    0.0300877    0.0380869    0.0581006    0.0228566    0.0549834    0.0575949    0.0242803    0.0504812    0.0532465    0.0585993    0.0425103
  -0.0299151   -0.0327702   -0.0416743   -0.0199829   -0.0230384   -0.0370715   -0.0281102   -0.0412045   -0.0192898    -0.021523    0.0425246    0.0363855    0.0417497    0.0559276     0.991534    0.0618079    0.0463866     0.048363    0.0302147    0.0540589   -0.0112638   -0.0038779   -0.0194301  -0.00588004   -0.0156605   -0.0140626   -0.0115023    -0.021922   -0.0113443    -0.010185    -0.098136   -0.0976557    -0.100516   -0.0970206    -0.096441   -0.0955452   -0.0938844    -0.100467   -0.0886306   -0.0963902   -0.0956525   -0.0872957   -0.0874022    -0.103175   -0.0980213   -0.0888482   -0.0990683   -0.0895054   -0.0916477   -0.0914856    0.0466374    0.0537745    0.0404616    0.0500687    0.0496586    0.0505056    0.0499281    0.0245326    0.0475598    0.0383233    0.0480838    0.0431632    0.0536425    0.0448845    0.0631305    0.0500235    0.0342935    0.0528964    0.0459266    0.0484964    0.0441466
  -0.0113235  -0.00737258   -0.0372895   -0.0212732   -0.0198716   -0.0370435    -0.026821   -0.0422162   -0.0209527   -0.0144326     0.059447    0.0575812    0.0691329    0.0441619    0.0618079      1.00108    0.0489104    0.0522216    0.0684106    0.0481782   -0.0206164   -0.0334931   -0.0156581    -0.034285   -0.0116859    -0.011768   -0.0242944  -0.00712638   -0.0132568  -0.00960841   -0.0983514   -0.0907799   -0.0926578    -0.100107   -0.0888969   -0.0992093    -0.104374   -0.0983362   -0.0895894   -0.0979882   -0.0993987    -0.101031    -0.097008   -0.0951476    -0.101807    -0.106443     -0.10853   -0.0998173    -0.111739   -0.0975408    0.0458133    0.0595253    0.0294032    0.0314826    0.0471049    0.0341247    0.0526734    0.0431255    0.0465476    0.0414449    0.0326092    0.0437077    0.0547142     0.024532    0.0351475    0.0495914    0.0459383     0.027131    0.0560904    0.0478163    0.0593366
  -0.0268535   -0.0256538   -0.0269206   -0.0389557   -0.0338613   -0.0299206   -0.0213059   -0.0315154   -0.0262271   -0.0321436    0.0494079    0.0529431    0.0531024    0.0421833    0.0463866    0.0489104      1.00027    0.0576066    0.0499922     0.051453   -0.0221541   -0.0230028    -0.018964  -0.00691279   -0.0119381    -0.010077   -0.0230016   -0.0150212  -0.00603687  -0.00777182   -0.0917405   -0.0777811   -0.0979961   -0.0995253   -0.0959688   -0.0911706   -0.0982207   -0.0909299   -0.0947069   -0.0951559   -0.0894291   -0.0917888   -0.0888001   -0.0951037   -0.0900662    -0.094107    -0.100972   -0.0987981    -0.100257   -0.0954529     0.051763    0.0537764    0.0632775    0.0339244    0.0414073    0.0384642    0.0462799    0.0375448     0.046062      0.04328      0.06543    0.0446227    0.0542366    0.0341825    0.0478283    0.0358063    0.0363034    0.0240989    0.0411121    0.0391702     0.046064
  -0.0224236   -0.0138634   -0.0282075   -0.0452578   -0.0246964   -0.0167238   -0.0158031   -0.0341573   -0.0313396   -0.0237026    0.0447303    0.0580252    0.0490689    0.0526206     0.048363    0.0522216    0.0576066     0.992434    0.0482921    0.0443047   -0.0190451  -0.00693651   -0.0244366   -0.0195125   -0.0113416   -0.0202301  -0.00599294   -0.0145645   -0.0120507   -0.0174096    -0.104579    -0.105118    -0.102128   -0.0941783    -0.103672    -0.103324    -0.105433   -0.0937118    -0.102786   -0.0959439   -0.0917535   -0.0862959   -0.0895097   -0.0944636   -0.0997321   -0.0964433    -0.100527     -0.09688   -0.0870539   -0.0987939    0.0420213    0.0579566    0.0485963     0.055689    0.0426117    0.0375849    0.0461114    0.0482856    0.0494668    0.0343838    0.0506817    0.0473351     0.049368     0.043019    0.0563898    0.0433396    0.0454667    0.0510291     0.035881    0.0426547    0.0460896
  -0.0269889   -0.0233115   -0.0246584   -0.0314868   -0.0145974   -0.0420522   -0.0324055   -0.0267656   -0.0131696   -0.0208021     0.055216    0.0533342    0.0538669    0.0382967    0.0302147    0.0684106    0.0499922    0.0482921     0.989087    0.0431858  -0.00891819   -0.0267257   -0.0111615  -0.00364338   -0.0064848   -0.0079286    -0.020745  -0.00479899  -0.00752036  0.000150995    -0.100757    -0.101047   -0.0967223   -0.0938905    -0.098407    -0.101703   -0.0959887   -0.0991455    -0.089269    -0.098769   -0.0935607    -0.093486    -0.094268    -0.104101   -0.0927972   -0.0928755    -0.107312    -0.104386   -0.0958092    -0.100699    0.0663072    0.0535642    0.0222217    0.0417546    0.0461363    0.0402996    0.0517232    0.0428159    0.0488782    0.0395156    0.0254314    0.0354329    0.0521624    0.0456728    0.0503534    0.0472974    0.0413928    0.0400116    0.0458031    0.0393669    0.0543718
  -0.0220854   -0.0294541   -0.0211172   -0.0317096   -0.0326252   -0.0313087   -0.0197832   -0.0325007   -0.0325987   -0.0258865    0.0632641    0.0590738    0.0473334    0.0512237    0.0540589    0.0481782     0.051453    0.0443047    0.0431858     0.990695   0.00180017  -0.00428966   -0.0119887    -0.014322   -0.0125198   -0.0246043   -0.0124253   -0.0147498  -0.00662866   -0.0146661    -0.090404   -0.0960399    -0.102285   -0.0908649   -0.0958481   -0.0937414   -0.0910868   -0.0880097   -0.0947371    -0.105247   -0.0874186   -0.0839487   -0.0873535   -0.0890273   -0.0945752   -0.0802131     -0.08952   -0.0928317   -0.0842578   -0.0887793    0.0483063    0.0416535    0.0260818   0.00846985      0.04694    0.0436431    0.0526833    0.0285507    0.0295005    0.0464027    0.0272833    0.0352217    0.0441179    0.0293425    0.0473225     0.042052    0.0294958    0.0195388    0.0449912    0.0454377    0.0503762
  -0.0198638   -0.0145116  -0.00327143   0.00977703  -0.00539434  -0.00169161 -0.000943825   -0.0279972  -0.00201976    0.0068021  -0.00562495   -0.0198035   -0.0228014   0.00322864   -0.0112638   -0.0206164   -0.0221541   -0.0190451  -0.00891819   0.00180017      1.04585    0.0339741    0.0270733    0.0238539    0.0171672    0.0116837    0.0166803    0.0270484     0.020316  -0.00260281   -0.0334454     -0.02342   -0.0326237   -0.0221877   -0.0366749   -0.0242362   -0.0246135   -0.0269897    -0.033467   -0.0301292   -0.0241401   -0.0249865    -0.026924   -0.0243823   -0.0249899   -0.0164693   -0.0301697   -0.0201357   -0.0332179   -0.0346184   0.00142401  -0.00428129   -0.0651618    -0.036792   0.00702881   -0.0186394   -0.0196513   -0.0159802   -0.0310419   0.00839654    -0.070718   -0.0178647   -0.0130862   -0.0388505  -0.00280117  -0.00682095   -0.0219945    -0.039001   0.00512578  0.000866287   -0.0161982
 -0.00734729  -0.00658557   -0.0145962  -0.00136491  -0.00662003     0.016048  -0.00287558   -0.0194051   -0.0133946   0.00108939   -0.0140953   -0.0157974   -0.0195331 -0.000946946   -0.0038779   -0.0334931   -0.0230028  -0.00693651   -0.0267257  -0.00428966    0.0339741      1.03386    0.0205055    0.0107436    0.0193752   0.00835606    0.0222009  0.000902402    0.0203809   0.00409079   -0.0223373   -0.0306711   -0.0356717    -0.030456   -0.0337195   -0.0288873    -0.032681   -0.0245114   -0.0347051    -0.038906   -0.0119214   -0.0255931   -0.0182433   -0.0321132   -0.0311874  -0.00466849   -0.0236491   -0.0224685   -0.0127164   -0.0111451   -0.0232956   -0.0135651   -0.0188441    0.0168656   -0.0422416   -0.0218998   -0.0101852   -0.0344675   -0.0253423   -0.0258996   -0.0100012   -0.0174335   -0.0270893   -0.0376172   0.00391476   -0.0321041   -0.0338852    0.0116087     -0.03184  -0.00223112   -0.0220529
 -0.00670269   0.00384894    -0.024801   0.00314867 -0.000763371   -0.0089536   0.00257322   -0.0283617    0.0114114  -0.00157067   -0.0160313   -0.0263116   -0.0151436   -0.0310305   -0.0194301   -0.0156581    -0.018964   -0.0244366   -0.0111615   -0.0119887    0.0270733    0.0205055      1.05702    0.0232631    0.0277486    0.0319205    0.0146354    0.0229715    0.0199295    0.0378312   -0.0305455    -0.016878    -0.022885   -0.0161789    -0.034006   -0.0291268   -0.0272044   -0.0195815   -0.0158809   -0.0180034   -0.0251464   -0.0388372   -0.0310708   -0.0169714   -0.0199775   -0.0425022   -0.0216677   -0.0190006   -0.0381999    -0.034033  -0.00282575  -0.00733975   -0.0368936   -0.0212621   -0.0213486   -0.0215629   -0.0297646   -0.0287479   -0.0124175   -0.0173871   -0.0389435   -0.0165614   -0.0194052  -0.00889256   -0.0102709    -0.016096   -0.0276145    -0.018158   -0.0151632   -0.0262551  -0.00754837
  -0.0155723  -0.00907339   0.00596581  -0.00356025   -0.0262379   -0.0107507 -2.68681e-05   0.00759923  -0.00583273   0.00365269   -0.0208338    -0.011031   -0.0200792   -0.0110263  -0.00588004    -0.034285  -0.00691279   -0.0195125  -0.00364338    -0.014322    0.0238539    0.0107436    0.0232631      1.03588    0.0181514    0.0141286   0.00565175    0.0033394    0.0197629    0.0241804   -0.0184535   -0.0151935   -0.0374608   -0.0199889   -0.0203738   -0.0243607   -0.0132452   -0.0206202   -0.0274491   -0.0272716   -0.0164777   -0.0239028  -0.00962933   -0.0201335   -0.0177735   -0.0112287  -0.00775458   -0.0107089   -0.0192596   -0.0212596   -0.0154299   -0.0227771   -0.0428874   -0.0228409   -0.0345585   -0.0133445   -0.0261522    -0.032939   -0.0180727   -0.0308211   -0.0290515   -0.0262599   -0.0285843 -0.000335849   -0.0207283    -0.030257    -0.027325   -0.0291141   -0.0381179   -0.0178963   -0.0164827
   -0.013866  -0.00858212   -0.0196893  -0.00474014   -0.0117051     -0.01852  -0.00449907   -0.0103392   0.00671185   -0.0120048  -0.00859262   -0.0178344   -0.0128686   -0.0234755   -0.0156605   -0.0116859   -0.0119381   -0.0113416   -0.0064848   -0.0125198    0.0171672    0.0193752    0.0277486    0.0181514      1.01837    0.0348816    0.0149293   0.00659032    0.0221968    0.0296615   -0.0299646   -0.0141499   -0.0220672   -0.0183129   -0.0309315   -0.0323566   -0.0219649   -0.0130785   -0.0194919    -0.027482   -0.0152995   -0.0307563   -0.0256843   -0.0130362   -0.0250988   -0.0331071   -0.0159425   -0.0168755   -0.0257649    -0.028263  -0.00614793   -0.0135292  -0.00746137   -0.0227603   -0.0320031   -0.0231179   -0.0241913   -0.0232032    -0.037377   -0.0128121  -0.00767383   -0.0302471   -0.0233922   -0.0311653   -0.0190961   -0.0228851   -0.0243083   -0.0380006   -0.0186914   -0.0238475   -0.0104177
   0.0124047  -0.00788377   -0.0162792  -0.00369615  -0.00610056   -0.0015328   0.00187402  -0.00934601    0.0144663  -0.00360369    -0.013278   -0.0177719  -0.00797564   -0.0233223   -0.0140626    -0.011768    -0.010077   -0.0202301   -0.0079286   -0.0246043    0.0116837   0.00835606    0.0319205    0.0141286    0.0348816     0.999472     0.014553    0.0106228    0.0128848    0.0239047   -0.0211292   -0.0220356   -0.0210226    -0.013998   -0.0302745   -0.0293446    -0.025686   -0.0146317   -0.0302573   -0.0141466   -0.0207782   -0.0324477    -0.031221   -0.0276073   -0.0220672   -0.0358732   -0.0304833   -0.0223528   -0.0462527   -0.0272512  0.000445068   -0.0183815  -0.00234026  -0.00959702   -0.0291012   -0.0252513   -0.0300038   -0.0204218   -0.0228744   -0.0180252   -0.0120784   -0.0130285   -0.0205078   -0.0428592   -0.0251443   -0.0247218   -0.0219527   -0.0146191   -0.0246181   -0.0164235  -0.00990558
 -0.00692771   -0.0209348   -0.0183612   0.00708114   -0.0140877   0.00277085  -0.00465696   -0.0293965  0.000141619  -0.00290578  -0.00880177  -0.00929715   -0.0170069  -0.00603526   -0.0115023   -0.0242944   -0.0230016  -0.00599294    -0.020745   -0.0124253    0.0166803    0.0222009    0.0146354   0.00565175    0.0149293     0.014553       1.0216   0.00648747    0.0164466    0.0146879   -0.0219339   -0.0271545   -0.0346197   -0.0230709    -0.024045   -0.0359148   -0.0269927   -0.0138366   -0.0268598   -0.0265758   -0.0110653   -0.0283582   -0.0123221   -0.0263092   -0.0217868   -0.0158178   -0.0211114   -0.0109794   -0.0193201   -0.0152546   -0.0150214   -0.0183515   0.00175576   -0.0202237   -0.0232648   -0.0134425   -0.0127868   -0.0371693   -0.0285808   -0.0168668   -0.0081848   -0.0317264   -0.0174117   -0.0171331  -0.00564125   -0.0166551   -0.0288509   -0.0246212   -0.0264245   -0.0179371   -0.0190034
  -0.0108284   -0.0139879  -0.00421249  -0.00591885  -0.00727806  -0.00117619   0.00117215   0.00177581  0.000766973  -0.00923507   -0.0214191   -0.0227106   -0.0253163   -0.0153643    -0.021922  -0.00712638   -0.0150212   -0.0145645  -0.00479899   -0.0147498    0.0270484  0.000902402    0.0229715    0.0033394   0.00659032    0.0106228   0.00648747      1.01017   0.00218038   0.00624351   -0.0156704   -0.0203532   -0.0236856   -0.0180293   -0.0229016   -0.0239222    -0.017598   -0.0166932   -0.0279221   -0.0112527   -0.0214899   -0.0278078   -0.0321123   -0.0156097   -0.0306502    -0.027055   -0.0229336   -0.0215442   -0.0359905    -0.031231   0.00995369   -0.0133333   -0.0119521   -0.0453124  -0.00460079   -0.0133658   -0.0152867   -0.0253879   -0.0281358   0.00494205   -0.0171361   -0.0165788   -0.0128732   -0.0182516   -0.0092132   -0.0135909   -0.0282059   -0.0555401  -0.00281173   0.00213764  -0.00857389
  -0.0173164   -0.0189876  -0.00058385  0.000440484   -0.0143693  0.000431661    0.0012384  -0.00837281  -0.00374494  -0.00556668  -0.00732089  -0.00731749    -0.012558  -0.00353294   -0.0113443   -0.0132568  -0.00603687   -0.0120507  -0.00752036  -0.00662866     0.020316    0.0203809    0.0199295    0.0197629    0.0221968    0.0128848    0.0164466   0.00218038     0.994739    0.0183876   -0.0306914   -0.0263207   -0.0324784    -0.019419   -0.0330819   -0.0212471   -0.0299114    -0.029391   -0.0269852   -0.0255739   -0.0209769   -0.0232723   -0.0171712   -0.0179491   -0.0167834   -0.0178973   -0.0265961   -0.0172252   -0.0153541   -0.0227747   -0.0180098   -0.0307264   -0.0452866   -0.0188043   -0.0335855   -0.0205584   -0.0164084   -0.0295648   -0.0247406   -0.0247895   -0.0330795   -0.0273163   -0.0285348   -0.0162831  -0.00771612   -0.0325956   -0.0267337   -0.0310207   -0.0325813   -0.0193652   -0.0205714
  -0.0121517   -0.0139247  -0.00283854   -0.0165399    -0.022585   -0.0256424   0.00688014  -0.00752377   0.00794461   -0.0128476   -0.0146797 -0.000686736      -0.0193   -0.0286376    -0.010185  -0.00960841  -0.00777182   -0.0174096  0.000150995   -0.0146661  -0.00260281   0.00409079    0.0378312    0.0241804    0.0296615    0.0239047    0.0146879   0.00624351    0.0183876       1.0521   -0.0318414   -0.0162722    -0.029071   -0.0153446   -0.0216126   -0.0201368   -0.0308752   -0.0167196   -0.0152301   -0.0237173   -0.0233668   -0.0333108   -0.0311221   -0.0124679   -0.0188516   -0.0412392   -0.0322247   -0.0222162   -0.0424832   -0.0298627   0.00953645   -0.0173202   0.00616259  -0.00715101   -0.0478577    -0.028978   -0.0356589   -0.0191297  -0.00498684   -0.0233347   -0.0048949   -0.0288121   -0.0136058   -0.0103168   -0.0164711   -0.0414529   -0.0227449   -0.0134133    -0.036336   -0.0328093  -0.00373433
  0.00964665  -0.00406304   0.00306689   0.00446342   0.00765605  -0.00126125  -9.4484e-05  -0.00068085  -0.00662579  -0.00319243   -0.0973456   -0.0959576   -0.0926181   -0.0991974    -0.098136   -0.0983514   -0.0917405    -0.104579    -0.100757    -0.090404   -0.0334454   -0.0223373   -0.0305455   -0.0184535   -0.0299646   -0.0211292   -0.0219339   -0.0156704   -0.0306914   -0.0318414      1.05193     0.143744     0.145778     0.141642     0.152258     0.148179     0.150661     0.140651     0.146873     0.136894     0.125922     0.124394      0.13455     0.142545     0.136452     0.129965     0.138503     0.136369     0.135692     0.133176    -0.121849    -0.128017    -0.130013    -0.126455    -0.130053    -0.109545    -0.124813    -0.121949    -0.142392    -0.129101    -0.128605     -0.12177     -0.13947    -0.141214     -0.12409    -0.134083    -0.121819    -0.140889    -0.128028    -0.123502    -0.125826
    -0.01155  -0.00554528   -0.0046053   -0.0058139  -0.00308507   0.00628259 -0.000438835  -0.00338329   0.00309215  -0.00791264   -0.0982626   -0.0939066   -0.0954651   -0.0948398   -0.0976557   -0.0907799   -0.0777811    -0.105118    -0.101047   -0.0960399     -0.02342   -0.0306711    -0.016878   -0.0151935   -0.0141499   -0.0220356   -0.0271545   -0.0203532   -0.0263207   -0.0162722     0.143744      1.08427     0.144072     0.143328     0.147002     0.143292     0.136872     0.136461     0.138381     0.145791     0.131135      0.11205     0.121443     0.136741     0.139035       0.1224     0.134603     0.127416     0.118956     0.131336    -0.123747    -0.121109    -0.132145     -0.12608    -0.129414    -0.115123    -0.119851    -0.114715    -0.129439    -0.114481    -0.134129    -0.116816    -0.130872     -0.13594    -0.121511    -0.119885    -0.114679    -0.134037    -0.111849    -0.124644    -0.112313
  0.00500798   0.00491867   -0.0110072   0.00421416  -0.00231497  -0.00314958  -0.00896473 -0.000291146   0.00145845  0.000998161   -0.0944599     -0.10856   -0.0983898    -0.100789    -0.100516   -0.0926578   -0.0979961    -0.102128   -0.0967223    -0.102285   -0.0326237   -0.0356717    -0.022885   -0.0374608   -0.0220672   -0.0210226   -0.0346197   -0.0236856   -0.0324784    -0.029071     0.145778     0.144072      1.06982     0.141918     0.157868     0.149685     0.146808     0.152658     0.148493     0.154869     0.120709     0.132875     0.130385     0.141676     0.131776     0.121091     0.130181     0.136364     0.127167     0.133658    -0.111764    -0.125788    -0.137815    -0.116508     -0.13172    -0.111089    -0.115082    -0.132328    -0.121157    -0.113168     -0.13659    -0.121168    -0.133012    -0.131346    -0.127523    -0.105595    -0.137963    -0.121403    -0.108287     -0.12513    -0.117526
 -0.00312171  -0.00198565  -0.00541459   0.00477573    -0.012579    0.0101923   -0.0010443  -0.00416754   0.00568851    -0.012526    -0.104842    -0.107071   -0.0937487   -0.0990617   -0.0970206    -0.100107   -0.0995253   -0.0941783   -0.0938905   -0.0908649   -0.0221877    -0.030456   -0.0161789   -0.0199889   -0.0183129    -0.013998   -0.0230709   -0.0180293    -0.019419   -0.0153446     0.141642     0.143328     0.141918      1.05965     0.144552     0.135467     0.143382      0.14461     0.145051     0.142068     0.124007     0.123123     0.126372     0.137177     0.130892     0.125268     0.134604     0.121374     0.113504     0.130721     -0.12135    -0.116014    -0.142346    -0.135946    -0.125025    -0.123875    -0.113731    -0.123445    -0.119376    -0.107937     -0.14437    -0.112469    -0.136463    -0.111109    -0.114742    -0.114726    -0.114634     -0.13532     -0.12318    -0.124603    -0.119132
 -0.00393506   0.00350454    0.0145575  -0.00135727   0.00370837  -0.00510809  -0.00630507   0.00907538    0.0021506  -0.00860272   -0.0950912    -0.108504    -0.104329   -0.0996185    -0.096441   -0.0888969   -0.0959688    -0.103672    -0.098407   -0.0958481   -0.0366749   -0.0337195    -0.034006   -0.0203738   -0.0309315   -0.0302745    -0.024045   -0.0229016   -0.0330819   -0.0216126     0.152258     0.147002     0.157868     0.144552      1.06947     0.151261     0.144973     0.142694     0.142306     0.143502     0.118425     0.138748     0.132153      0.12768     0.127747      0.13021     0.143576     0.139963     0.132901     0.136874    -0.124151    -0.130276    -0.128968    -0.113011    -0.134466    -0.107696     -0.12276    -0.128411    -0.132954    -0.117661    -0.133416     -0.13003    -0.126086    -0.126978    -0.120236    -0.121929    -0.127557    -0.123212    -0.121179    -0.135334    -0.116101
 -0.00446698   0.00276514   0.00161948    0.0046609  -0.00910427 -0.000515664  -0.00394605   0.00283931   -0.0100017  -0.00347963    -0.102291   -0.0974705   -0.0962896   -0.0992602   -0.0955452   -0.0992093   -0.0911706    -0.103324    -0.101703   -0.0937414   -0.0242362   -0.0288873   -0.0291268   -0.0243607   -0.0323566   -0.0293446   -0.0359148   -0.0239222   -0.0212471   -0.0201368     0.148179     0.143292     0.149685     0.135467     0.151261      1.06956     0.146583     0.135017     0.144361     0.140504     0.127044     0.128577     0.131807     0.133766      0.14873     0.122872     0.140817     0.137305     0.135802     0.136567    -0.115505    -0.125113    -0.138613    -0.120447    -0.123936    -0.114372    -0.119216    -0.117403    -0.133301    -0.114393    -0.134827    -0.117295    -0.136754    -0.138281    -0.126012      -0.1284    -0.117866    -0.127896    -0.127789     -0.13309    -0.107546
 -0.00716884   -0.0048686  0.000142082  0.000512428  -0.00218368    0.0161998  -0.00288727  -0.00379636   -0.0104971   -0.0161266     -0.09173   -0.0922948    -0.107243   -0.0930913   -0.0938844    -0.104374   -0.0982207    -0.105433   -0.0959887   -0.0910868   -0.0246135    -0.032681   -0.0272044   -0.0132452   -0.0219649    -0.025686   -0.0269927    -0.017598   -0.0299114   -0.0308752     0.150661     0.136872     0.146808     0.143382     0.144973     0.146583       1.0668     0.142854     0.145705     0.141745     0.124831     0.128623     0.125614     0.142664     0.139171     0.127145     0.137102      0.12485     0.133133     0.141004     -0.12261    -0.119109    -0.136476    -0.146322    -0.129395    -0.109576     -0.11884    -0.118885    -0.117684    -0.117596    -0.132802    -0.120302    -0.138198    -0.104042     -0.12664    -0.113576    -0.117076    -0.144885    -0.132696    -0.122999    -0.117734
  -0.0023238 -0.000789287  -0.00551101   -0.0024995  -0.00104251    0.0026411  -0.00801195   -0.0032861 -0.000284658  -0.00825289   -0.0946841   -0.0980035   -0.0982105    -0.114145    -0.100467   -0.0983362   -0.0909299   -0.0937118   -0.0991455   -0.0880097   -0.0269897   -0.0245114   -0.0195815   -0.0206202   -0.0130785   -0.0146317   -0.0138366   -0.0166932    -0.029391   -0.0167196     0.140651     0.136461     0.152658      0.14461     0.142694     0.135017     0.142854      1.06396     0.146485     0.145138     0.114737     0.128529     0.127991     0.132685     0.140542     0.118303     0.137342      0.13209     0.121128      0.13104    -0.125032    -0.114893     -0.10278    -0.133617    -0.128757    -0.118541      -0.1228    -0.118318      -0.1231    -0.122911    -0.107047    -0.128073    -0.133709    -0.108697    -0.121755    -0.125547    -0.116807    -0.141066    -0.127189    -0.131867    -0.119767
  -0.0102433  -0.00974082   -0.0116702   -0.0151763   0.00426742  -0.00475496  -0.00403743 -0.000591889  0.000527528   0.00233345   -0.0931856     -0.10018   -0.0995492     -0.10928   -0.0886306   -0.0895894   -0.0947069    -0.102786    -0.089269   -0.0947371    -0.033467   -0.0347051   -0.0158809   -0.0274491   -0.0194919   -0.0302573   -0.0268598   -0.0279221   -0.0269852   -0.0152301     0.146873     0.138381     0.148493     0.145051     0.142306     0.144361     0.145705     0.146485      1.06441     0.138804      0.11908     0.126921     0.129638     0.131666     0.133599     0.123628     0.143138     0.135836     0.115511     0.126052    -0.117432    -0.122732     -0.13256    -0.114476    -0.125037    -0.108606    -0.117538    -0.117356    -0.112242    -0.115587    -0.126711    -0.123669    -0.134595    -0.109164    -0.121946    -0.122039    -0.119676    -0.120539    -0.127013    -0.130857    -0.117847
  0.00325204   0.00366887   0.00252713   0.00482741   0.00999114  -0.00751863   0.00123795   -0.0013601   0.00665115   0.00560037   -0.0985009    -0.106195   -0.0969779    -0.102948   -0.0963902   -0.0979882   -0.0951559   -0.0959439    -0.098769    -0.105247   -0.0301292    -0.038906   -0.0180034   -0.0272716    -0.027482   -0.0141466   -0.0265758   -0.0112527   -0.0255739   -0.0237173     0.136894     0.145791     0.154869     0.142068     0.143502     0.140504     0.141745     0.145138     0.138804      1.06265     0.119151     0.125708     0.129177     0.139806     0.143261     0.124411     0.140027     0.123518     0.118966     0.127863    -0.118484    -0.121837    -0.142001    -0.126387     -0.12199     -0.11271    -0.124946    -0.118731    -0.117156    -0.125713    -0.132239    -0.123722    -0.124353    -0.122149    -0.122886    -0.119672    -0.126116    -0.135607    -0.126814    -0.129344    -0.109235
  -0.0142135   -0.0168487  0.000118854   0.00534664   0.00267022   0.00741766  -0.00333984   0.00145652   -0.0104503   -0.0017637   -0.0786526    -0.098956   -0.0867936   -0.0880509   -0.0956525   -0.0993987   -0.0894291   -0.0917535   -0.0935607   -0.0874186   -0.0241401   -0.0119214   -0.0251464   -0.0164777   -0.0152995   -0.0207782   -0.0110653   -0.0214899   -0.0209769   -0.0233668     0.125922     0.131135     0.120709     0.124007     0.118425     0.127044     0.124831     0.114737      0.11908     0.119151      1.04347     0.128484     0.123173     0.117859     0.130209     0.124196      0.13764     0.123865     0.127556     0.132886    -0.117459    -0.110607     -0.11454    -0.125758    -0.129451    -0.101223    -0.111924    -0.110578    -0.145547    -0.103008    -0.110232    -0.119108    -0.128114      -0.1321    -0.113369    -0.113291    -0.109788    -0.135428    -0.117978    -0.112319    -0.115932
   -0.013492  -0.00484804   0.00411042 -0.000291983  -0.00186402   0.00148879  -0.00101582   0.00183276  -0.00951989  -0.00207471   -0.0899513    -0.083439   -0.0852952   -0.0841979   -0.0872957    -0.101031   -0.0917888   -0.0862959    -0.093486   -0.0839487   -0.0249865   -0.0255931   -0.0388372   -0.0239028   -0.0307563   -0.0324477   -0.0283582   -0.0278078   -0.0232723   -0.0333108     0.124394      0.11205     0.132875     0.123123     0.138748     0.128577     0.128623     0.128529     0.126921     0.125708     0.128484      1.04652     0.132121     0.131843     0.125934     0.135148     0.126767     0.130394     0.136443     0.135469    -0.129475    -0.122011    -0.134907    -0.118336    -0.131201    -0.107364    -0.106659    -0.101409    -0.109849    -0.125489    -0.132972    -0.110233    -0.125598    -0.083097    -0.115531      -0.1184    -0.107619    -0.126084    -0.127627    -0.119104    -0.116468
  -0.0173163    -0.012856  -0.00405478  -0.00236188   0.00311694   0.00115208   0.00310225  -0.00557087  -0.00760331  -0.00605206   -0.0931652   -0.0923072   -0.0879401   -0.0865864   -0.0874022    -0.097008   -0.0888001   -0.0895097    -0.094268   -0.0873535    -0.026924   -0.0182433   -0.0310708  -0.00962933   -0.0256843    -0.031221   -0.0123221   -0.0321123   -0.0171712   -0.0311221      0.13455     0.121443     0.130385     0.126372     0.132153     0.131807     0.125614     0.127991     0.129638     0.129177     0.123173     0.132121       1.0458     0.126951     0.128533     0.132712     0.131741     0.131925     0.140443     0.136195    -0.130428    -0.126407    -0.139114    -0.118973    -0.126951    -0.118732    -0.105699    -0.109672    -0.114198    -0.112881     -0.12142    -0.106001    -0.125303    -0.106975    -0.109786    -0.119502    -0.115748    -0.134053    -0.131328    -0.117897    -0.126616
