 2.71714e+19      59.3803      2056.56      8.77923      10.0895      10.1872      16.7271      97.1281      63.0666      8.08767       1.7343   0.00155091     0.832878     -0.03448     0.492279       41.769  1.75893e+06      71.5293      12.3518      108.851      550.457      22.8613      281.062      38.7919      29.5391      155.525        8.266      14.3976      1061.49      517.859      0.18021      13.5367      51.7184     0.680689      22.6586      63.2912      3.60761      37.4117      54.1685      20.0733      3.25318      5.20798      9.50996      119.687      235.624      10.8989      38.3272      64.4446      166.703       17.696        12376      7083.11      2300.67  1.46215e+06       499.78      1485.15      375.821      70.7604       784.66      47742.3      574.527      325.229      673.662      85417.7       143556      430.143      306.374       511412      1276.01      255.193      2261.41
     59.3803  4.46264e+19      5055.13      27.2388      423.875      119.076      44.7823      34.9654      56.3146      21.6043      15.9439      0.20133      3.59884    0.0161884     0.378092      171.221      20478.7       1326.2      49.0382      101.893      6130.83      5044.35      832.809      128.067       133.68        56.87      26.0679      17.1122      5122.54      374.709     0.245705      46.3205      5069.12      2.76487      16.6978      5099.01      24.9321      5065.99       93.664      91.1444      4.09741      17.5606      5.26606      355.178      507.629      41.1523       33.643      121.284      34.3846      65.7069      3069.65      26995.4      8513.44  5.76742e+06      6713.39      10368.4      1756.98      523.294      6374.63       189268      2527.34      1970.02      5431.21       344402  1.13794e+06      888.217      544.311   1.7511e+06      4917.47      1298.91      13539.7
     2056.56      5055.13  3.50581e+19      1702.41      91.3237      116.402      1691.54      2210.04      1597.33      25.4143      26.3997      1664.36     0.360301    0.0238642      10.5857      5.75413  5.00865e+07       20.165      96.5965      2923.05      5237.84      5036.31      1957.38      334.478      98.6706      127.208      23.3591      18.1163      11822.8      262.836     0.488886       26.319      5140.27      1.33016      116.104      5156.89       1689.1      5080.84      27.0267      118.727      4.54204      34.1336       193.41      11.8443      176.856      307.918      124.557      135.161      140.882      106.456       326271       634.15      1270.11       403195       6340.5      19352.2      1902.49      165.583      13139.4      984.203      833.543      164.935      15669.2      22425.6  2.27029e+06      378.869      243.902   2.0461e+06       2013.8      1806.44      5569.62
     8.77923      27.2388      1702.41  5.30728e+19      49.6445      93.5965       1756.5      5143.99      22.0473      12.3985      21.0217      1664.33     0.414275   -0.0307953     0.328945      5.32751      10577.2      568.142      6.19123      192.278      1591.47      14.8336      1797.62      199.921       15.386      283.888      18.8002      93.0334      50.4078      903.789     0.893329      13.6404      59.2346      160.415        82.08      95.8258      1718.08      56.9751      5353.13      26.7804     0.750971      6.93236      9.07588      251.354      59.8596      262.952      137.512      138.229      392.519      30.2385      2543.47      6133.71      5456.04       184351       903.16      18873.2      1840.77      5075.01      12960.2      11537.1      5939.41      135.125      195.919      36252.6   2.2411e+06      5531.51      337.003      56030.5      233.833      1955.39      532.867
     10.0895      423.875      91.3237      49.6445  4.90535e+19      20.4404      8.36231      63.1849      10.0173      11.3867      7.07827   -0.0249284     0.456974   -0.0188894     0.388379      21.0707      2816.68      360.192      192.742      49.2555      684.652      276.362      497.643      67.4597      12.8379      569.907      6.03714      6.49921      216.891      2047.05     0.335369      6.18898      100.439      3.41717      18.2233      310.029      8.50229      97.6703      58.2605      68.0337      2.14749      8.52765      9.11982      445.881      102.611      271.499      56.8076       271.85      590.791      208.572      990.104      3949.99         1400       726811       1562.4      4847.87      887.415      649.495      3306.18      24473.5      1844.37      714.545      1213.37      47938.4       570537      827.223       880.85       220770      1073.83      508.272      1400.29
     10.1872      119.076      116.402      93.5965      20.4404  5.46411e+19      25.6839      107.467      12.9284      9.92554      5.96831    -0.014118     0.279242     0.148031     0.128085      10.6587      21212.3      51.0474      48.5299      50.1146      241.202      82.7025      143.227       171.03      12.6358       580.04      16.2649      52.9243      341.894      2298.94     0.397632      4.09792      122.411      4.63933       72.199       156.45      8.86208      89.4993      162.633      65.9956      2.48826      14.5042      8.86974      42.1856      86.1999       35.551       160.32      141.686       653.63      78.4326      547.091      2103.97      816.906       364373      1148.88      4936.26      962.256      325.372      3089.02        12811      1781.37      899.938      231.508      27460.9       570404       984.58      670.168       112250      1084.43      517.373      1341.25
     16.7271      44.7823      1691.54       1756.5      8.36231      25.6839  5.36685e+19      643.453      28.5446      23.6977      249.286      1664.36      248.878      248.447      248.666      21.0141      2034.04      729.926      96.5954      6.73705      1471.51      40.0296      2611.02      886.133      7.88208      11.7611      29.3038      626.967      651.407      118.099     0.946761      15.0683      25.3677     0.702448      9.73656      145.954       1669.9      25.7901      493.451      70.5122      7.84441      261.158      11.7599      32.8863      29.5198      275.719      641.595      654.644      71.7277      105.981      2583.57      3915.05         1619       727756      374.396      870.239      2124.59      647.601      2099.42      24616.4      406.919      477.069      304.638      42954.4      71847.2      106.918      547.398       221049      782.463      1790.83      1756.43
     97.1281      34.9654      2210.04      5143.99      63.1849      107.467      643.453  5.75281e+19      76.4741      32.0375      4.48385    0.0642438     0.332348    -0.033021       1.0792      10.6285  1.90058e+06       1135.1       153.08       128.72      2951.31      28.4671      928.726      774.602      9.47192      24.5116      26.9062      633.043      3026.83      279.972      1.34846      32.5004      10.3712      160.628      35.6756      193.584       49.424      58.4605      5659.54      21.7707      2.70454      33.8592      21.5177      133.645      218.536      87.4994      779.849      810.779      274.002      179.261      13644.7      7322.45      6594.84       378764       1154.2      2653.52      254.932      5260.16      1573.36      17707.5      5893.64      647.239      806.133      29306.2       286273      5441.08      684.338       188623      602.169      395.095      1434.09
     63.0666      56.3146      1597.33      22.0473      10.0173      12.9284      28.5446      76.4741  4.18393e+19       9540.6      11.0454      9525.44     0.383205 -9.90516e-05     0.648098      2.68547  1.35128e+06      180.751      48.6851      170.311      691.046      55.2287      1213.72      199.721      45.2769      71.4016      7.30499      11.0159      9862.64      76.6504     0.932796      6.42853      206.296      1.75629      165.013      324.577      5.31813      59.1821      782.354      16.1923      9527.78      6.71845       12.845      1744.92      377.422      54.6077       159.05      176.187       188.14      9577.29      10416.9      1967.53      689.009       101948      1263.51      10431.2      297.658      83.5592      5779.92      4143.16      418.422      778.078      10251.2      26483.3  1.13799e+06      528.568       1180.8      92367.9      9869.32      318.706      580.676
     8.08767      21.6043      25.4143      12.3985      11.3867      9.92554      23.6977      32.0375       9540.6   2.8758e+19      11.9028      9525.47     0.208447   -0.0303658     0.786469      2.63873      10746.1      84.4257      385.308      97.9357      1139.99      8.30379      531.094      161.398      14.3707      73.9589       13.513      31.5186      10174.2      311.322     0.107215      6.25859       50.706      1.54789      49.4513      418.593      16.0433      26.3021      51.8985      49.7259      9527.91      27.1207      10.7817      31.1343      151.409      38.9523      134.809      145.008      181.602      9913.97      979.767      1139.59      426.509        92579      728.192      10323.6      995.578      432.379      5762.87      4032.72      662.352      165.468      10591.3      26374.1  1.13795e+06       450.28      1089.41      38714.9        10066      140.088      321.916
      1.7343      15.9439      26.3997      21.0217      7.07827      5.96831      249.286      4.48385      11.0454      11.9028   1.2843e+18     0.147221      249.389      248.573      248.548     0.282283      26.8526      81.9289      6.19646      488.722      43.5807      6.48412      9.88464      449.947      1.47448      2.73899      21.4335      21.3139      8.63506       34.644    -0.116451     0.460714      27.2187     0.249117      43.5169       53.131     0.886762      6.54045      5.40395      10.8697    0.0802351      259.193      10.7524     0.148874      33.6515      1.42097      36.0974      48.0196      36.1597       6.3965      908.454      614.146      49.8124      5834.99      1222.52      47411.4      269.781       265.14      28632.2      206.651      1346.37      5.11108      369.294        52499  5.71856e+06      335.515      307.705      1766.25      14.3496      154.201      26.4073
  0.00155091      0.20133      1664.36      1664.33   -0.0249284    -0.014118      1664.36    0.0642438      9525.44      9525.47     0.147221  5.18132e+16      3.26857      7725.67    0.0555916    0.0924625      3.89455     0.611577      772.373      34.0422      0.25271    0.0506069      1664.36    0.0911884  -0.00637364     0.253698      7722.45   -0.0236313      9565.99      1.12309     -0.11057   -0.0126105   -0.0136356    -0.118997   -0.0316456   -0.0487099      1664.26   -0.0737339   -0.0217979   -0.0992224      9525.38    -0.100731    -0.109503   0.00381825   -0.0876925      248.352   -0.0128534     0.196567     0.359628      9525.37      1664.84      7724.74     0.716093      2030.29      7.16496      2.55465      9390.59      3.30061      1669.04       15.825      10.3106      9.95108      17248.1      17272.1      8008.94      1.18507      7726.04      9640.02      9526.16      9390.11      4.41951
    0.832878      3.59884     0.360301     0.414275     0.456974     0.279242      248.878     0.332348     0.383205     0.208447      249.389      3.26857  7.67703e+16      251.746      248.535      4.82243      654.283     0.359772    0.0933867      11.2287     0.773527    0.0926787      1.57882      251.221     0.028274     0.179117     0.421893     0.350236      40.5555      10.0334    -0.114159     0.801886     0.680707    -0.111149     0.584552     0.636836    -0.101603     0.750986     0.506295     0.068498   -0.0917708      248.651    0.0762072     0.924277   -0.0227172    -0.102149  -0.00112662      1.95916     0.268713     0.108946      75.1623      1003.44      208.544       164490      26.7897      783.872      278.217      252.507      468.486      5391.55      53.1362       28.903      250.608      10352.1      92320.8      6.30043      255.932      49912.7      132.138      25.4242      224.862
    -0.03448    0.0161884    0.0238642   -0.0307953   -0.0188894     0.148031      248.447    -0.033021 -9.90516e-05   -0.0303658      248.573      7725.67      251.746  6.86409e+17      248.542    0.0849967      3.23408      9.96409      772.364      34.1887     0.246879     0.202296     0.172616      248.745   -0.0143766     0.129945      7722.42   -0.0142852      1.28392      1.39002    -0.120018    -0.111407   0.00329461     -0.11676   -0.0234687   -0.0546507    -0.117095   -0.0780477      0.11143   -0.0463491      -0.1105      248.353    -0.107385   -0.0943361   -0.0523439    -0.111117   -0.0212786   -0.0119352     0.283235   -0.0775251       0.8695      7971.73     0.266322     0.439323       1.6861      19.2759      7975.42      252.494      14.8908      3.74732      5.57656      4.67475      7971.69       7744.9      10014.9      0.61428      7976.02      4.41482      1.28901      7725.87      4.31513
    0.492279     0.378092      10.5857     0.328945     0.388379     0.128085      248.666       1.0792     0.648098     0.786469      248.548    0.0555916      248.535      248.542  3.06223e+17     0.178808      9058.78      3.93309      48.4586     0.591098      20.4374      0.11125      63.4435      248.811      1.50289     0.260348    0.0519811     0.377941      2.49014      1.15704    -0.110489     0.182796      0.43473   -0.0401637    0.0325035      48.5431   -0.0676595    0.0836845      2.51219       0.1498  -0.00159743      248.506     0.325594      1.74957      14.8446     0.363273     0.562271     0.387664     0.425713      48.3337      123.777      326.129      20.9261      2994.53      2.13779      2.31732      249.758      297.717      2.63742      96.7434      13.8801      1.91888      250.858      172.754      144.219       15.862      249.556      1265.85      51.6942      2.09684      20.6876
      41.769      171.221      5.75413      5.32751      21.0707      10.6587      21.0141      10.6285      2.68547      2.63873     0.282283    0.0924625      4.82243    0.0849967     0.178808  5.52065e+17        15115      18.2216     0.802663      15.9689      50.2659      5.22644        80.46     0.718609     0.395029     0.408434      2.69177      1.32838      1.40842      489.139   -0.0745907      41.9242      26.4459   -0.0939676      1.18609      5.06847    0.0670221      46.6816       29.833     0.664412    -0.095342      10.3878     0.572382      41.7036     0.790066    0.0806123      1.85095      83.8443      3.30935      10.6714      3158.55      38712.9      10741.8  8.49785e+06      63.3459      970.531       1352.2      16.6851      163.361       278352      1109.79      969.308      62.3996       491359      1230.19      19.9958       212.43  2.57839e+06      6818.24       1023.3      11417.9
 1.75893e+06      20478.7  5.00865e+07      10577.2      2816.68      21212.3      2034.04  1.90058e+06  1.35128e+06      10746.1      26.8526      3.89455      654.283      3.23408      9058.78        15115  4.41943e+18      121.781      24444.7  2.35944e+06      20783.4      2630.28      70043.6      81219.1      2628.38      40628.4      2743.92      1565.21  1.01943e+07      39962.4      329.232      22964.2      21699.2      217.601      20555.6        24905       2584.5      43293.5       1605.1      82.0603         1311      21055.9       161911      3945.64      307.323      20361.5        10513      25563.3      5286.87        27461  2.80177e+08  2.42752e+06       823668   8.5014e+08       564965       481218       103307      65855.4      12890.1  1.71429e+07      79020.1      59794.2  9.08739e+06  3.02521e+07       104249       2896.9      15209.4  1.92109e+09  1.85511e+06        68466       864514
     71.5293       1326.2       20.165      568.142      360.192      51.0474      729.926       1135.1      180.751      84.4257      81.9289     0.611577     0.359772      9.96409      3.93309      18.2216      121.781  6.61364e+18      4.29993      3.70876       357672      75.6283      570.652       41.223      18.4195      302.435      28.8833      2.77084      51.1398      1405.82   -0.0271356      2269.13      22.8383     0.234937      296.973      25.2837      577.809      21.8654      72719.6      72.1753      1.18426      3.52782       38.565      64.0153      2260.45      43.8492       1327.5      44.0287        11342       38.422      71946.6       3535.6      1922.92      5988.66      1444.27      1468.44        98117       202779       619.09      6834.56       157145      17503.7       155802      1762.85      12577.8      2471.88       168779      1866.23      2365.16      1506.04      9707.13
     12.3518      49.0382      96.5965      6.19123      192.742      48.5299      96.5954       153.08      48.6851      385.308      6.19646      772.373    0.0933867      772.364      48.4586     0.802663      24444.7      4.29993   2.4626e+17      3.28954      33.5329      48.4012      24256.1      12.5972      24.3497     0.242646      784.583      192.801      2.83389      196.105    0.0820273      48.4034       24.538      12.0886       48.618      24255.1      12.4858      48.8573      96.6269      1.11459      24.1832      48.7542      192.701      48.6545      6.02545       1.8564      192.896      48.8382      6.35348        24255      24264.9      25140.3      981.996      23741.2      385.535      138.628      998.207      24255.6      392.161      785.606      6098.78       197.64      800.332      2334.64         2230      196.483      826.832      7040.22      24275.7      1160.29      808.221
     108.851      101.893      2923.05      192.278      49.2555      50.1146      6.73705       128.72      170.311      97.9357      488.722      34.0422      11.2287      34.1887     0.591098      15.9689  2.35944e+06      3.70876      3.28954    4.537e+18      16.0927       6.5508      30.2353      1548.66      12.6573      27.2097      225.156       194.07      741.423      20.6848   -0.0713865       3.0322      196.958      2.97871      389.511      387.582      6.17487      3.79241      7.03921      97.2358     0.794701      50.2636      105.944      4.38731      5.40076      2.66431      10.2434       104.38      17.0069      1.83676      23184.5      3496.39      237.868       187234      10595.6       436935      81.5054      55.5516       263930      5552.67        12289      63.9393      1042.11       489868  5.27134e+07      2771.13      39.1904       147401      226.898      1157.73      340.404
     550.457      6130.83      5237.84      1591.47      684.652      241.202      1471.51      2951.31      691.046      1139.99      43.5807      0.25271     0.773527     0.246879      20.4374      50.2659      20783.4       357672      33.5329      16.0927   9.2007e+21      5427.24        31931      441.566      3356.81      2359.81      399.316      127.204      810.091      3605.05       8.4862      5913.86      6106.43      59.2846        834.4      5950.27      1908.14         5547       180628      714.468       107.13       455.03      238.586          840      35661.2      1164.25      368.766       686.74      29694.1       224.17       210475        29916      32077.7      42446.7      10804.1      28732.6      29320.6      1559.51      4541.72      30003.5      4690.72      1877.09      33573.3      32732.7       151311      40170.6      27699.4        59304      6264.68      3700.75      58641.2
     22.8613      5044.35      5036.31      14.8336      276.362      82.7025      40.0296      28.4671      55.2287      8.30379      6.48412    0.0506069    0.0926787     0.202296      0.11125      5.22644      2630.28      75.6283      48.4012       6.5508      5427.24  3.94306e+20      315.941      99.6559      82.5628      67.7974      57.8671      15.4849      1528.02       73.699    0.0697799      5.37891      5031.78      2.03771      4.11028      5190.15      22.2278      5034.07      49.5586       81.136      7.11108      5.90538      2.78304      1178.24      50.7171      506.947      269.769      475.716      44.0563      55.7349      636.231      428.902      730.868      5858.34      5522.72      644.782      141.438      135.479      422.952      583.831      782.255      249.934      5833.26      1086.69        71861      59.8644      270.245       1996.2      328.891      149.713       5144.5
     281.062      832.809      1957.38      1797.62      497.643      143.227      2611.02      928.726      1213.72      531.094      9.88464      1664.36      1.57882     0.172616      63.4435        80.46      70043.6      570.652      24256.1      30.2353        31931      315.941  2.10835e+20      915.758      3138.07      627.345       284.23      863.485       649.62      757.205      14.1585      311.657      1112.64      45.8748      515.974      25026.3      1825.65      144.186      7486.71      238.641      568.647      90.1481      278.167      900.409      29286.2      8596.07      1600.74      1416.18      386.906        24355      63173.5      72639.3      34168.7    2.793e+06      14691.6      9806.26      10848.9      24564.9      13019.4      99144.5      14572.5      6882.85      1293.88       170916       286730      36872.1      14241.4       883745      27642.6      2749.39      34659.4
     38.7919      128.067      334.478      199.921      67.4597       171.03      886.133      774.602      199.721      161.398      449.947    0.0911884      251.221      248.745      248.811     0.718609      81219.1       41.223      12.5972      1548.66      441.566      99.6559      915.758  1.50521e+20       23.845       118.81      129.659      724.204      521.064      4387.43      1.00666      28.5972      4875.19      3.20465      4921.44      292.138      20.7999        125.2      72.2645      220.754      1.69646      935.691      66.4508      226.254      4234.12      111.795      9527.87      9538.35       8961.1      23.5994      3679.13      5986.46      754.756      1749.14      8091.42       149564      456.052      300.968      90669.2      5695.08      4448.48      78.1318      731.302       173271  1.80312e+07      5343.39      481.513       4440.2      4746.07      4602.84       908.97
     29.5391       133.68      98.6706       15.386      12.8379      12.6358      7.88208      9.47192      45.2769      14.3707      1.47448  -0.00637364     0.028274   -0.0143766      1.50289     0.395029      2628.38      18.4195      24.3497      12.6573      3356.81      82.5628      3138.07       23.845  2.67397e+19       604.28      185.324      3.89087      373.663      1745.74     0.999749      25.4024      176.339      3.22131      12.8694      838.135       8.8445      87.0723      137.314      4.75383       6.8336      4.10619      8.40043      38.0924      2934.43      111.536      183.899      211.181      566.351      35.0319       3023.1      3029.43      2957.45      11687.7      778.157      1303.12      144.152      39.0636      1101.22      1058.03      676.415      66.6419      222.837      2119.67       143464      3515.53      132.652      6654.66      100.999      18.5589      3071.05
     155.525        56.87      127.208      283.888      569.907       580.04      11.7611      24.5116      71.4016      73.9589      2.73899     0.253698     0.179117     0.129945     0.260348     0.408434      40628.4      302.435     0.242646      27.2097      2359.81      67.7974      627.345       118.81       604.28  2.09215e+19      22.8343      40.0787      118.708       109044      17.4098       10.038      127.133      5.17953      107.704       1138.6       276.32       179.29      208.509      55.0327      4.11705      21.7223       275.89      548.485      556.483      322.922      37.5442       283.46      34514.6      277.777      1254.53       694.34      614.872      10043.1      34657.2      2546.12      114.703       37.022      2016.49      34832.4      34659.6      89.8781      231.976       3638.9       285809      34987.4      180.159       5072.8      637.444      25.3503      2781.36
       8.266      26.0679      23.3591      18.8002      6.03714      16.2649      29.3038      26.9062      7.30499       13.513      21.4335      7722.45     0.421893      7722.42    0.0519811      2.69177      2743.92      28.8833      784.583      225.156      399.316      57.8671       284.23      129.659      185.324      22.8343  1.34625e+20      34.7036      1339.82      311.905    0.0522223      5.73916      20.8212     0.590341      27.0593      742.618      9.88283      8.95671      22.1634      10.4539       3.5546      10.3807      6.04016      66.2501      108.185      60.3233      240.985      249.353      54.2237      21.8726      572.245      8438.56      259.915      91626.8      775.397        18951      8130.67      101.013      11630.1      3161.78      1122.76      496.714      7883.29      34153.9  2.27807e+06      302.872      8164.97      28378.4       361.13      7868.26      550.776
     14.3976      17.1122      18.1163      93.0334      6.49921      52.9243      626.967      633.043      11.0159      31.5186      21.3139   -0.0236313     0.350236   -0.0142852     0.377941      1.32838      1565.21      2.77084      192.801       194.07      127.204      15.4849      863.485      724.204      3.89087      40.0787      34.7036  4.80303e+21       59.188      87.8381     0.633282      1.40762      14.2899     0.647422      59.9872      229.371       5.0246      9.88266      40.0618      43.0112      12.3951      14.8553      16.5207      111.388      13.0284      28.5617       665.53      651.441      19.3981      196.447      714.231      640.611       859.49      46066.3      591.341        18937      192.609       236.48      11383.9      2254.98      740.883      108.362      222.145      23625.8  2.27021e+06      165.932      252.491      14789.7      304.869      110.651      779.626
     1061.49      5122.54      11822.8      50.4078      216.891      341.894      651.407      3026.83      9862.64      10174.2      8.63506      9565.99      40.5555      1.28392      2.49014      1.40842  1.01943e+07      51.1398      2.83389      741.423      810.091      1528.02       649.62      521.064      373.663      118.708      1339.82       59.188  1.67758e+19      228.694       2.8019      2567.69      332.572      7.35752      179.055      20.4638      8.90183      334.999      1324.89      19.2418      9848.79      26.1998      80.5319      139.311      626.499      297.195      173.013      5464.77      2781.37      9570.32      69066.7      5807.93      5651.63      85076.7       161694      2801.68      5131.22      1349.91      1535.21      5445.77       161816       161417      13271.1      13115.8       285815      20876.2      1553.97       428479      10187.2      333.175        10766
     517.859      374.709      262.836      903.789      2047.05      2298.94      118.099      279.972      76.6504      311.322       34.644      1.12309      10.0334      1.39002      1.15704      489.139      39962.4      1405.82      196.105      20.6848      3605.05       73.699      757.205      4387.43      1745.74       109044      311.905      87.8381      228.694  1.79573e+19      55.2332        105.4      281.211      22.3595      258.473      3698.36      900.933      537.371      74.9898      91.6036      34.5258      743.969      947.005      1949.29      4897.55      892.402       4238.3      5197.07       113146      2048.43       8603.3      76758.1      21379.2  1.66733e+07       113341      3187.98      33316.9      493.544      2429.56       656209       141805      32422.6      744.913  1.00013e+06      74027.4       114212      31356.2  5.08924e+06      45787.9      6298.52      59820.4
     0.18021     0.245705     0.488886     0.893329     0.335369     0.397632     0.946761      1.34846     0.932796     0.107215    -0.116451     -0.11057    -0.114159    -0.120018    -0.110489   -0.0745907      329.232   -0.0271356    0.0820273   -0.0713865       8.4862    0.0697799      14.1585      1.00666     0.999749      17.4098    0.0522223     0.633282       2.8019      55.2332    1.893e+18     0.235646     0.771167     0.194274     0.512065      1.43069     0.324646     0.320081      7.02847     0.337594     0.187196     0.179994     0.325829      3.93531      7.65242     0.519117      1.12136      1.34468      17.8678      0.52498      16.9144      21.5313      10.9163      1465.82      23.8996      8.85304       1.3919      2.22959      2.17773      73.1953      19.5794       7.2868     0.649028      95.5551      287.037      25.4763      6.86065       466.33      2.47966     0.959557      11.5516
     13.5367      46.3205       26.319      13.6404      6.18898      4.09792      15.0683      32.5004      6.42853      6.25859     0.460714   -0.0126105     0.801886    -0.111407     0.182796      41.9242      22964.2      2269.13      48.4034       3.0322      5913.86      5.37891      311.657      28.5972      25.4024       10.038      5.73916      1.40762      2567.69        105.4     0.235646  8.10614e+19      21.6354      1.00914      15.2506      52.4475      9.84019      11.9037      1155.44      33.8914      1.82739      5.19302      2.01052      9.90784      286.474      12.5132      30.7875      61.1463      214.225      52.2612      2174.64      6999.96      2198.17  1.44892e+06      546.553      255.602      269.662      80.1408      113.022      47494.8       686.11      613.321      115.299      84008.5      9178.32      360.652      136.923       440620      1279.58      231.516      2361.64
     51.7184      5069.12      5140.27      59.2346      100.439      122.411      25.3677      10.3712      206.296       50.706      27.2187   -0.0136356     0.680707   0.00329461      0.43473      26.4459      21699.2      22.8383       24.538      196.958      6106.43      5031.78      1112.64      4875.19      176.339      127.133      20.8212      14.2899      332.572      281.211     0.771167      21.6354  2.31435e+19      2.54495      4735.03      5091.83      31.6442      5072.88      55.4462      234.629      3.17603      9.82123      11.5568      11.1142      971.942       43.326       4733.4      4740.64      4800.32      33.4406      1796.07         9102      2488.16       726319      5614.27      18970.3      171.011      39.2147        11750      28684.7      768.026      126.717      5178.51      67469.7  2.27013e+06      1134.77      89.0473       222093      5360.46      189.625      7032.91
    0.680689      2.76487      1.33016      160.415      3.41717      4.63933     0.702448      160.628      1.75629      1.54789     0.249117    -0.118997    -0.111149     -0.11676   -0.0401637   -0.0939676      217.601     0.234937      12.0886      2.97871      59.2846      2.03771      45.8748      3.20465      3.22131      5.17953     0.590341     0.647422      7.35752      22.3595     0.194274      1.00914      2.54495  1.18588e+19      2.42067      13.9106      1.97271      2.25468       164.95      5.05502     0.312524     0.800302     0.537456      2.98173      30.0973      2.74488       2.9532      4.30595      7.14614      13.9065      58.7232      217.713      199.551      772.006      37.8312      334.113      48.4923      174.594      198.055      220.862      202.965      22.5067      39.9997      590.353      36020.4      213.956      50.5029      310.364      36.8013      21.8716      57.3075
     22.6586      16.6978      116.104        82.08      18.2233       72.199      9.73656      35.6756      165.013      49.4513      43.5169   -0.0316456     0.584552   -0.0234687    0.0325035      1.18609      20555.6      296.973       48.618      389.511        834.4      4.11028      515.974      4921.44      12.8694      107.704      27.0593      59.9872      179.055      258.473     0.512065      15.2506      4735.03      2.42067  3.44557e+19      115.948      12.7938      42.1387      198.024        224.9      97.2456      10.5333       14.901      16.4043      51.8102      35.1619      4826.86      4782.82       4849.9      54.6899      1139.09      5217.11      190.764      23324.2      1127.99      37578.4      56.9343      93.9383      22981.2      5604.28      1240.42       22.572      241.315      47480.2  4.52936e+06      379.393      129.479      7849.84      4800.15      187.413      149.944
     63.2912      5099.01      5156.89      95.8258      310.029       156.45      145.954      193.584      324.577      418.593       53.131   -0.0487099     0.636836   -0.0546507      48.5431      5.06847        24905      25.2837      24255.1      387.582      5950.27      5190.15      25026.3      292.138      838.135       1138.6      742.618      229.371      20.4638      3698.36      1.43069      52.4475      5091.83      13.9106      115.948  2.18788e+19      46.8343      5139.84      137.441      106.594      35.3619      64.3355      224.997      13897.4      81.0127       31.135      940.475      859.463       1191.9      24267.7      26799.9      24598.7      1444.22      3852.59      7439.14      37791.9      348.853      24312.7      23800.8      1447.04      8316.51      241.423      5198.08      41865.8  4.52999e+06      1579.44       181.77      1132.69      24346.3      2245.77      5936.06
     3.60761      24.9321       1689.1      1718.08      8.50229      8.86208       1669.9       49.424      5.31813      16.0433     0.886762      1664.26    -0.101603    -0.117095   -0.0676595    0.0670221       2584.5      577.809      12.4858      6.17487      1908.14      22.2278      1825.65      20.7999       8.8445       276.32      9.88283       5.0246      8.90183      900.933     0.324646      9.84019      31.6442      1.97271      12.7938      46.8343  2.65445e+20      29.4124      328.221      10.7917     0.755331      7.88448      5.34927      15.3108      37.7483      396.403      15.8591      19.4939      331.657      17.3943      2028.21      105.242      79.1347      5217.11      477.044      1043.89      2281.03      60.2469      2180.31      862.338      526.675      39.0494      466.752       1362.1      71834.6      549.642      619.873       1625.5       74.165      1685.43      158.861
     37.4117      5065.99      5080.84      56.9751      97.6703      89.4993      25.7901      58.4605      59.1821      26.3021      6.54045   -0.0737339     0.750986   -0.0780477    0.0836845      46.6816      43293.5      21.8654      48.8573      3.79241         5547      5034.07      144.186        125.2      87.0723       179.29      8.95671      9.88266      334.999      537.371     0.320081      11.9037      5072.88      2.25468      42.1387      5139.84      29.4124  4.58246e+21      64.4079       90.616      3.19326      15.6969       6.0049      452.699      78.7357      49.3013      72.4669      102.063      187.048      56.6775      1669.32       7421.6      3190.95  1.45002e+06      5909.81      737.454      749.017      127.733      132.038      48205.1      677.051      263.669      6113.97      85067.5      9706.93      318.218      1152.79       441732      1281.13      283.028       7079.9
     54.1685       93.664      27.0267      5353.13      58.2605      162.633      493.451      5659.54      782.354      51.8985      5.40395   -0.0217979     0.506295      0.11143      2.51219       29.833       1605.1      72719.6      96.6269      7.03921       180628      49.5586      7486.71      72.2645      137.314      208.509      22.1634      40.0618      1324.89      74.9898      7.02847      1155.44      55.4462       164.95      198.024      137.441      328.221      64.4079  1.44177e+19      82.2391      9.25257       12.109      33.3074      54.9291      2310.11      81.1454      71.4723      58.8829      5770.92      144.829      43374.5      15634.9      7523.79       728639      6917.91      6891.47      437.062       5325.3      805.843        34967      6115.89      6618.35      265.292      54365.7      73190.4      7439.49      6326.49       221700       1871.9      852.029      6764.46
     20.0733      91.1444      118.727      26.7804      68.0337      65.9956      70.5122      21.7707      16.1923      49.7259      10.8697   -0.0992224     0.068498   -0.0463491       0.1498     0.664412      82.0603      72.1753      1.11459      97.2358      714.468       81.136      238.641      220.754      4.75383      55.0327      10.4539      43.0112      19.2418      91.6036     0.337594      33.8914      234.629      5.05502        224.9      106.594      10.7917       90.616      82.2391  1.64378e+19       61.646      10.7138      8.71478      119.376      15.0409      38.1257       211.03      163.002      175.877      3.51486      454.854      392.381      2135.64      23476.2      431.282      9908.27      513.459      88.5721      7719.07      1380.07      2377.99      2044.56      569.943      14366.8  1.13788e+06      2166.27       584.79      7485.55      2204.53      57.4193       2194.1
     3.25318      4.09741      4.54204     0.750971      2.14749      2.48826      7.84441      2.70454      9527.78      9527.91    0.0802351      9525.38   -0.0917708      -0.1105  -0.00159743    -0.095342         1311      1.18426      24.1832     0.794701       107.13      7.11108      568.647      1.69646       6.8336      4.11705       3.5546      12.3951      9848.79      34.5258     0.187196      1.82739      3.17603     0.312524      97.2456      35.3619     0.755331      3.19326      9.25257       61.646  3.36988e+18     0.778282     0.781147      55.4927      70.9272      7.40421      63.9379      7.75715      9.82729      9557.29      153.765       180.01      162.296      220.622       108.28      106.159      73.7284       82.528      51.3786       50.786       149.51      133.548      9599.73       9771.1      9120.13      84.1579      98.1311      9786.46      9588.13      56.5077      98.1437
     5.20798      17.5606      34.1336      6.93236      8.52765      14.5042      261.158      33.8592      6.71845      27.1207      259.193    -0.100731      248.651      248.353      248.506      10.3878      21055.9      3.52782      48.7542      50.2636       455.03      5.90538      90.1481      935.691      4.10619      21.7223      10.3807      14.8553      26.1998      743.969     0.179994      5.19302      9.82123     0.800302      10.5333      64.3355      7.88448      15.6969       12.109      10.7138     0.778282  9.10102e+21      6.65994      4.46084      667.028      1.06998      671.246      677.212      677.294      51.1678      510.737         2044      526.122       364473      852.767      5209.25       755.81      301.271      2866.84      12408.6      234.879      64.0299      742.059      27379.1       570222      772.508       748.65       111688      351.914      725.068      555.495
     9.50996      5.26606       193.41      9.07588      9.11982      8.86974      11.7599      21.5177       12.845      10.7817      10.7524    -0.109503    0.0762072    -0.107385     0.325594     0.572382       161911       38.565      192.701      105.944      238.586      2.78304      278.167      66.4508      8.40043       275.89      6.04016      16.5207      80.5319      947.005     0.325829      2.01052      11.5568     0.537456       14.901      224.997      5.34927       6.0049      33.3074      8.71478     0.781147      6.65994  9.10551e+21      115.311      48.8322      39.5265      34.5939      39.8771      299.756      197.726       1570.6       447.37      120.192      24405.6      619.456      9559.54      419.925      196.859      5744.47      1198.53       706.15      86.6068      229.862      11938.2  1.13782e+06      436.375       260.49      13821.4      294.958      64.4434      169.943
