1.0084664 0.0720881 0.0578814 0.0289982 0.0274452 0.0336945 0.0286398 0.0620021 0.0158892 0.0327656 -0.0357101 -0.0328339 -0.0361961 -0.0437848 -0.0351752 -0.0382259 -0.0334066 -0.0418078 -0.0333793 -0.0406963 0.0038138 -0.0041220 0.0000117 0.0095697 0.0055497 0.0057104 -0.0028832 0.0126811 0.0030633 -0.0060251 -0.0003271 -0.0062558 -0.0066668 -0.0037194 -0.0073257 -0.0015206 -0.0038701 -0.0017972 -0.0079934 -0.0020691 -0.0064074 -0.0111582 -0.0085231 -0.0039177 -0.0079672 -0.0118215 -0.0100985 -0.0088627 -0.0070986 -0.0064124 -0.0345446 -0.0437297 -0.0507654 -0.0455825 -0.0403693 -0.0388310 -0.0305388 -0.0354099 -0.0426205 -0.0481204 -0.0483964 -0.0521139 -0.0261793 -0.0488500 -0.0432067 -0.0459862 -0.0436421 -0.0445271 -0.0461520 -0.0335049 -0.0335306
0.0720881 1.0046449 0.0323938 0.0348278 0.0302249 0.0399334 0.0333301 0.0598799 0.0204473 0.0397359 -0.0476174 -0.0381759 -0.0427406 -0.0490002 -0.0425241 -0.0460428 -0.0487622 -0.0504213 -0.0410366 -0.0463192 -0.0019475 -0.0044198 0.0065195 0.0072215 0.0048407 0.0059765 -0.0008584 0.0081717 0.0146968 -0.0012417 0.0110912 0.0098496 0.0074782 0.0073739 0.0106482 0.0133459 0.0108611 0.0105627 0.0066469 0.0109691 0.0062278 0.0072050 0.0043848 0.0087344 0.0083227 0.0034109 0.0055672 0.0065014 0.0080065 0.0082385 -0.0528921 -0.0504621 -0.0622769 -0.0522797 -0.0538573 -0.0504851 -0.0450570 -0.0454591 -0.0557608 -0.0599592 -0.0606322 -0.0607973 -0.0477102 -0.0580161 -0.0630118 -0.0508629 -0.0494763 -0.0556899 -0.0547202 -0.0442351 -0.0451824
0.0578814 0.0323938 1.0141462 0.0236659 0.0335787 0.0212772 0.0277136 0.1587258 0.0158988 0.0323533 -0.0477647 -0.0365730 -0.0367266 -0.0404547 -0.0351457 -0.0387733 -0.0354825 -0.0358608 -0.0384958 -0.0365383 -0.0087954 -0.0108873 -0.0099870 0.0042268 -0.0000827 -0.0054015 -0.0058315 -0.0038122 -0.0087809 -0.0177260 -0.0018597 -0.0051412 -0.0018819 -0.0034721 -0.0041552 -0.0023701 0.0003900 0.0005702 -0.0030214 -0.0003367 -0.0051378 -0.0089167 -0.0016519 -0.0038194 -0.0037847 -0.0038926 -0.0054284 -0.0059603 -0.0070627 -0.0045369 -0.0328531 -0.0312027 -0.0478465 -0.0468010 -0.0520703 -0.0421034 -0.0319436 -0.0553642 -0.0449774 -0.0366554 -0.0450259 -0.0427785 -0.0354420 -0.0480194 -0.0455700 -0.0494862 -0.0336945 -0.0490035 -0.0450629 -0.0399144 -0.0256803
0.0289982 0.0348278 0.0236659 1.0020342 0.0329454 0.0375097 0.0239103 0.0327607 0.0253072 0.0291314 -0.0523883 -0.0493879 -0.0453091 -0.0474354 -0.0405761 -0.0464058 -0.0431080 -0.0487443 -0.0383370 -0.0455930 0.0077230 0.0057002 0.0070392 0.0127855 0.0118060 0.0132813 0.0057234 0.0096477 0.0150212 0.0087313 0.0148497 0.0106244 0.0083669 0.0130542 0.0093729 0.0124455 0.0115108 0.0106129 0.0091168 0.0103954 0.0082333 0.0051606 0.0093144 0.0068894 0.0075080 0.0074769 0.0056857 0.0097810 0.0105046 0.0104351 -0.0592470 -0.0556243 -0.0446951 -0.0622289 -0.0558685 -0.0530650 -0.0491606 -0.0488331 -0.0503341 -0.0530194 -0.0457707 -0.0476960 -0.0493106 -0.0588320 -0.0508164 -0.0487763 -0.0475703 -0.0652926 -0.0547986 -0.0505975 -0.0551714
0.0274452 0.0302249 0.0335787 0.0329454 1.0008103 0.0321670 0.0219954 0.0366793 0.0212990 0.0218913 -0.0439063 -0.0465575 -0.0436980 -0.0481025 -0.0335295 -0.0392444 -0.0443392 -0.0409960 -0.0388560 -0.0476537 0.0058025 0.0023879 0.0104664 0.0100921 0.0066723 0.0056100 0.0019453 0.0059697 0.0063550 0.0082951 0.0138020 0.0112743 0.0139762 0.0107422 0.0122269 0.0153941 0.0131170 0.0151862 0.0107282 0.0145305 0.0112572 0.0056436 0.0068109 0.0124499 0.0092503 0.0090365 0.0097540 0.0085585 0.0114193 0.0101116 -0.0569372 -0.0612180 -0.0448081 -0.0641083 -0.0546156 -0.0525360 -0.0518184 -0.0439249 -0.0502303 -0.0582488 -0.0413705 -0.0525219 -0.0436192 -0.0597321 -0.0518520 -0.0567006 -0.0532759 -0.0646021 -0.0582335 -0.0458988 -0.0522425
0.0336945 0.0399334 0.0212772 0.0375097 0.0321670 0.9989221 0.0212774 0.0428548 0.0320347 0.0325230 -0.0508587 -0.0529342 -0.0492315 -0.0503630 -0.0434200 -0.0512731 -0.0394137 -0.0501510 -0.0445613 -0.0552666 0.0017340 0.0051338 0.0069700 0.0089066 0.0089285 0.0084689 0.0046230 0.0127918 0.0124907 0.0118769 0.0162851 0.0138363 0.0137466 0.0169283 0.0123242 0.0148208 0.0164359 0.0172556 0.0141723 0.0144107 0.0126120 0.0085886 0.0107867 0.0125693 0.0089076 0.0114293 0.0103292 0.0101111 0.0134263 0.0141778 -0.0634864 -0.0652575 -0.0454380 -0.0564183 -0.0506183 -0.0499753 -0.0448863 -0.0402560 -0.0563837 -0.0628648 -0.0433611 -0.0615640 -0.0502909 -0.0636235 -0.0631388 -0.0500585 -0.0609722 -0.0573088 -0.0587015 -0.0430666 -0.0587512
0.0286398 0.0333301 0.0277136 0.0239103 0.0219954 0.0212774 0.9997424 0.0373223 0.0183798 0.0238416 -0.0360235 -0.0380896 -0.0327123 -0.0357935 -0.0313362 -0.0321532 -0.0341627 -0.0336992 -0.0382289 -0.0300231 0.0000702 0.0068766 0.0062015 0.0093087 0.0054643 0.0106047 0.0060209 0.0089753 0.0078575 0.0074578 0.0041585 -0.0021432 -0.0014386 0.0005265 0.0006374 0.0023523 0.0019562 0.0010782 0.0004573 0.0020982 -0.0000926 -0.0047524 -0.0016266 -0.0046292 -0.0009098 -0.0050469 -0.0030092 -0.0014020 -0.0001770 -0.0017012 -0.0443188 -0.0425846 -0.0490144 -0.0453150 -0.0565803 -0.0429223 -0.0404308 -0.0469397 -0.0501615 -0.0403509 -0.0439719 -0.0416198 -0.0463025 -0.0497389 -0.0514296 -0.0480390 -0.0365120 -0.0501407 -0.0441660 -0.0459700 -0.0411431
0.0620021 0.0598799 0.1587258 0.0327607 0.0366793 0.0428548 0.0373223 1.0095137 0.0257231 0.0298083 -0.0560540 -0.0509441 -0.0480842 -0.0484426 -0.0419634 -0.0485868 -0.0468542 -0.0553426 -0.0513478 -0.0541834 -0.0104823 -0.0078980 -0.0063332 0.0036627 -0.0060809 0.0022864 -0.0122003 0.0005224 -0.0037957 -0.0101273 0.0152447 0.0134657 0.0129714 0.0153727 0.0125073 0.0178585 0.0096466 0.0164352 0.0135136 0.0135258 0.0109653 0.0052715 0.0109090 0.0109397 0.0110281 0.0079974 0.0072953 0.0084496 0.0114860 0.0099446 -0.0541790 -0.0558361 -0.0598114 -0.0565072 -0.0628594 -0.0551329 -0.0518417 -0.0575840 -0.0575779 -0.0565451 -0.0520914 -0.0584856 -0.0487697 -0.0628825 -0.0623006 -0.0626511 -0.0497347 -0.0591156 -0.0638249 -0.0529940 -0.0474567
0.0158892 0.0204473 0.0158988 0.0253072 0.0212990 0.0320347 0.0183798 0.0257231 0.9980496 0.0115961 -0.0432679 -0.0468095 -0.0274724 -0.0354451 -0.0318687 -0.0426551 -0.0273386 -0.0356101 -0.0314089 -0.0362105 0.0030178 0.0076548 0.0070850 0.0084239 0.0127337 0.0144939 0.0077224 0.0091339 0.0119923 0.0136141 0.0032066 0.0053714 0.0032124 0.0045388 0.0044781 0.0035277 0.0033671 0.0025701 0.0041021 0.0022059 0.0004428 -0.0003230 0.0010418 0.0001452 -0.0007516 -0.0010119 0.0010410 0.0013592 0.0026045 0.0010928 -0.0522266 -0.0517867 -0.0393581 -0.0506465 -0.0430765 -0.0427901 -0.0418683 -0.0303925 -0.0407403 -0.0531241 -0.0433870 -0.0481269 -0.0481073 -0.0472641 -0.0487704 -0.0309868 -0.0505653 -0.0505763 -0.0514453 -0.0363805 -0.0535409
0.0327656 0.0397359 0.0323533 0.0291314 0.0218913 0.0325230 0.0238416 0.0298083 0.0115961 0.9999001 -0.0464458 -0.0398250 -0.0462514 -0.0467217 -0.0387325 -0.0327508 -0.0454325 -0.0420199 -0.0423838 -0.0431061 0.0066559 0.0046220 0.0043645 0.0124849 0.0035418 0.0095708 0.0036174 0.0081100 0.0073689 0.0064428 0.0114632 0.0073451 0.0099774 0.0089813 0.0092185 0.0114533 0.0096287 0.0099721 0.0124309 0.0097132 0.0057506 0.0034729 0.0044471 0.0088376 0.0061117 0.0044840 0.0020318 0.0045645 0.0083330 0.0045545 -0.0516018 -0.0465361 -0.0476042 -0.0574006 -0.0643468 -0.0485415 -0.0432422 -0.0514006 -0.0485504 -0.0495451 -0.0467715 -0.0492949 -0.0425271 -0.0565752 -0.0529529 -0.0594938 -0.0370875 -0.0620624 -0.0452056 -0.0521287 -0.0477345
-0.0357101 -0.0476174 -0.0477647 -0.0523883 -0.0439063 -0.0508587 -0.0360235 -0.0560540 -0.0432679 -0.0464458 1.2012899 0.1585321 0.0988073 0.1141866 0.1006878 0.1272111 0.1024865 0.1054150 0.1108276 0.1274524 -0.0164671 -0.0249889 -0.0243310 -0.0215198 -0.0233091 -0.0246880 -0.0182063 -0.0225271 -0.0101434 -0.0219482 -0.1517580 -0.1500719 -0.1515365 -0.1541587 -0.1491569 -0.1532617 -0.1490677 -0.1491238 -0.1499013 -0.1512403 -0.1383175 -0.1373570 -0.1473866 -0.1515836 -0.1474287 -0.1446526 -0.1461899 -0.1464435 -0.1495438 -0.1479533 0.0614031 0.0617381 0.0567787 0.0847986 0.0564015 0.0740947 0.0886412 0.0851985 0.0708084 0.0659595 0.0544676 0.0585649 0.1050713 0.0540121 0.0830989 0.0565782 0.0789057 0.0760113 0.0637039 0.0691157 0.0704865
-0.0328339 -0.0381759 -0.0365730 -0.0493879 -0.0465575 -0.0529342 -0.0380896 -0.0509441 -0.0468095 -0.0398250 0.1585321 1.1914356 0.1149083 0.1056834 0.0880444 0.1111764 0.0990564 0.1131417 0.0979895 0.1195471 -0.0266959 -0.0232556 -0.0345457 -0.0238251 -0.0287759 -0.0215785 -0.0227547 -0.0255345 -0.0176378 -0.0300443 -0.1480870 -0.1498577 -0.1493673 -0.1492938 -0.1479600 -0.1485873 -0.1481049 -0.1478430 -0.1473990 -0.1511683 -0.1385086 -0.1331958 -0.1438465 -0.1484576 -0.1475181 -0.1438904 -0.1455788 -0.1456169 -0.1476017 -0.1470236 0.0784034 0.0775553 0.0619858 0.0664003 0.0619823 0.0781237 0.0891659 0.0715389 0.0636911 0.0807163 0.0606002 0.0649651 0.0924597 0.0635363 0.0611409 0.0564298 0.0914976 0.0572773 0.0751503 0.0717125 0.0807435
-0.0361961 -0.0427406 -0.0367266 -0.0453091 -0.0436980 -0.0492315 -0.0327123 -0.0480842 -0.0274724 -0.0462514 0.0988073 0.1149083 1.2020767 0.1309031 0.1051270 0.1061909 0.1143217 0.1088793 0.0999274 0.0940604 -0.0217281 -0.0148557 -0.0302613 -0.0340224 -0.0124295 -0.0176903 -0.0205840 -0.0246168 -0.0129168 -0.0269316 -0.1457090 -0.1459599 -0.1470458 -0.1479833 -0.1450737 -0.1474448 -0.1481749 -0.1479484 -0.1452388 -0.1469627 -0.1377085 -0.1397534 -0.1414380 -0.1453387 -0.1456285 -0.1385459 -0.1438686 -0.1443852 -0.1445113 -0.1426921 0.0765797 0.0821208 0.0663555 0.0592262 0.0758094 0.0818503 0.0714420 0.0668677 0.0619496 0.0513327 0.0632010 0.0836057 0.0669954 0.0614847 0.0735426 0.0872644 0.0552347 0.0547844 0.0546840 0.0732394 0.0749722
-0.0437848 -0.0490002 -0.0404547 -0.0474354 -0.0481025 -0.0503630 -0.0357935 -0.0484426 -0.0354451 -0.0467217 0.1141866 0.1056834 0.1309031 1.2002690 0.1081575 0.1129442 0.0991695 0.1281360 0.0890596 0.1081714 -0.0330073 -0.0144679 -0.0326526 -0.0367714 -0.0199475 -0.0227660 -0.0219284 -0.0307388 -0.0195373 -0.0299064 -0.1533380 -0.1488375 -0.1556072 -0.1491895 -0.1496866 -0.1529622 -0.1517862 -0.1551995 -0.1524981 -0.1533094 -0.1432337 -0.1408955 -0.1460171 -0.1485935 -0.1496579 -0.1440073 -0.1498180 -0.1492082 -0.1504587 -0.1484049 0.0803430 0.0841019 0.0795799 0.0875333 0.0661683 0.0879370 0.0668841 0.0570627 0.0683926 0.0870015 0.0750870 0.0941755 0.0682332 0.0722608 0.0761401 0.0892893 0.0846585 0.0744022 0.0714649 0.0744930 0.0791592
-0.0351752 -0.0425241 -0.0351457 -0.0405761 -0.0335295 -0.0434200 -0.0313362 -0.0419634 -0.0318687 -0.0387325 0.1006878 0.0880444 0.1051270 0.1081575 1.1900561 0.1142055 0.1041383 0.1099303 0.0891148 0.1041376 -0.0244979 -0.0210267 -0.0287772 -0.0317420 -0.0141987 -0.0214423 -0.0177301 -0.0262252 -0.0063693 -0.0270504 -0.1473262 -0.1462821 -0.1454105 -0.1462206 -0.1424491 -0.1487933 -0.1446026 -0.1437692 -0.1420961 -0.1472700 -0.1387518 -0.1363123 -0.1418321 -0.1444544 -0.1446949 -0.1399588 -0.1466430 -0.1421145 -0.1429445 -0.1393543 0.0522805 0.0564268 0.0757139 0.0763494 0.0739150 0.0819498 0.0679798 0.0733772 0.0666401 0.0669917 0.0677952 0.0786196 0.0714842 0.0535521 0.0736816 0.0763706 0.0707649 0.0598442 0.0713223 0.0787571 0.0527203
-0.0382259 -0.0460428 -0.0387733 -0.0464058 -0.0392444 -0.0512731 -0.0321532 -0.0485868 -0.0426551 -0.0327508 0.1272111 0.1111764 0.1061909 0.1129442 0.1142055 1.2069957 0.0976673 0.1000471 0.1106157 0.1146718 -0.0305537 -0.0242323 -0.0242647 -0.0298934 -0.0228385 -0.0119291 -0.0204052 -0.0252630 -0.0233965 -0.0191885 -0.1494330 -0.1490935 -0.1467808 -0.1486764 -0.1486079 -0.1493375 -0.1529984 -0.1484551 -0.1490715 -0.1490635 -0.1390147 -0.1357449 -0.1441828 -0.1468085 -0.1486257 -0.1425122 -0.1462809 -0.1459791 -0.1469585 -0.1451505 0.0532346 0.0560011 0.0789854 0.0871379 0.0434293 0.0718890 0.0779640 0.0615100 0.0763907 0.0880714 0.0761894 0.0756928 0.0783295 0.0510650 0.0821786 0.0503048 0.0956804 0.0741707 0.0728275 0.0588270 0.0569196
-0.0334066 -0.0487622 -0.0354825 -0.0431080 -0.0443392 -0.0394137 -0.0341627 -0.0468542 -0.0273386 -0.0454325 0.1024865 0.0990564 0.1143217 0.0991695 0.1041383 0.0976673 1.1902716 0.1083869 0.1006459 0.1042361 -0.0207047 -0.0185131 -0.0305678 -0.0305526 -0.0230861 -0.0176249 -0.0259578 -0.0254700 -0.0169470 -0.0247318 -0.1489000 -0.1464761 -0.1469489 -0.1454514 -0.1461837 -0.1460864 -0.1467460 -0.1476194 -0.1468866 -0.1460285 -0.1364563 -0.1362003 -0.1385038 -0.1460009 -0.1443429 -0.1399758 -0.1442033 -0.1448964 -0.1448935 -0.1436970 0.0691036 0.0652736 0.0667502 0.0872111 0.0844397 0.0892401 0.0758587 0.0757679 0.0759888 0.0571084 0.0645265 0.0736318 0.0809090 0.0624253 0.0790204 0.0828329 0.0592139 0.0760523 0.0657160 0.0785258 0.0632632
-0.0418078 -0.0504213 -0.0358608 -0.0487443 -0.0409960 -0.0501510 -0.0336992 -0.0553426 -0.0356101 -0.0420199 0.1054150 0.1131417 0.1088793 0.1281360 0.1099303 0.1000471 0.1083869 1.1975876 0.0882198 0.1024918 -0.0263306 -0.0152686 -0.0279952 -0.0286989 -0.0137429 -0.0211535 -0.0224494 -0.0300943 -0.0155282 -0.0313615 -0.1526113 -0.1505563 -0.1521537 -0.1508489 -0.1528752 -0.1528996 -0.1501357 -0.1516646 -0.1524614 -0.1505480 -0.1463007 -0.1398910 -0.1476932 -0.1484095 -0.1495108 -0.1443437 -0.1472839 -0.1471486 -0.1464057 -0.1450542 0.0791048 0.0905601 0.0737672 0.0760023 0.0806944 0.0904165 0.0734049 0.0638779 0.0625897 0.0871155 0.0676877 0.0941864 0.0640303 0.0737800 0.0698988 0.0927186 0.0798393 0.0643288 0.0807068 0.0751522 0.0775704
-0.0333793 -0.0410366 -0.0384958 -0.0383370 -0.0388560 -0.0445613 -0.0382289 -0.0513478 -0.0314089 -0.0423838 0.1108276 0.0979895 0.0999274 0.0890596 0.0891148 0.1106157 0.1006459 0.0882198 1.1849310 0.0898470 -0.0109315 -0.0181734 -0.0275297 -0.0177492 -0.0227794 -0.0221607 -0.0193407 -0.0192346 -0.0128787 -0.0288713 -0.1417773 -0.1446830 -0.1410511 -0.1390519 -0.1423332 -0.1461112 -0.1412851 -0.1360844 -0.1387169 -0.1419694 -0.1319733 -0.1303499 -0.1371244 -0.1404472 -0.1380089 -0.1350179 -0.1390556 -0.1381286 -0.1383147 -0.1379043 0.0594855 0.0551589 0.0723209 0.0746755 0.0680843 0.0747074 0.0826707 0.0909434 0.0694590 0.0505896 0.0725073 0.0587566 0.0948783 0.0534371 0.0780700 0.0627520 0.0631922 0.0647011 0.0596741 0.0721812 0.0641160
-0.0406963 -0.0463192 -0.0365383 -0.0455930 -0.0476537 -0.0552666 -0.0300231 -0.0541834 -0.0362105 -0.0431061 0.1274524 0.1195471 0.0940604 0.1081714 0.1041376 0.1146718 0.1042361 0.1024918 0.0898470 1.1971599 -0.0244542 -0.0183025 -0.0212438 -0.0158449 -0.0187829 -0.0177331 -0.0163481 -0.0187522 -0.0080109 -0.0155734 -0.1478334 -0.1478750 -0.1479915 -0.1448215 -0.1451045 -0.1489625 -0.1461117 -0.1469886 -0.1481443 -0.1488669 -0.1357742 -0.1317821 -0.1428874 -0.1448728 -0.1465334 -0.1399006 -0.1428557 -0.1444380 -0.1432078 -0.1442854 0.0690326 0.0700923 0.0491240 0.0862888 0.0441661 0.0779916 0.0755664 0.0585922 0.0611550 0.0800761 0.0480501 0.0689103 0.0846291 0.0622531 0.0747529 0.0531374 0.0917474 0.0699366 0.0763451 0.0618820 0.0757123
0.0038138 -0.0019475 -0.0087954 0.0077230 0.0058025 0.0017340 0.0000702 -0.0104823 0.0030178 0.0066559 -0.0164671 -0.0266959 -0.0217281 -0.0330073 -0.0244979 -0.0305537 -0.0207047 -0.0263306 -0.0109315 -0.0244542 1.0048995 0.0287552 0.0323655 0.0213595 0.0164936 0.0194635 0.0189958 0.0265929 0.0239924 0.0284317 -0.0298529 -0.0280024 -0.0244207 -0.0284596 -0.0255001 -0.0249950 -0.0243879 -0.0260232 -0.0258971 -0.0281823 -0.0255423 -0.0275982 -0.0281533 -0.0204724 -0.0252671 -0.0256977 -0.0235140 -0.0190232 -0.0256173 -0.0263413 -0.0004512 -0.0054511 -0.0201237 -0.0250803 -0.0165257 -0.0270845 -0.0197126 -0.0059857 -0.0163614 -0.0309741 -0.0231681 -0.0298739 -0.0092128 -0.0109990 -0.0194468 -0.0143877 -0.0325170 -0.0220509 -0.0264767 -0.0098686 -0.0075815
-0.0041220 -0.0044198 -0.0108873 0.0057002 0.0023879 0.0051338 0.0068766 -0.0078980 0.0076548 0.0046220 -0.0249889 -0.0232556 -0.0148557 -0.0144679 -0.0210267 -0.0242323 -0.0185131 -0.0152686 -0.0181734 -0.0183025 0.0287552 1.0061749 0.0299632 0.0167671 0.0291509 0.0283382 0.0267976 0.0143025 0.0250425 0.0357759 -0.0321493 -0.0297536 -0.0305570 -0.0307200 -0.0274023 -0.0293948 -0.0292565 -0.0302461 -0.0291788 -0.0305436 -0.0265817 -0.0292086 -0.0246555 -0.0241842 -0.0295416 -0.0273360 -0.0247412 -0.0253759 -0.0249545 -0.0290877 -0.0090537 -0.0073862 -0.0230762 -0.0257699 -0.0264998 -0.0215111 -0.0194096 -0.0177500 -0.0255339 -0.0190184 -0.0207859 -0.0156626 -0.0336206 -0.0167727 -0.0299650 -0.0087174 -0.0238176 -0.0282498 -0.0150614 -0.0216449 -0.0083130
0.0000117 0.0065195 -0.0099870 0.0070392 0.0104664 0.0069700 0.0062015 -0.0063332 0.0070850 0.0043645 -0.0243310 -0.0345457 -0.0302613 -0.0326526 -0.0287772 -0.0242647 -0.0305678 -0.0279952 -0.0275297 -0.0212438 0.0323655 0.0299632 1.0093724 0.0230714 0.0325569 0.0357649 0.0347268 0.0238373 0.0336644 0.0504480 -0.0270127 -0.0222650 -0.0272169 -0.0265677 -0.0255007 -0.0227723 -0.0251461 -0.0230483 -0.0240838 -0.0262765 -0.0245723 -0.0263643 -0.0250268 -0.0168649 -0.0238237 -0.0276340 -0.0227835 -0.0191555 -0.0215596 -0.0263191 -0.0117686 -0.0157686 -0.0293307 -0.0238990 -0.0248792 -0.0233435 -0.0224898 -0.0162947 -0.0306748 -0.0173523 -0.0374658 -0.0269243 -0.0328021 -0.0163862 -0.0350067 -0.0112175 -0.0219394 -0.0188923 -0.0162158 -0.0178460 -0.0165015
0.0095697 0.0072215 0.0042268 0.0127855 0.0100921 0.0089066 0.0093087 0.0036627 0.0084239 0.0124849 -0.0215198 -0.0238251 -0.0340224 -0.0367714 -0.0317420 -0.0298934 -0.0305526 -0.0286989 -0.0177492 -0.0158449 0.0213595 0.0167671 0.0230714 0.9964654 0.0171970 0.0189459 0.0126077 0.0240305 0.0238708 0.0238461 -0.0227052 -0.0215023 -0.0223236 -0.0208889 -0.0217656 -0.0226361 -0.0231433 -0.0218311 -0.0237304 -0.0243866 -0.0189144 -0.0225121 -0.0211889 -0.0191876 -0.0186501 -0.0201616 -0.0161827 -0.0190065 -0.0191370 -0.0240661 -0.0013793 -0.0067913 -0.0269912 -0.0284240 -0.0350906 -0.0317947 -0.0204593 -0.0220968 -0.0213021 -0.0303595 -0.0253506 -0.0305797 -0.0132870 -0.0139153 -0.0231295 -0.0299453 -0.0220080 -0.0271065 -0.0255255 -0.0302481 -0.0016317
0.0055497 0.0048407 -0.0000827 0.0118060 0.0066723 0.0089285 0.0054643 -0.0060809 0.0127337 0.0035418 -0.0233091 -0.0287759 -0.0124295 -0.0199475 -0.0141987 -0.0228385 -0.0230861 -0.0137429 -0.0227794 -0.0187829 0.0164936 0.0291509 0.0325569 0.0171970 1.0143037 0.0326993 0.0231021 0.0223957 0.0255777 0.0261949 -0.0268040 -0.0252047 -0.0254943 -0.0257902 -0.0274826 -0.0268483 -0.0245341 -0.0229802 -0.0265440 -0.0249344 -0.0217335 -0.0290882 -0.0252670 -0.0241270 -0.0261319 -0.0260409 -0.0250933 -0.0251431 -0.0227297 -0.0252874 -0.0182287 -0.0261123 -0.0160490 -0.0335775 -0.0293529 -0.0223113 -0.0245489 -0.0207228 -0.0321579 -0.0208574 -0.0240494 -0.0220127 -0.0371821 -0.0212723 -0.0331748 -0.0124947 -0.0272997 -0.0390582 -0.0186642 -0.0222755 -0.0255020
0.0057104 0.0059765 -0.0054015 0.0132813 0.0056100 0.0084689 0.0106047 0.0022864 0.0144939 0.0095708 -0.0246880 -0.0215785 -0.0176903 -0.0227660 -0.0214423 -0.0119291 -0.0176249 -0.0211535 -0.0221607 -0.0177331 0.0194635 0.0283382 0.0357649 0.0189459 0.0326993 1.0170330 0.0273326 0.0247189 0.0223493 0.0300654 -0.0265756 -0.0262650 -0.0237648 -0.0269144 -0.0262928 -0.0262622 -0.0272087 -0.0261140 -0.0267805 -0.0261687 -0.0211345 -0.0288280 -0.0267587 -0.0270797 -0.0269466 -0.0263036 -0.0262686 -0.0244459 -0.0257526 -0.0270670 -0.0186705 -0.0219937 -0.0225300 -0.0287304 -0.0390819 -0.0291632 -0.0231998 -0.0270211 -0.0283390 -0.0190136 -0.0259425 -0.0238522 -0.0385949 -0.0287461 -0.0347075 -0.0263749 -0.0188612 -0.0316011 -0.0232299 -0.0253964 -0.0215573
-0.0028832 -0.0008584 -0.0058315 0.0057234 0.0019453 0.0046230 0.0060209 -0.0122003 0.0077224 0.0036174 -0.0182063 -0.0227547 -0.0205840 -0.0219284 -0.0177301 -0.0204052 -0.0259578 -0.0224494 -0.0193407 -0.0163481 0.0189958 0.0267976 0.0347268 0.0126077 0.0231021 0.0273326 1.0039592 0.0204628 0.0182996 0.0294407 -0.0241346 -0.0237447 -0.0247790 -0.0236074 -0.0227001 -0.0254188 -0.0253341 -0.0236539 -0.0220289 -0.0243211 -0.0200446 -0.0277843 -0.0208562 -0.0217050 -0.0203512 -0.0222820 -0.0221203 -0.0190280 -0.0194727 -0.0218879 -0.0039471 -0.0057021 -0.0077738 -0.0286613 -0.0371193 -0.0304513 -0.0272250 -0.0234671 -0.0323170 -0.0253963 -0.0178379 -0.0309814 -0.0246192 -0.0156380 -0.0346030 -0.0175765 -0.0246873 -0.0318719 -0.0274264 -0.0293536 -0.0091658
0.0126811 0.0081717 -0.0038122 0.0096477 0.0059697 0.0127918 0.0089753 0.0005224 0.0091339 0.0081100 -0.0225271 -0.0255345 -0.0246168 -0.0307388 -0.0262252 -0.0252630 -0.0254700 -0.0300943 -0.0192346 -0.0187522 0.0265929 0.0143025 0.0238373 0.0240305 0.0223957 0.0247189 0.0204628 1.0073218 0.0295646 0.0276694 -0.0229431 -0.0243321 -0.0243160 -0.0229328 -0.0223384 -0.0200303 -0.0190626 -0.0202905 -0.0242986 -0.0238935 -0.0213638 -0.0214016 -0.0249566 -0.0207188 -0.0213589 -0.0221181 -0.0210942 -0.0179494 -0.0191408 -0.0227991 -0.0153043 -0.0239970 -0.0286488 -0.0310367 -0.0269992 -0.0264135 -0.0176630 -0.0175365 -0.0315042 -0.0256647 -0.0367725 -0.0336301 -0.0262345 -0.0267287 -0.0373829 -0.0211994 -0.0263232 -0.0362442 -0.0181610 -0.0190490 -0.0201572
0.0030633 0.0146968 -0.0087809 0.0150212 0.0063550 0.0124907 0.0078575 -0.0037957 0.0119923 0.0073689 -0.0101434 -0.0176378 -0.0129168 -0.0195373 -0.0063693 -0.0233965 -0.0169470 -0.0155282 -0.0128787 -0.0080109 0.0239924 0.0250425 0.0336644 0.0238708 0.0255777 0.0223493 0.0182996 0.0295646 1.0417932 0.0392658 -0.0295754 -0.0312181 -0.0329343 -0.0283904 -0.0294365 -0.0293827 -0.0299802 -0.0286631 -0.0299600 -0.0304104 -0.0236147 -0.0310370 -0.0269363 -0.0290624 -0.0303480 -0.0290331 -0.0268316 -0.0272244 -0.0290988 -0.0284802 -0.0235189 -0.0266657 -0.0361423 -0.0313844 -0.0288216 -0.0267157 -0.0267145 -0.0157489 -0.0293922 -0.0350381 -0.0394183 -0.0289514 -0.0311301 -0.0309763 -0.0317741 -0.0191325 -0.0406244 -0.0329104 -0.0268585 -0.0198748 -0.0245904
-0.0060251 -0.0012417 -0.0177260 0.0087313 0.0082951 0.0118769 0.0074578 -0.0101273 0.0136141 0.0064428 -0.0219482 -0.0300443 -0.0269316 -0.0299064 -0.0270504 -0.0191885 -0.0247318 -0.0313615 -0.0288713 -0.0155734 0.0284317 0.0357759 0.0504480 0.0238461 0.0261949 0.0300654 0.0294407 0.0276694 0.0392658 1.0162225 -0.0249049 -0.0256609 -0.0224080 -0.0257651 -0.0204840 -0.0232153 -0.0230520 -0.0250699 -0.0234878 -0.0250878 -0.0183722 -0.0249471 -0.0192560 -0.0206223 -0.0199998 -0.0231862 -0.0186344 -0.0189958 -0.0209902 -0.0204705 -0.0179586 -0.0259491 -0.0246669 -0.0268221 -0.0400411 -0.0332392 -0.0262768 -0.0215800 -0.0240052 -0.0317043 -0.0290260 -0.0315668 -0.0304725 -0.0188162 -0.0334332 -0.0199516 -0.0338102 -0.0231880 -0.0243856 -0.0292493 -0.0234161
-0.0003271 0.0110912 -0.0018597 0.0148497 0.0138020 0.0162851 0.0041585 0.0152447 0.0032066 0.0114632 -0.1517580 -0.1480870 -0.1457090 -0.1533380 -0.1473262 -0.1494330 -0.1489000 -0.1526113 -0.1417773 -0.1478334 -0.0298529 -0.0321493 -0.0270127 -0.0227052 -0.0268040 -0.0265756 -0.0241346 -0.0229431 -0.0295754 -0.0249049 0.9486270 0.2105958 0.2097337 0.2153794 0.2103279 0.2155130 0.2135853 0.2096633 0.2115267 0.2149446 0.1948521 0.1866203 0.1991123 0.2009127 0.1984183 0.1957898 0.1962992 0.1972723 0.1982133 0.2018544 -0.1600794 -0.1607729 -0.1640664 -0.1713453 -0.1617432 -0.1629033 -0.1599233 -0.1541754 -0.1621981 -0.1617185 -0.1622254 -0.1618358 -0.1604450 -0.1612855 -0.1681171 -0.1610764 -0.1642046 -0.1687312 -0.1701706 -0.1618792 -0.1583978
-0.0062558 0.0098496 -0.0051412 0.0106244 0.0112743 0.0138363 -0.0021432 0.0134657 0.0053714 0.0073451 -0.1500719 -0.1498577 -0.1459599 -0.1488375 -0.1462821 -0.1490935 -0.1464761 -0.1505563 -0.1446830 -0.1478750 -0.0280024 -0.0297536 -0.0222650 -0.0215023 -0.0252047 -0.0262650 -0.0237447 -0.0243321 -0.0312181 -0.0256609 0.2105958 0.9335969 0.2066233 0.2084611 0.2109298 0.2087941 0.2079777 0.2046722 0.2094923 0.2074775 0.1884142 0.1869979 0.1952669 0.1949251 0.1959938 0.1927116 0.1975940 0.1925169 0.1950656 0.1988835 -0.1545496 -0.1524391 -0.1578352 -0.1650795 -0.1528485 -0.1578480 -0.1563225 -0.1481838 -0.1572825 -0.1540636 -0.1558251 -0.1571497 -0.1585266 -0.1508913 -0.1638617 -0.1537831 -0.1596905 -0.1588424 -0.1584166 -0.1554368 -0.1499811
-0.0066668 0.0074782 -0.0018819 0.0083669 0.0139762 0.0137466 -0.0014386 0.0129714 0.0032124 0.0099774 -0.1515365 -0.1493673 -0.1470458 -0.1556072 -0.1454105 -0.1467808 -0.1469489 -0.1521537 -0.1410511 -0.1479915 -0.0244207 -0.0305570 -0.0272169 -0.0223236 -0.0254943 -0.0237648 -0.0247790 -0.0243160 -0.0329343 -0.0224080 0.2097337 0.2066233 0.9353924 0.2099264 0.2090468 0.2095134 0.2075363 0.2083953 0.2091029 0.2093118 0.1912405 0.1838218 0.1971778 0.1945358 0.1971308 0.1967131 0.1936248 0.1950308 0.1971283 0.2028701 -0.1568956 -0.1570810 -0.1607460 -0.1671341 -0.1568851 -0.1595070 -0.1553867 -0.1501827 -0.1579682 -0.1545956 -0.1577227 -0.1559778 -0.1579320 -0.1548412 -0.1615590 -0.1571567 -0.1561628 -0.1621763 -0.1607464 -0.1581580 -0.1531275
-0.0037194 0.0073739 -0.0034721 0.0130542 0.0107422 0.0169283 0.0005265 0.0153727 0.0045388 0.0089813 -0.1541587 -0.1492938 -0.1479833 -0.1491895 -0.1462206 -0.1486764 -0.1454514 -0.1508489 -0.1390519 -0.1448215 -0.0284596 -0.0307200 -0.0265677 -0.0208889 -0.0257902 -0.0269144 -0.0236074 -0.0229328 -0.0283904 -0.0257651 0.2153794 0.2084611 0.2099264 0.9409869 0.2100121 0.2100678 0.2076762 0.2106582 0.2084186 0.2097149 0.1916586 0.1823549 0.1939294 0.1956646 0.1984555 0.1956658 0.1953651 0.1928488 0.1945971 0.1983705 -0.1571880 -0.1558295 -0.1607399 -0.1657188 -0.1594189 -0.1619804 -0.1568904 -0.1508612 -0.1612958 -0.1585747 -0.1576127 -0.1589485 -0.1613814 -0.1553658 -0.1674124 -0.1580530 -0.1603823 -0.1622092 -0.1660810 -0.1568646 -0.1533105
-0.0073257 0.0106482 -0.0041552 0.0093729 0.0122269 0.0123242 0.0006374 0.0125073 0.0044781 0.0092185 -0.1491569 -0.1479600 -0.1450737 -0.1496866 -0.1424491 -0.1486079 -0.1461837 -0.1528752 -0.1423332 -0.1451045 -0.0255001 -0.0274023 -0.0255007 -0.0217656 -0.0274826 -0.0262928 -0.0227001 -0.0223384 -0.0294365 -0.0204840 0.2103279 0.2109298 0.2090468 0.2100121 0.9364300 0.2104067 0.2099500 0.2062581 0.2094498 0.2090624 0.1903548 0.1879051 0.1939948 0.1942926 0.1978971 0.1946035 0.1956649 0.1922057 0.1953311 0.1989592 -0.1534933 -0.1543747 -0.1585311 -0.1656452 -0.1576123 -0.1622389 -0.1578431 -0.1536003 -0.1584376 -0.1565868 -0.1572906 -0.1574988 -0.1588663 -0.1522635 -0.1653225 -0.1567616 -0.1630811 -0.1633360 -0.1640304 -0.1597623 -0.1528722
-0.0015206 0.0133459 -0.0023701 0.0124455 0.0153941 0.0148208 0.0023523 0.0178585 0.0035277 0.0114533 -0.1532617 -0.1485873 -0.1474448 -0.1529622 -0.1487933 -0.1493375 -0.1460864 -0.1528996 -0.1461112 -0.1489625 -0.0249950 -0.0293948 -0.0227723 -0.0226361 -0.0268483 -0.0262622 -0.0254188 -0.0200303 -0.0293827 -0.0232153 0.2155130 0.2087941 0.2095134 0.2100678 0.2104067 0.9442303 0.2120354 0.2105388 0.2118069 0.2111057 0.1928072 0.1856578 0.1999793 0.1953673 0.1980912 0.1972958 0.1969535 0.1979993 0.1987203 0.2016719 -0.1561258 -0.1581609 -0.1626916 -0.1710400 -0.1601213 -0.1650273 -0.1602608 -0.1537874 -0.1621801 -0.1601852 -0.1591892 -0.1609242 -0.1619593 -0.1551702 -0.1698041 -0.1579878 -0.1622984 -0.1663097 -0.1677196 -0.1608725 -0.1545355
-0.0038701 0.0108611 0.0003900 0.0115108 0.0131170 0.0164359 0.0019562 0.0096466 0.0033671 0.0096287 -0.1490677 -0.1481049 -0.1481749 -0.1517862 -0.1446026 -0.1529984 -0.1467460 -0.1501357 -0.1412851 -0.1461117 -0.0243879 -0.0292565 -0.0251461 -0.0231433 -0.0245341 -0.0272087 -0.0253341 -0.0190626 -0.0299802 -0.0230520 0.2135853 0.2079777 0.2075363 0.2076762 0.2099500 0.2120354 0.9404738 0.2069191 0.2054196 0.2085726 0.1889442 0.1858817 0.1934234 0.1957223 0.2009823 0.1909607 0.1959758 0.1956400 0.1951724 0.1962704 -0.1525979 -0.1542710 -0.1628840 -0.1707653 -0.1560077 -0.1586537 -0.1583576 -0.1526033 -0.1591981 -0.1565090 -0.1588597 -0.1561725 -0.1572258 -0.1548274 -0.1618812 -0.1556650 -0.1596785 -0.1657012 -0.1668324 -0.1575823 -0.1533109
-0.0017972 0.0105627 0.0005702 0.0106129 0.0151862 0.0172556 0.0010782 0.0164352 0.0025701 0.0099721 -0.1491238 -0.1478430 -0.1479484 -0.1551995 -0.1437692 -0.1484551 -0.1476194 -0.1516646 -0.1360844 -0.1469886 -0.0260232 -0.0302461 -0.0230483 -0.0218311 -0.0229802 -0.0261140 -0.0236539 -0.0202905 -0.0286631 -0.0250699 0.2096633 0.2046722 0.2083953 0.2106582 0.2062581 0.2105388 0.2069191 0.9361559 0.2064531 0.2081443 0.1875425 0.1825950 0.1933374 0.1928644 0.1952874 0.1920461 0.1928286 0.1940799 0.1940511 0.1965574 -0.1564023 -0.1570535 -0.1572533 -0.1641477 -0.1559081 -0.1596896 -0.1570731 -0.1510688 -0.1567191 -0.1561180 -0.1546342 -0.1572806 -0.1570088 -0.1540974 -0.1632268 -0.1550547 -0.1591096 -0.1624010 -0.1628630 -0.1591715 -0.1536991
-0.0079934 0.0066469 -0.0030214 0.0091168 0.0107282 0.0141723 0.0004573 0.0135136 0.0041021 0.0124309 -0.1499013 -0.1473990 -0.1452388 -0.1524981 -0.1420961 -0.1490715 -0.1468866 -0.1524614 -0.1387169 -0.1481443 -0.0258971 -0.0291788 -0.0240838 -0.0237304 -0.0265440 -0.0267805 -0.0220289 -0.0242986 -0.0299600 -0.0234878 0.2115267 0.2094923 0.2091029 0.2084186 0.2094498 0.2118069 0.2054196 0.2064531 0.9375706 0.2103489 0.1891412 0.1860850 0.1974358 0.1924697 0.1971743 0.1934223 0.1979468 0.1928141 0.1960756 0.1986650 -0.1560248 -0.1550938 -0.1582568 -0.1670643 -0.1578093 -0.1595475 -0.1575593 -0.1517263 -0.1585556 -0.1551789 -0.1550499 -0.1580510 -0.1598449 -0.1518975 -0.1649742 -0.1546176 -0.1620891 -0.1634783 -0.1654583 -0.1585683 -0.1523556
-0.0020691 0.0109691 -0.0003367 0.0103954 0.0145305 0.0144107 0.0020982 0.0135258 0.0022059 0.0097132 -0.1512403 -0.1511683 -0.1469627 -0.1533094 -0.1472700 -0.1490635 -0.1460285 -0.1505480 -0.1419694 -0.1488669 -0.0281823 -0.0305436 -0.0262765 -0.0243866 -0.0249344 -0.0261687 -0.0243211 -0.0238935 -0.0304104 -0.0250878 0.2149446 0.2074775 0.2093118 0.2097149 0.2090624 0.2111057 0.2085726 0.2081443 0.2103489 0.9398321 0.1890719 0.1881595 0.2009868 0.1984301 0.2013347 0.1989857 0.1982042 0.1962931 0.1950772 0.1995994 -0.1561793 -0.1572785 -0.1594640 -0.1699420 -0.1591943 -0.1617132 -0.1580375 -0.1527158 -0.1587654 -0.1592477 -0.1560300 -0.1598349 -0.1579842 -0.1555610 -0.1662600 -0.1573150 -0.1612771 -0.1661095 -0.1670468 -0.1602231 -0.1551407
-0.0064074 0.0062278 -0.0051378 0.0082333 0.0112572 0.0126120 -0.0000926 0.0109653 0.0004428 0.0057506 -0.1383175 -0.1385086 -0.1377085 -0.1432337 -0.1387518 -0.1390147 -0.1364563 -0.1463007 -0.1319733 -0.1357742 -0.0255423 -0.0265817 -0.0245723 -0.0189144 -0.0217335 -0.0211345 -0.0200446 -0.0213638 -0.0236147 -0.0183722 0.1948521 0.1884142 0.1912405 0.1916586 0.1903548 0.1928072 0.1889442 0.1875425 0.1891412 0.1890719 0.9407724 0.1792859 0.1918283 0.1883348 0.1895402 0.1868815 0.1935162 0.1876758 0.1894089 0.1962522 -0.1478234 -0.1502865 -0.1569707 -0.1643262 -0.1550626 -0.1521896 -0.1508539 -0.1456820 -0.1539300 -0.1502287 -0.1549697 -0.1506923 -0.1539580 -0.1471459 -0.1578370 -0.1512378 -0.1530988 -0.1609363 -0.1576939 -0.1546443 -0.1484143
-0.0111582 0.0072050 -0.0089167 0.0051606 0.0056436 0.0085886 -0.0047524 0.0052715 -0.0003230 0.0034729 -0.1373570 -0.1331958 -0.1397534 -0.1408955 -0.1363123 -0.1357449 -0.1362003 -0.1398910 -0.1303499 -0.1317821 -0.0275982 -0.0292086 -0.0263643 -0.0225121 -0.0290882 -0.0288280 -0.0277843 -0.0214016 -0.0310370 -0.0249471 0.1866203 0.1869979 0.1838218 0.1823549 0.1879051 0.1856578 0.1858817 0.1825950 0.1860850 0.1881595 0.1792859 0.9266320 0.1877178 0.1877109 0.1807968 0.1838268 0.1827917 0.1880342 0.1850456 0.1867868 -0.1422124 -0.1416210 -0.1451358 -0.1480265 -0.1463310 -0.1430694 -0.1427064 -0.1423316 -0.1438478 -0.1467001 -0.1426549 -0.1436116 -0.1441769 -0.1372636 -0.1508643 -0.1472737 -0.1428723 -0.1438433 -0.1486239 -0.1457639 -0.1360802
-0.0085231 0.0043848 -0.0016519 0.0093144 0.0068109 0.0107867 -0.0016266 0.0109090 0.0010418 0.0044471 -0.1473866 -0.1438465 -0.1414380 -0.1460171 -0.1418321 -0.1441828 -0.1385038 -0.1476932 -0.1371244 -0.1428874 -0.0281533 -0.0246555 -0.0250268 -0.0211889 -0.0252670 -0.0267587 -0.0208562 -0.0249566 -0.0269363 -0.0192560 0.1991123 0.1952669 0.1971778 0.1939294 0.1939948 0.1999793 0.1934234 0.1933374 0.1974358 0.2009868 0.1918283 0.1877178 0.9442988 0.1924009 0.1965870 0.1988745 0.2001953 0.1970550 0.1982400 0.1988405 -0.1550143 -0.1541166 -0.1547664 -0.1631762 -0.1551257 -0.1558149 -0.1536797 -0.1478725 -0.1579917 -0.1528440 -0.1508938 -0.1532965 -0.1581657 -0.1498217 -0.1632964 -0.1509573 -0.1573315 -0.1611660 -0.1588021 -0.1559661 -0.1490500
-0.0039177 0.0087344 -0.0038194 0.0068894 0.0124499 0.0125693 -0.0046292 0.0109397 0.0001452 0.0088376 -0.1515836 -0.1484576 -0.1453387 -0.1485935 -0.1444544 -0.1468085 -0.1460009 -0.1484095 -0.1404472 -0.1448728 -0.0204724 -0.0241842 -0.0168649 -0.0191876 -0.0241270 -0.0270797 -0.0217050 -0.0207188 -0.0290624 -0.0206223 0.2009127 0.1949251 0.1945358 0.1956646 0.1942926 0.1953673 0.1957223 0.1928644 0.1924697 0.1984301 0.1883348 0.1877109 0.1924009 0.9283894 0.1946466 0.1916096 0.1951229 0.1935697 0.1925415 0.1978253 -0.1434523 -0.1444193 -0.1562375 -0.1578797 -0.1496404 -0.1529099 -0.1519268 -0.1463182 -0.1511450 -0.1508992 -0.1532272 -0.1495643 -0.1516474 -0.1437194 -0.1548746 -0.1467438 -0.1541454 -0.1536211 -0.1571386 -0.1538452 -0.1418573
-0.0079672 0.0083227 -0.0037847 0.0075080 0.0092503 0.0089076 -0.0009098 0.0110281 -0.0007516 0.0061117 -0.1474287 -0.1475181 -0.1456285 -0.1496579 -0.1446949 -0.1486257 -0.1443429 -0.1495108 -0.1380089 -0.1465334 -0.0252671 -0.0295416 -0.0238237 -0.0186501 -0.0261319 -0.0269466 -0.0203512 -0.0213589 -0.0303480 -0.0199998 0.1984183 0.1959938 0.1971308 0.1984555 0.1978971 0.1980912 0.2009823 0.1952874 0.1971743 0.2013347 0.1895402 0.1807968 0.1965870 0.1946466 0.9332507 0.1965273 0.1990932 0.1946243 0.1956197 0.2000692 -0.1471154 -0.1458710 -0.1540417 -0.1579280 -0.1506338 -0.1553216 -0.1543866 -0.1453277 -0.1530606 -0.1524244 -0.1488299 -0.1539085 -0.1524513 -0.1457657 -0.1595393 -0.1512939 -0.1566048 -0.1539336 -0.1585028 -0.1550294 -0.1442903
-0.0118215 0.0034109 -0.0038926 0.0074769 0.0090365 0.0114293 -0.0050469 0.0079974 -0.0010119 0.0044840 -0.1446526 -0.1438904 -0.1385459 -0.1440073 -0.1399588 -0.1425122 -0.1399758 -0.1443437 -0.1350179 -0.1399006 -0.0256977 -0.0273360 -0.0276340 -0.0201616 -0.0260409 -0.0263036 -0.0222820 -0.0221181 -0.0290331 -0.0231862 0.1957898 0.1927116 0.1967131 0.1956658 0.1946035 0.1972958 0.1909607 0.1920461 0.1934223 0.1989857 0.1868815 0.1838268 0.1988745 0.1916096 0.1965273 0.9367400 0.1934516 0.1926212 0.1897042 0.2007869 -0.1488606 -0.1503394 -0.1544006 -0.1591296 -0.1530898 -0.1526028 -0.1499570 -0.1454041 -0.1497661 -0.1523053 -0.1480423 -0.1524225 -0.1541494 -0.1460078 -0.1571344 -0.1501223 -0.1534014 -0.1550679 -0.1589286 -0.1530473 -0.1472842
-0.0100985 0.0055672 -0.0054284 0.0056857 0.0097540 0.0103292 -0.0030092 0.0072953 0.0010410 0.0020318 -0.1461899 -0.1455788 -0.1438686 -0.1498180 -0.1466430 -0.1462809 -0.1442033 -0.1472839 -0.1390556 -0.1428557 -0.0235140 -0.0247412 -0.0227835 -0.0161827 -0.0250933 -0.0262686 -0.0221203 -0.0210942 -0.0268316 -0.0186344 0.1962992 0.1975940 0.1936248 0.1953651 0.1956649 0.1969535 0.1959758 0.1928286 0.1979468 0.1982042 0.1935162 0.1827917 0.2001953 0.1951229 0.1990932 0.1934516 0.9307023 0.2021911 0.1958526 0.1971856 -0.1480756 -0.1472676 -0.1530060 -0.1584960 -0.1513133 -0.1542932 -0.1510309 -0.1456181 -0.1542340 -0.1548148 -0.1498444 -0.1526757 -0.1521034 -0.1431658 -0.1584331 -0.1482411 -0.1566463 -0.1540657 -0.1588941 -0.1520004 -0.1438531
-0.0088627 0.0065014 -0.0059603 0.0097810 0.0085585 0.0101111 -0.0014020 0.0084496 0.0013592 0.0045645 -0.1464435 -0.1456169 -0.1443852 -0.1492082 -0.1421145 -0.1459791 -0.1448964 -0.1471486 -0.1381286 -0.1444380 -0.0190232 -0.0253759 -0.0191555 -0.0190065 -0.0251431 -0.0244459 -0.0190280 -0.0179494 -0.0272244 -0.0189958 0.1972723 0.1925169 0.1950308 0.1928488 0.1922057 0.1979993 0.1956400 0.1940799 0.1928141 0.1962931 0.1876758 0.1880342 0.1970550 0.1935697 0.1946243 0.1926212 0.2021911 0.9278845 0.1950821 0.1997587 -0.1458697 -0.1499934 -0.1547556 -0.1550375 -0.1509882 -0.1560266 -0.1533223 -0.1466789 -0.1526681 -0.1521027 -0.1490087 -0.1516645 -0.1530766 -0.1444265 -0.1603494 -0.1478844 -0.1536384 -0.1499429 -0.1561718 -0.1550541 -0.1443925
-0.0070986 0.0080065 -0.0070627 0.0105046 0.0114193 0.0134263 -0.0001770 0.0114860 0.0026045 0.0083330 -0.1495438 -0.1476017 -0.1445113 -0.1504587 -0.1429445 -0.1469585 -0.1448935 -0.1464057 -0.1383147 -0.1432078 -0.0256173 -0.0249545 -0.0215596 -0.0191370 -0.0227297 -0.0257526 -0.0194727 -0.0191408 -0.0290988 -0.0209902 0.1982133 0.1950656 0.1971283 0.1945971 0.1953311 0.1987203 0.1951724 0.1940511 0.1960756 0.1950772 0.1894089 0.1850456 0.1982400 0.1925415 0.1956197 0.1897042 0.1958526 0.1950821 0.9301302 0.1949284 -0.1504539 -0.1515721 -0.1554863 -0.1566014 -0.1507394 -0.1545216 -0.1515645 -0.1474937 -0.1515801 -0.1499218 -0.1512698 -0.1512108 -0.1564560 -0.1467460 -0.1564244 -0.1497562 -0.1557541 -0.1514673 -0.1575220 -0.1552317 -0.1460428
-0.0064124 0.0082385 -0.0045369 0.0104351 0.0101116 0.0141778 -0.0017012 0.0099446 0.0010928 0.0045545 -0.1479533 -0.1470236 -0.1426921 -0.1484049 -0.1393543 -0.1451505 -0.1436970 -0.1450542 -0.1379043 -0.1442854 -0.0263413 -0.0290877 -0.0263191 -0.0240661 -0.0252874 -0.0270670 -0.0218879 -0.0227991 -0.0284802 -0.0204705 0.2018544 0.1988835 0.2028701 0.1983705 0.1989592 0.2016719 0.1962704 0.1965574 0.1986650 0.1995994 0.1962522 0.1867868 0.1988405 0.1978253 0.2000692 0.2007869 0.1971856 0.1997587 0.1949284 0.9461302 -0.1553727 -0.1551528 -0.1560553 -0.1642250 -0.1572849 -0.1571981 -0.1558815 -0.1502555 -0.1588365 -0.1579078 -0.1516688 -0.1579387 -0.1584855 -0.1522468 -0.1639748 -0.1530218 -0.1597311 -0.1608247 -0.1622957 -0.1578502 -0.1504208
-0.0345446 -0.0528921 -0.0328531 -0.0592470 -0.0569372 -0.0634864 -0.0443188 -0.0541790 -0.0522266 -0.0516018 0.0614031 0.0784034 0.0765797 0.0803430 0.0522805 0.0532346 0.0691036 0.0791048 0.0594855 0.0690326 -0.0004512 -0.0090537 -0.0117686 -0.0013793 -0.0182287 -0.0186705 -0.0039471 -0.0153043 -0.0235189 -0.0179586 -0.1600794 -0.1545496 -0.1568956 -0.1571880 -0.1534933 -0.1561258 -0.1525979 -0.1564023 -0.1560248 -0.1561793 -0.1478234 -0.1422124 -0.1550143 -0.1434523 -0.1471154 -0.1488606 -0.1480756 -0.1458697 -0.1504539 -0.1553727 1.2111824 0.2432924 0.0898841 0.1004287 0.1105618 0.0968943 0.0990663 0.0635415 0.0931760 0.0933201 0.0854240 0.0987655 0.1406867 0.1674920 0.1005031 0.1159796 0.0910463 0.1038111 0.0979009 0.0917659 0.2238170
-0.0437297 -0.0504621 -0.0312027 -0.0556243 -0.0612180 -0.0652575 -0.0425846 -0.0558361 -0.0517867 -0.0465361 0.0617381 0.0775553 0.0821208 0.0841019 0.0564268 0.0560011 0.0652736 0.0905601 0.0551589 0.0700923 -0.0054511 -0.0073862 -0.0157686 -0.0067913 -0.0261123 -0.0219937 -0.0057021 -0.0239970 -0.0266657 -0.0259491 -0.1607729 -0.1524391 -0.1570810 -0.1558295 -0.1543747 -0.1581609 -0.1542710 -0.1570535 -0.1550938 -0.1572785 -0.1502865 -0.1416210 -0.1541166 -0.1444193 -0.1458710 -0.1503394 -0.1472676 -0.1499934 -0.1515721 -0.1551528 0.2432924 1.1996467 0.0985678 0.0959159 0.1140468 0.0979244 0.0943407 0.0670376 0.0953551 0.1051012 0.1028624 0.1097671 0.1411339 0.1731567 0.0952992 0.1133510 0.1043568 0.0931410 0.1031034 0.1006317 0.2221774
-0.0507654 -0.0622769 -0.0478465 -0.0446951 -0.0448081 -0.0454380 -0.0490144 -0.0598114 -0.0393581 -0.0476042 0.0567787 0.0619858 0.0663555 0.0795799 0.0757139 0.0789854 0.0667502 0.0737672 0.0723209 0.0491240 -0.0201237 -0.0230762 -0.0293307 -0.0269912 -0.0160490 -0.0225300 -0.0077738 -0.0286488 -0.0361423 -0.0246669 -0.1640664 -0.1578352 -0.1607460 -0.1607399 -0.1585311 -0.1626916 -0.1628840 -0.1572533 -0.1582568 -0.1594640 -0.1569707 -0.1451358 -0.1547664 -0.1562375 -0.1540417 -0.1544006 -0.1530060 -0.1547556 -0.1554863 -0.1560553 0.0898841 0.0985678 1.2486398 0.1004393 0.0974103 0.0896829 0.0874289 0.1176018 0.1111324 0.1161213 0.4672302 0.1137368 0.1214850 0.1275702 0.0836441 0.0958612 0.1098240 0.1326386 0.0953612 0.0857614 0.0911290
