     0.98979    0.0752384    0.0667312    0.0363402    0.0309027    0.0345172    0.0329208    0.0711968     0.018355    0.0386677   -0.0349318    -0.032279   -0.0371223   -0.0444399   -0.0391578   -0.0403206   -0.0340196   -0.0419728   -0.0340555   -0.0431096    0.0102798  -0.00159913   0.00377127    0.0165519    0.0095246    0.0120374   0.00204896    0.0191186   0.00557069  -0.00450431   0.00695306  -0.00184726  -0.00135374   0.00297095 -0.000103283   0.00361503   0.00156888   0.00444478  -0.00281324   0.00374629  0.000179598   -0.0083416  -0.00354142  0.000719421  -0.00357997  -0.00842981  -0.00762708  -0.00525473  0.000631205  -0.00315714   -0.0434979   -0.0526871   -0.0557349   -0.0529859   -0.0544095   -0.0477402   -0.0394246   -0.0483852   -0.0464471   -0.0515973   -0.0497685   -0.0557687   -0.0583481   -0.0456789   -0.0529543   -0.0471235    -0.052081   -0.0515491   -0.0531743   -0.0451999   -0.0433926
   0.0752384     0.987948    0.0352209    0.0404344    0.0323686    0.0437895    0.0373793    0.0678132    0.0247689    0.0451073    -0.054582   -0.0408406   -0.0508238   -0.0549707   -0.0495509   -0.0510242   -0.0541943   -0.0564576   -0.0475617   -0.0507345   0.00254261 -7.61127e-05    0.0137692    0.0108414   0.00807799    0.0125134   0.00378245    0.0147528    0.0204032   0.00631322    0.0224922     0.019507    0.0157827    0.0162221    0.0191886    0.0230166    0.0222645    0.0193105    0.0163683     0.021337    0.0151767    0.0157123    0.0142517    0.0164834    0.0181071    0.0123363    0.0124702    0.0152024    0.0182345    0.0177529   -0.0607578   -0.0594753   -0.0713625   -0.0583297   -0.0700647   -0.0616763   -0.0593398   -0.0548262   -0.0609332   -0.0704676   -0.0685873   -0.0706339   -0.0683638   -0.0688305   -0.0607357   -0.0597984    -0.057547   -0.0632481   -0.0630396   -0.0578533   -0.0555126
   0.0667312    0.0352209     0.996571    0.0271443    0.0395361    0.0232951    0.0331171      0.16665    0.0178807    0.0347483    -0.042233   -0.0329711   -0.0436541    -0.038547   -0.0352276   -0.0392702   -0.0376918   -0.0377916   -0.0445036    -0.035554  -0.00972204   -0.0136389  -0.00957293   0.00751617  0.000167216  -0.00823346  -0.00233714  -0.00219986   -0.0103946   -0.0224702   0.00603032  0.000314184   0.00256233   0.00256072   0.00223765   0.00178578   0.00752973   0.00668477   0.00258943   0.00528233  0.000230037  -0.00272567   0.00394407  0.000795678   0.00108204   0.00122065  -0.00153098 -4.31658e-05 -0.000589843   0.00052757   -0.0466907   -0.0503033   -0.0499906   -0.0541235   -0.0555141    -0.045403   -0.0378416   -0.0612795   -0.0475211   -0.0442316   -0.0476832   -0.0480394   -0.0580251   -0.0467087   -0.0529555   -0.0373134   -0.0607167   -0.0554552   -0.0465007     -0.04153   -0.0384304
   0.0363402    0.0404344    0.0271443     0.977851    0.0389923     0.044947    0.0268939    0.0417164    0.0331421    0.0361616   -0.0640223   -0.0574721   -0.0472861   -0.0548431   -0.0434751   -0.0479656   -0.0482336   -0.0592818   -0.0381307   -0.0569625    0.0130898   0.00860565    0.0113868    0.0174579    0.0182547    0.0167141   0.00957494    0.0137775    0.0166684    0.0126078    0.0253308    0.0221836    0.0176558    0.0253679    0.0207915    0.0227144    0.0233172    0.0229718     0.018983    0.0226224    0.0191113    0.0139242    0.0191712    0.0190747    0.0177678    0.0176225    0.0134767    0.0200686    0.0214159    0.0197649   -0.0617088   -0.0595202   -0.0585558   -0.0779311   -0.0689542   -0.0628602   -0.0580168   -0.0643487   -0.0624848   -0.0627607   -0.0562499   -0.0609897   -0.0661366   -0.0564634   -0.0604195   -0.0578765   -0.0675015    -0.079752   -0.0682887   -0.0637812   -0.0593669
   0.0309027    0.0323686    0.0395361    0.0389923     0.989963    0.0386516    0.0292619    0.0453589    0.0265068    0.0279411   -0.0509234   -0.0560035   -0.0531277    -0.053025   -0.0322085   -0.0355559   -0.0538241   -0.0499185   -0.0460653   -0.0527872   0.00810099   0.00494451    0.0173962    0.0120445    0.0129754    0.0134238   0.00757087   0.00901195    0.0106943    0.0141751    0.0258395    0.0213983     0.024835    0.0214475    0.0238555    0.0260131    0.0231956    0.0266336    0.0233032    0.0253089    0.0219557    0.0121849    0.0173789    0.0231284    0.0193804    0.0170671    0.0171198    0.0213489     0.021402    0.0203145   -0.0599157   -0.0690537   -0.0570917   -0.0779621   -0.0699956   -0.0626735   -0.0643969    -0.056725    -0.065015   -0.0685338   -0.0528811   -0.0631389   -0.0699974   -0.0674102     -0.06966   -0.0601343   -0.0606489   -0.0801543   -0.0684631   -0.0579586   -0.0557483
   0.0345172    0.0437895    0.0232951     0.044947    0.0386516     0.980969    0.0254577    0.0469432      0.03807     0.037646   -0.0583643   -0.0602422    -0.057916   -0.0563496   -0.0506872   -0.0570564   -0.0514902   -0.0582759   -0.0520714   -0.0613091   0.00501979    0.0121386    0.0152951    0.0154207    0.0129895    0.0185319    0.0112949    0.0200057    0.0214719    0.0223817    0.0279854    0.0265955    0.0250032    0.0293449    0.0249014    0.0272495    0.0299516    0.0281173    0.0261372    0.0260826    0.0263298    0.0174359    0.0226281    0.0246152     0.019526    0.0241631    0.0198765    0.0216314    0.0263809     0.026697   -0.0630716   -0.0658712   -0.0637147   -0.0638962    -0.071882   -0.0651549   -0.0595233   -0.0601777    -0.071017   -0.0707889   -0.0626303   -0.0733453   -0.0719208   -0.0813599   -0.0628506    -0.070194   -0.0673012   -0.0671438   -0.0694839    -0.061091   -0.0599982
   0.0329208    0.0373793    0.0331171    0.0268939    0.0292619    0.0254577     0.977062    0.0421312    0.0208914    0.0247852   -0.0342588   -0.0386448    -0.038636   -0.0419232   -0.0309572   -0.0338885    -0.038768   -0.0367948   -0.0414661   -0.0295377   0.00404628   0.00586001    0.0105569    0.0119775    0.0108834   0.00852728     0.010601    0.0141619    0.0156719    0.0133125    0.0132199   0.00496161   0.00316015   0.00681285   0.00865546   0.00936659    0.0089204   0.00811026   0.00619565   0.00898075   0.00579572   0.00101472   0.00486502 -5.52743e-05    0.0033914  0.000547197    0.0033511   0.00276384   0.00805025   0.00479714    -0.048394   -0.0478134   -0.0524925   -0.0590065   -0.0604682   -0.0487739   -0.0407755   -0.0556101   -0.0574229   -0.0509281   -0.0476382   -0.0527832   -0.0567212   -0.0592562   -0.0513114   -0.0466595   -0.0625234   -0.0638671   -0.0546973   -0.0498124   -0.0430071
   0.0711968    0.0678132      0.16665    0.0417164    0.0453589    0.0469432    0.0421312     0.992787    0.0274657    0.0334823   -0.0596352   -0.0495625   -0.0568034   -0.0515363   -0.0468996   -0.0525617   -0.0542748   -0.0634179   -0.0581592   -0.0584007  -0.00880111   -0.0109006  -0.00239457   0.00937253  -0.00693462    0.0017359  -0.00852548   0.00646816  -0.00383515  -0.00759812     0.027249    0.0242016    0.0216828    0.0238231    0.0231255    0.0274444    0.0220454    0.0286413    0.0244416    0.0258319    0.0200472    0.0150256    0.0212387     0.021849    0.0207614    0.0173318    0.0142645    0.0189519    0.0220266    0.0213642   -0.0678424   -0.0719791   -0.0707372    -0.063733   -0.0794295   -0.0669812   -0.0660564   -0.0623447    -0.065827   -0.0665349   -0.0599723   -0.0689417   -0.0761243   -0.0695115   -0.0738483   -0.0586827   -0.0689265    -0.066024   -0.0728454   -0.0637359   -0.0601262
    0.018355    0.0247689    0.0178807    0.0331421    0.0265068      0.03807    0.0208914    0.0274657     0.976988    0.0153273   -0.0477267   -0.0523246   -0.0295268   -0.0395596   -0.0398681   -0.0472322   -0.0317031    -0.044078   -0.0327907   -0.0435962   0.00763316    0.0124827    0.0125906    0.0160077     0.016193    0.0227462    0.0137485    0.0134316    0.0160613    0.0189761    0.0109539    0.0127995    0.0108629    0.0129478    0.0142973    0.0129285    0.0126176    0.0123669    0.0136031     0.011594   0.00738438   0.00620589   0.00828341   0.00655854    0.0069318   0.00653514   0.00970365    0.0103931    0.0101928   0.00901375    -0.048876   -0.0519467   -0.0541436   -0.0564815   -0.0618488   -0.0544531   -0.0486794   -0.0436445   -0.0490595   -0.0590378   -0.0587423   -0.0602551   -0.0535188   -0.0589291   -0.0444822   -0.0539887   -0.0514893    -0.057092    -0.060595   -0.0503124    -0.051975
   0.0386677    0.0451073    0.0347483    0.0361616    0.0279411     0.037646    0.0247852    0.0334823    0.0153273     0.981012   -0.0515217   -0.0482054   -0.0508796   -0.0525448   -0.0409332   -0.0347783   -0.0496635   -0.0466167   -0.0495666   -0.0499509    0.0129218   0.00695281    0.0089179    0.0138695   0.00814044    0.0137829   0.00884311    0.0126091    0.0131899    0.0106836    0.0220751    0.0164023    0.0190064    0.0196646    0.0196533    0.0221117    0.0195598    0.0220978    0.0227481    0.0206447    0.0151937    0.0101763    0.0132177    0.0169926    0.0147991    0.0133416   0.00963184    0.0126225    0.0172687     0.013299    -0.056116    -0.053678   -0.0534272   -0.0672174   -0.0704334   -0.0560067   -0.0532072   -0.0568718   -0.0622596   -0.0647849   -0.0514525    -0.059459   -0.0646314   -0.0696968   -0.0654183   -0.0518107    -0.057054    -0.072173   -0.0608228   -0.0590064   -0.0554148
  -0.0349318    -0.054582    -0.042233   -0.0640223   -0.0509234   -0.0583643   -0.0342588   -0.0596352   -0.0477267   -0.0515217      1.13186     0.169575      0.11898     0.133801     0.112397     0.139575     0.122765     0.124478     0.123664     0.153086   -0.0127567   -0.0243933   -0.0206958   -0.0199652   -0.0244127   -0.0298115   -0.0208563   -0.0214939   -0.0085394   -0.0222261    -0.178465    -0.176087    -0.178328    -0.179915    -0.173711    -0.181218    -0.174774    -0.175916    -0.176315    -0.178085    -0.160227     -0.15567    -0.171812      -0.1788     -0.17211    -0.169213    -0.170572    -0.172569    -0.175144    -0.172166    0.0850707    0.0935371    0.0753448     0.113405    0.0850809    0.0991225     0.101666    0.0994669    0.0890824    0.0872165    0.0726134    0.0912188    0.0863137     0.112015    0.0936051     0.092818     0.103602      0.10346    0.0895187    0.0997158    0.0982339
   -0.032279   -0.0408406   -0.0329711   -0.0574721   -0.0560035   -0.0602422   -0.0386448   -0.0495625   -0.0523246   -0.0482054     0.169575      1.11113     0.130888       0.1193    0.0949181     0.114446     0.118683     0.129965     0.111629      0.13475   -0.0211931   -0.0195879   -0.0337621   -0.0204062   -0.0297946   -0.0248457   -0.0251435   -0.0228422   -0.0195559   -0.0326555    -0.173074    -0.175459    -0.174899    -0.174779    -0.171973    -0.173509    -0.171565    -0.174499    -0.172875    -0.175705    -0.160358    -0.152537    -0.166533    -0.174935    -0.172988    -0.169829    -0.169441    -0.169707    -0.172054    -0.171304     0.103928     0.102793    0.0907938    0.0809745     0.102353     0.105794      0.11153    0.0853078    0.0889395     0.107463    0.0905078    0.0962977    0.0952653    0.0781789    0.0915296     0.108642    0.0887623     0.075173     0.106905     0.107346     0.103511
  -0.0371223   -0.0508238   -0.0436541   -0.0472861   -0.0531277    -0.057916    -0.038636   -0.0568034   -0.0295268   -0.0508796      0.11898     0.130888      1.13097     0.148374     0.114049     0.120739     0.138486     0.125773     0.124384     0.101244   -0.0163054   -0.0114715   -0.0378417   -0.0244312   -0.0108207   -0.0123878   -0.0238829   -0.0230506   -0.0134403   -0.0287149     -0.17143    -0.171143    -0.172308    -0.172509    -0.171091    -0.173598    -0.174913    -0.173087    -0.171192    -0.170871    -0.162781    -0.161575    -0.163365    -0.172092    -0.171625    -0.160413    -0.167345    -0.169774     -0.16847     -0.16745    0.0981076     0.101994    0.0776781    0.0869513    0.0947323     0.100479     0.100907    0.0830753    0.0923126    0.0811812    0.0734641     0.100297    0.0848283     0.100321    0.0955711    0.0923271    0.0823444    0.0906885    0.0876047    0.0897775    0.0907307
  -0.0444399   -0.0549707    -0.038547   -0.0548431    -0.053025   -0.0563496   -0.0419232   -0.0515363   -0.0395596   -0.0525448     0.133801       0.1193     0.148374      1.12643     0.130773     0.123548     0.119927     0.148212      0.10614     0.125922   -0.0350502   -0.0176088   -0.0387215   -0.0350147   -0.0210318   -0.0288192   -0.0254875   -0.0344599   -0.0200723   -0.0332406    -0.181179     -0.17575    -0.182673    -0.176151    -0.178347    -0.183118    -0.180129    -0.181514    -0.179905     -0.18193    -0.168229    -0.165124    -0.174154    -0.177357    -0.177503    -0.170644    -0.175694    -0.179146    -0.178806    -0.174076     0.102797     0.105235    0.0838689     0.127851     0.105727     0.116658     0.101218    0.0882862     0.094639     0.112291    0.0817816     0.110483     0.104143    0.0956305     0.111971     0.110306     0.104375      0.10982     0.104012     0.106583     0.106314
  -0.0391578   -0.0495509   -0.0352276   -0.0434751   -0.0322085   -0.0506872   -0.0309572   -0.0468996   -0.0398681   -0.0409332     0.112397    0.0949181     0.114049     0.130773      1.12317     0.141105     0.113815      0.12617    0.0925681     0.124276   -0.0336018   -0.0209636   -0.0227244    -0.029736  -0.00926603   -0.0219935   -0.0126253   -0.0305165  -0.00260945   -0.0247175    -0.172937    -0.172176    -0.168981    -0.171303    -0.166607    -0.175385    -0.171724    -0.166274    -0.166632     -0.17229    -0.164051    -0.157736    -0.169059    -0.167566    -0.171044    -0.165987    -0.173192    -0.168261    -0.170212    -0.162359    0.0891885    0.0928061    0.0900604     0.101256    0.0924751     0.102232    0.0892713    0.0891244    0.0926984    0.0892314    0.0819397    0.0986336    0.0840386     0.106872    0.0925922    0.0978108     0.102895    0.0793444    0.0940651    0.0952106    0.0855566
  -0.0403206   -0.0510242   -0.0392702   -0.0479656   -0.0355559   -0.0570564   -0.0338885   -0.0525617   -0.0472322   -0.0347783     0.139575     0.114446     0.120739     0.123548     0.141105      1.13629     0.117169     0.106409     0.132222     0.131917   -0.0314312   -0.0245446   -0.0255657   -0.0353443   -0.0275132  -0.00924313   -0.0130113   -0.0266445   -0.0282368   -0.0152025    -0.174499    -0.176266    -0.170029    -0.174245      -0.1723    -0.176365    -0.178376    -0.173335    -0.172564    -0.170927    -0.162398    -0.158254    -0.167343    -0.170377    -0.173115    -0.165537    -0.169024    -0.170139    -0.173381    -0.167017    0.0819328    0.0872316     0.126219     0.116485    0.0726482    0.0916674    0.0949785    0.0796842     0.098289    0.0851367     0.119146    0.0917756    0.0790282     0.110152    0.0785117     0.101768    0.0941494    0.0972514     0.070845    0.0820175      0.08402
  -0.0340196   -0.0541943   -0.0376918   -0.0482336   -0.0538241   -0.0514902    -0.038768   -0.0542748   -0.0317031   -0.0496635     0.122765     0.118683     0.138486     0.119927     0.113815     0.117169      1.11811     0.127611      0.12046      0.11607   -0.0196174   -0.0159551   -0.0342719   -0.0254972   -0.0249667    -0.017827   -0.0286495   -0.0248391   -0.0190922   -0.0231627    -0.174904    -0.171827      -0.1717    -0.170677    -0.172192    -0.172779    -0.173646    -0.173048    -0.172255    -0.171545    -0.159355    -0.156998     -0.16322    -0.171838    -0.168544     -0.16457    -0.168108    -0.171039    -0.169634    -0.168753    0.0981775    0.0945118    0.0828409      0.11404    0.0999563     0.106301    0.0964116    0.0833087     0.103039    0.0936996     0.081158    0.0971222    0.0947621     0.105314     0.097663    0.0958247    0.0939703     0.103433    0.0962132    0.0916976    0.0900568
  -0.0419728   -0.0564576   -0.0377916   -0.0592818   -0.0499185   -0.0582759   -0.0367948   -0.0634179    -0.044078   -0.0466167     0.124478     0.129965     0.125773     0.148212      0.12617     0.106409     0.127611      1.12595     0.105367     0.120026   -0.0237311   -0.0170753   -0.0319029   -0.0252645   -0.0101124   -0.0278008   -0.0245992   -0.0297463   -0.0129656   -0.0345559    -0.181089    -0.178754    -0.178761    -0.176755     -0.18062    -0.180746    -0.178961    -0.176497    -0.178521      -0.1787    -0.171566    -0.162479    -0.175279    -0.174747    -0.177141    -0.171144    -0.174603      -0.1747    -0.173656    -0.171221     0.109612     0.115742       0.0901    0.0965521     0.121299     0.119379     0.109463    0.0880545    0.0829968      0.11961    0.0825831     0.112971     0.105764    0.0808835     0.114525      0.10976     0.100903    0.0833261     0.117783     0.107453     0.107152
  -0.0340555   -0.0475617   -0.0445036   -0.0381307   -0.0460653   -0.0520714   -0.0414661   -0.0581592   -0.0327907   -0.0495666     0.123664     0.111629     0.124384      0.10614    0.0925681     0.132222      0.12046     0.105367      1.10468    0.0939109  -0.00516662   -0.0100225   -0.0310028   -0.0165171   -0.0228918   -0.0133801   -0.0180395   -0.0170848   -0.0182731   -0.0292196    -0.165765    -0.169025    -0.164276    -0.161832    -0.169422    -0.171496      -0.1672    -0.161387    -0.161714    -0.166028    -0.153077    -0.149798    -0.158451    -0.165361    -0.159541    -0.156664    -0.160939     -0.16058    -0.161947     -0.16041    0.0874723    0.0855749     0.100098     0.101234    0.0791567    0.0874265    0.0972454    0.0920064    0.0981364    0.0751607     0.101729     0.090772    0.0823088      0.11302    0.0838448    0.0938027    0.0985578    0.0965668    0.0765642    0.0812797    0.0832871
  -0.0431096   -0.0507345    -0.035554   -0.0569625   -0.0527872   -0.0613091   -0.0295377   -0.0584007   -0.0435962   -0.0499509     0.153086      0.13475     0.101244     0.125922     0.124276     0.131917      0.11607     0.120026    0.0939109      1.12798   -0.0271078   -0.0210665   -0.0150654   -0.0195084    -0.022389   -0.0244653   -0.0187859   -0.0228714   -0.0020948   -0.0124458    -0.173397    -0.172267      -0.1727    -0.169368    -0.170042    -0.173848    -0.170894    -0.170724    -0.173858    -0.174986    -0.158852    -0.152622    -0.167296    -0.168787    -0.173793    -0.164556    -0.166458    -0.169305    -0.167204    -0.168429    0.0916402     0.093479     0.074173     0.111031    0.0849599     0.109205    0.0964798    0.0764313     0.084415    0.0974883    0.0722088    0.0912396    0.0939292     0.103836    0.0913627     0.103474    0.0832639    0.0888937     0.102159     0.103877     0.101115
   0.0102798   0.00254261  -0.00972204    0.0130898   0.00810099   0.00501979   0.00404628  -0.00880111   0.00763316    0.0129218   -0.0127567   -0.0211931   -0.0163054   -0.0350502   -0.0336018   -0.0314312   -0.0196174   -0.0237311  -0.00516662   -0.0271078      1.00009    0.0332777    0.0366134    0.0230244    0.0221722    0.0256811    0.0199432    0.0316513    0.0288088     0.031735   -0.0307683   -0.0285178   -0.0238553   -0.0318498   -0.0271592   -0.0263097   -0.0254589   -0.0265257   -0.0287582   -0.0293265   -0.0266703    -0.032553   -0.0298999   -0.0234283   -0.0277222   -0.0282432   -0.0263496    -0.021068   -0.0265564   -0.0296026  -0.00597375  -0.00943722   -0.0192264   -0.0239708   -0.0169572   -0.0282769   -0.0194714   -0.0201449   -0.0192201   -0.0227796   -0.0229639   -0.0262478   -0.0146413   -0.0238563   -0.0127358   -0.0262724   -0.0306613   -0.0183805   -0.0207677  -0.00810472    -0.015075
 -0.00159913 -7.61127e-05   -0.0136389   0.00860565   0.00494451    0.0121386   0.00586001   -0.0109006    0.0124827   0.00695281   -0.0243933   -0.0195879   -0.0114715   -0.0176088   -0.0209636   -0.0245446   -0.0159551   -0.0170753   -0.0100225   -0.0210665    0.0332777     0.991108    0.0311009    0.0158432    0.0327472    0.0333496    0.0308036    0.0177605    0.0293644    0.0383163   -0.0348019   -0.0313233   -0.0329051   -0.0331779   -0.0291917   -0.0314477   -0.0297922   -0.0299429   -0.0303122    -0.032338   -0.0279013   -0.0328328    -0.027573   -0.0258705   -0.0311601    -0.029596   -0.0257936   -0.0260945   -0.0260868   -0.0297169  -0.00974221  -0.00792594   -0.0220938   -0.0258696   -0.0208677   -0.0188008   -0.0132997    -0.023338   -0.0246325   -0.0208671   -0.0205974   -0.0192766   -0.0170966   -0.0340997  -0.00932568   -0.0230317    -0.030755   -0.0276753    -0.014521   -0.0186839  -0.00893247
  0.00377127    0.0137692  -0.00957293    0.0113868    0.0173962    0.0152951    0.0105569  -0.00239457    0.0125906    0.0089179   -0.0206958   -0.0337621   -0.0378417   -0.0387215   -0.0227244   -0.0255657   -0.0342719   -0.0319029   -0.0310028   -0.0150654    0.0366134    0.0311009      1.00434    0.0231237     0.034795    0.0381088    0.0352453    0.0279187    0.0425327     0.059563   -0.0281562   -0.0234652   -0.0271492   -0.0280877   -0.0256881   -0.0233499   -0.0236096   -0.0220308   -0.0248983   -0.0277218    -0.024285   -0.0284509   -0.0269924   -0.0151661   -0.0236566   -0.0286753   -0.0237201   -0.0176563   -0.0227218   -0.0268313    -0.012598   -0.0184198   -0.0283612   -0.0275883   -0.0244125   -0.0244828   -0.0213431   -0.0290792   -0.0279967   -0.0236215   -0.0354922   -0.0287133   -0.0204896   -0.0280424   -0.0103547   -0.0302022   -0.0370303   -0.0223018   -0.0231501   -0.0146337   -0.0164992
   0.0165519    0.0108414   0.00751617    0.0174579    0.0120445    0.0154207    0.0119775   0.00937253    0.0160077    0.0138695   -0.0199652   -0.0204062   -0.0244312   -0.0350147    -0.029736   -0.0353443   -0.0254972   -0.0252645   -0.0165171   -0.0195084    0.0230244    0.0158432    0.0231237     0.991927    0.0190368    0.0187781   0.00800502    0.0253486    0.0281847    0.0212518   -0.0220937   -0.0211294    -0.023563   -0.0216582   -0.0226986   -0.0224406   -0.0217282   -0.0238837   -0.0245422   -0.0273175   -0.0186728    -0.025056   -0.0212178   -0.0225335   -0.0190196   -0.0217366   -0.0181754   -0.0198172   -0.0193281   -0.0251177   -0.0106302   -0.0177339   -0.0279792    -0.031849   -0.0270467   -0.0257365   -0.0216593   -0.0265151   -0.0248549   -0.0284284   -0.0259459   -0.0274723   -0.0183468   -0.0243553   -0.0235564   -0.0241726   -0.0310803   -0.0295525   -0.0221943   -0.0217456   -0.0150947
   0.0095246   0.00807799  0.000167216    0.0182547    0.0129754    0.0129895    0.0108834  -0.00693462     0.016193   0.00814044   -0.0244127   -0.0297946   -0.0108207   -0.0210318  -0.00926603   -0.0275132   -0.0249667   -0.0101124   -0.0228918    -0.022389    0.0221722    0.0327472     0.034795    0.0190368     0.992299    0.0387075    0.0268545    0.0260472    0.0343784    0.0291186   -0.0247123   -0.0264174   -0.0259777   -0.0248976   -0.0278267   -0.0255507   -0.0235892   -0.0207012   -0.0252989   -0.0228085   -0.0234639   -0.0313926   -0.0272438   -0.0247311   -0.0247392   -0.0263122    -0.025061   -0.0256957   -0.0228006    -0.025658   -0.0130955   -0.0228995   -0.0233508   -0.0454556   -0.0266188   -0.0228401   -0.0185374   -0.0278691   -0.0386209   -0.0219397    -0.030751   -0.0287282   -0.0230022   -0.0390757   -0.0136589   -0.0293582   -0.0351557   -0.0543891   -0.0204904   -0.0190285    -0.019784
   0.0120374    0.0125134  -0.00823346    0.0167141    0.0134238    0.0185319   0.00852728    0.0017359    0.0227462    0.0137829   -0.0298115   -0.0248457   -0.0123878   -0.0288192   -0.0219935  -0.00924313    -0.017827   -0.0278008   -0.0133801   -0.0244653    0.0256811    0.0333496    0.0381088    0.0187781    0.0387075     0.993743    0.0306523     0.030309    0.0267528     0.036244    -0.024932   -0.0283682    -0.022232   -0.0285725   -0.0251135   -0.0262046   -0.0263467   -0.0233969   -0.0248097   -0.0226982    -0.020206   -0.0284742   -0.0262453    -0.026063   -0.0269812   -0.0261634   -0.0265852   -0.0243967   -0.0248899   -0.0262506   -0.0177952   -0.0241243   -0.0179369   -0.0283673   -0.0367057    -0.029518   -0.0216505   -0.0337755   -0.0286438    -0.031581   -0.0271611   -0.0300617      -0.0344   -0.0392406   -0.0275906   -0.0291266   -0.0416339   -0.0308929   -0.0315495    -0.022935   -0.0218015
  0.00204896   0.00378245  -0.00233714   0.00957494   0.00757087    0.0112949     0.010601  -0.00852548    0.0137485   0.00884311   -0.0208563   -0.0251435   -0.0238829   -0.0254875   -0.0126253   -0.0130113   -0.0286495   -0.0245992   -0.0180395   -0.0187859    0.0199432    0.0308036    0.0352453   0.00800502    0.0268545    0.0306523     0.993431    0.0222792    0.0230762    0.0328831    -0.022145   -0.0206842   -0.0244428   -0.0214174   -0.0218119   -0.0229065   -0.0248844   -0.0190757   -0.0185536   -0.0223152   -0.0177091   -0.0283983   -0.0202206    -0.020059   -0.0178642   -0.0211638   -0.0224973   -0.0176881   -0.0177739   -0.0201639   -0.0162607   -0.0133748  -0.00490688   -0.0374139   -0.0310036   -0.0281523   -0.0240134   -0.0297513   -0.0398538   -0.0266141   -0.0165032    -0.037736   -0.0225699   -0.0479177   -0.0179574   -0.0257791   -0.0357835   -0.0422319   -0.0301694   -0.0260984   -0.0202957
   0.0191186    0.0147528  -0.00219986    0.0137775   0.00901195    0.0200057    0.0141619   0.00646816    0.0134316    0.0126091   -0.0214939   -0.0228422   -0.0230506   -0.0344599   -0.0305165   -0.0266445   -0.0248391   -0.0297463   -0.0170848   -0.0228714    0.0316513    0.0177605    0.0279187    0.0253486    0.0260472     0.030309    0.0222792     0.983443    0.0352011    0.0326905   -0.0225693   -0.0253348   -0.0257266   -0.0255596   -0.0233198    -0.020326   -0.0198126   -0.0192354   -0.0241932    -0.023385   -0.0217211   -0.0242402   -0.0258566   -0.0198416   -0.0220112   -0.0230956   -0.0214896   -0.0194135   -0.0172428   -0.0238765   -0.0132947   -0.0238857    -0.027772   -0.0339149   -0.0284993   -0.0289712   -0.0177006   -0.0317268    -0.030285   -0.0289133   -0.0342879   -0.0321093    -0.030638   -0.0304354   -0.0226112   -0.0300191   -0.0337459   -0.0374026   -0.0203231   -0.0176866   -0.0201765
  0.00557069    0.0204032   -0.0103946    0.0166684    0.0106943    0.0214719    0.0156719  -0.00383515    0.0160613    0.0131899   -0.0085394   -0.0195559   -0.0134403   -0.0200723  -0.00260945   -0.0282368   -0.0190922   -0.0129656   -0.0182731   -0.0020948    0.0288088    0.0293644    0.0425327    0.0281847    0.0343784    0.0267528    0.0230762    0.0352011      1.00791    0.0505629   -0.0272179   -0.0299054   -0.0348306   -0.0269469   -0.0296493   -0.0278346   -0.0287046   -0.0266579   -0.0295535      -0.0311   -0.0221883   -0.0322938   -0.0260521    -0.026631   -0.0290114   -0.0275061   -0.0262804   -0.0254059   -0.0294273   -0.0291013   -0.0186961   -0.0235141    -0.052958   -0.0340118   -0.0330625   -0.0301105   -0.0275392   -0.0263463   -0.0326495    -0.036753    -0.054565   -0.0323409    -0.031501   -0.0326133   -0.0205629   -0.0456449    -0.035707   -0.0363086   -0.0259926   -0.0221315   -0.0227422
 -0.00450431   0.00631322   -0.0224702    0.0126078    0.0141751    0.0223817    0.0133125  -0.00759812    0.0189761    0.0106836   -0.0222261   -0.0326555   -0.0287149   -0.0332406   -0.0247175   -0.0152025   -0.0231627   -0.0345559   -0.0292196   -0.0124458     0.031735    0.0383163     0.059563    0.0212518    0.0291186     0.036244    0.0328831    0.0326905    0.0505629      1.00604   -0.0251296   -0.0252071   -0.0219244   -0.0239472    -0.020415   -0.0221636   -0.0234473   -0.0240786   -0.0233779   -0.0240227   -0.0195976    -0.025429   -0.0186584   -0.0190698   -0.0192167   -0.0238661   -0.0196053   -0.0183921   -0.0198181   -0.0207241   -0.0168443   -0.0280128   -0.0340156   -0.0258641    -0.039138   -0.0317059   -0.0291785   -0.0282017   -0.0284516   -0.0382259    -0.037666   -0.0356283   -0.0234138   -0.0408617   -0.0193421   -0.0406733   -0.0377447   -0.0220508   -0.0274901   -0.0267574   -0.0245348
  0.00695306    0.0224922   0.00603032    0.0253308    0.0258395    0.0279854    0.0132199     0.027249    0.0109539    0.0220751    -0.178465    -0.173074     -0.17143    -0.181179    -0.172937    -0.174499    -0.174904    -0.181089    -0.165765    -0.173397   -0.0307683   -0.0348019   -0.0281562   -0.0220937   -0.0247123    -0.024932    -0.022145   -0.0225693   -0.0272179   -0.0251296     0.998755     0.259403     0.258172     0.263044     0.257679     0.266574     0.260965     0.257897     0.258207     0.263601     0.242396     0.228868     0.247965      0.25057     0.247238     0.242622      0.24487     0.246644     0.246363     0.248152    -0.198311    -0.200512    -0.203764    -0.213849    -0.205942    -0.200396     -0.19598    -0.192388      -0.2012    -0.202019     -0.20111    -0.198818    -0.201901     -0.20489    -0.199596    -0.203095    -0.204359    -0.211898    -0.211987    -0.203644    -0.193501
 -0.00184726     0.019507  0.000314184    0.0221836    0.0213983    0.0265955   0.00496161    0.0242016    0.0127995    0.0164023    -0.176087    -0.175459    -0.171143     -0.17575    -0.172176    -0.176266    -0.171827    -0.178754    -0.169025    -0.172267   -0.0285178   -0.0313233   -0.0234652   -0.0211294   -0.0264174   -0.0283682   -0.0206842   -0.0253348   -0.0299054   -0.0252071     0.259403     0.991907     0.254324     0.256715     0.257835     0.257788     0.256677     0.249899     0.255973     0.254824     0.233035     0.227665      0.24022     0.242374     0.243753       0.2392     0.242868      0.23912     0.242012     0.243424    -0.192202    -0.190696    -0.194999    -0.204323    -0.195989    -0.193283     -0.18955    -0.183975    -0.194655    -0.192994    -0.192626    -0.193391    -0.190659    -0.199645    -0.191249    -0.197832    -0.195485     -0.19806    -0.198803    -0.194406    -0.183929
 -0.00135374    0.0157827   0.00256233    0.0176558     0.024835    0.0250032   0.00316015    0.0216828    0.0108629    0.0190064    -0.178328    -0.174899    -0.172308    -0.182673    -0.168981    -0.170029      -0.1717    -0.178761    -0.164276      -0.1727   -0.0238553   -0.0329051   -0.0271492    -0.023563   -0.0259777    -0.022232   -0.0244428   -0.0257266   -0.0348306   -0.0219244     0.258172     0.254324     0.983327     0.257486     0.256748     0.259148     0.253866     0.254258     0.255975     0.257035     0.236062     0.227478     0.245232     0.241546     0.243623     0.243871     0.240344     0.242784     0.244208     0.250737    -0.194219     -0.19523    -0.194788    -0.207607    -0.198558    -0.194673    -0.189454    -0.186334    -0.195086     -0.19292    -0.193759    -0.193286    -0.196597    -0.198195    -0.193983     -0.19469       -0.197    -0.200651    -0.201349    -0.196878    -0.185634
  0.00297095    0.0162221   0.00256072    0.0253679    0.0214475    0.0293449   0.00681285    0.0238231    0.0129478    0.0196646    -0.179915    -0.174779    -0.172509    -0.176151    -0.171303    -0.174245    -0.170677    -0.176755    -0.161832    -0.169368   -0.0318498   -0.0331779   -0.0280877   -0.0216582   -0.0248976   -0.0285725   -0.0214174   -0.0255596   -0.0269469   -0.0239472     0.263044     0.256715     0.257486     0.985374     0.259405      0.25877     0.256881     0.259149     0.256637     0.258655     0.234798     0.226196     0.240072     0.242204      0.24377     0.241734      0.24111     0.240378     0.241342     0.245854     -0.19406    -0.192425    -0.199329    -0.206886    -0.201695    -0.198615    -0.191528    -0.186376    -0.198767    -0.195454    -0.195293    -0.196035    -0.195007    -0.205152    -0.196385    -0.200188    -0.194465    -0.202797    -0.208496    -0.195364    -0.188352
-0.000103283    0.0191886   0.00223765    0.0207915    0.0238555    0.0249014   0.00865546    0.0231255    0.0142973    0.0196533    -0.173711    -0.171973    -0.171091    -0.178347    -0.166607      -0.1723    -0.172192     -0.18062    -0.169422    -0.170042   -0.0271592   -0.0291917   -0.0256881   -0.0226986   -0.0278267   -0.0251135   -0.0218119   -0.0233198   -0.0296493    -0.020415     0.257679     0.257835     0.256748     0.259405     0.986851     0.260001     0.256475     0.253915     0.257272     0.255885     0.235133     0.228422     0.240855      0.24138     0.246035     0.241028      0.24231     0.239965     0.242188     0.243853    -0.191915    -0.192081    -0.195276    -0.207556    -0.198287    -0.197443    -0.191132    -0.190673     -0.19643    -0.192604    -0.193444    -0.197075    -0.192763    -0.204505    -0.193676    -0.200875    -0.199623    -0.204785    -0.204958    -0.197795    -0.187859
  0.00361503    0.0230166   0.00178578    0.0227144    0.0260131    0.0272495   0.00936659    0.0274444    0.0129285    0.0221117    -0.181218    -0.173509    -0.173598    -0.183118    -0.175385    -0.176365    -0.172779    -0.180746    -0.171496    -0.173848   -0.0263097   -0.0314477   -0.0233499   -0.0224406   -0.0255507   -0.0262046   -0.0229065    -0.020326   -0.0278346   -0.0221636     0.266574     0.257788     0.259148      0.25877     0.260001     0.994191     0.260919     0.256957     0.261345     0.259411      0.23841     0.227653     0.248599     0.244733     0.248254     0.244695      0.24419     0.245316     0.249204     0.249764    -0.193451    -0.197052    -0.200315    -0.212787    -0.202917    -0.202466    -0.193666    -0.190719    -0.201545    -0.198649     -0.19721    -0.198373    -0.196873    -0.209266    -0.197303    -0.203043    -0.199541    -0.207175    -0.211004    -0.201375    -0.189456
  0.00156888    0.0222645   0.00752973    0.0233172    0.0231956    0.0299516    0.0089204    0.0220454    0.0126176    0.0195598    -0.174774    -0.171565    -0.174913    -0.180129    -0.171724    -0.178376    -0.173646    -0.178961      -0.1672    -0.170894   -0.0254589   -0.0297922   -0.0236096   -0.0217282   -0.0235892   -0.0263467   -0.0248844   -0.0198126   -0.0287046   -0.0234473     0.260965     0.256677     0.253866     0.256881     0.256475     0.260919     0.991525     0.252984     0.252486     0.256206     0.232405     0.227851     0.239178     0.244706     0.245509     0.238023     0.242501     0.243173     0.240738     0.243972    -0.188915    -0.191821    -0.200763    -0.212928    -0.198286    -0.193726    -0.191923    -0.190137    -0.196415    -0.193361     -0.19579    -0.193763    -0.195581    -0.197524    -0.194889    -0.197271    -0.199399    -0.205297    -0.207536    -0.195955    -0.189102
  0.00444478    0.0193105   0.00668477    0.0229718    0.0266336    0.0281173   0.00811026    0.0286413    0.0123669    0.0220978    -0.175916    -0.174499    -0.173087    -0.181514    -0.166274    -0.173335    -0.173048    -0.176497    -0.161387    -0.170724   -0.0265257   -0.0299429   -0.0220308   -0.0238837   -0.0207012   -0.0233969   -0.0190757   -0.0192354   -0.0266579   -0.0240786     0.257897     0.249899     0.254258     0.259149     0.253915     0.256957     0.252984     0.987231     0.252037     0.254217     0.231814     0.222611     0.238856     0.239227     0.242223     0.235997     0.238072     0.240758       0.2399     0.241867    -0.192059     -0.19412    -0.194391    -0.206413    -0.197604     -0.19534    -0.190979    -0.189703     -0.19529    -0.193534    -0.191301    -0.194591    -0.192978     -0.20149    -0.192734    -0.197245    -0.197687    -0.204336    -0.204419     -0.19897    -0.188208
 -0.00281324    0.0163683   0.00258943     0.018983    0.0233032    0.0261372   0.00619565    0.0244416    0.0136031    0.0227481    -0.176315    -0.172875    -0.171192    -0.179905    -0.166632    -0.172564    -0.172255    -0.178521    -0.161714    -0.173858   -0.0287582   -0.0303122   -0.0248983   -0.0245422   -0.0252989   -0.0248097   -0.0185536   -0.0241932   -0.0295535   -0.0233779     0.258207     0.255973     0.255975     0.256637     0.257272     0.261345     0.252486     0.252037     0.986147     0.255977     0.234349     0.227915     0.241763     0.241663     0.244369     0.240152     0.244001     0.239505     0.241184     0.243106    -0.193277     -0.19372    -0.193993      -0.2083    -0.200447    -0.193826    -0.190109    -0.190221    -0.195993     -0.19225    -0.189771    -0.196212    -0.192701    -0.203141    -0.191135    -0.199877    -0.200407    -0.204765    -0.205588    -0.198149    -0.185905
  0.00374629     0.021337   0.00528233    0.0226224    0.0253089    0.0260826   0.00898075    0.0258319     0.011594    0.0206447    -0.178085    -0.175705    -0.170871     -0.18193     -0.17229    -0.170927    -0.171545      -0.1787    -0.166028    -0.174986   -0.0293265    -0.032338   -0.0277218   -0.0273175   -0.0228085   -0.0226982   -0.0223152    -0.023385      -0.0311   -0.0240227     0.263601     0.254824     0.257035     0.258655     0.255885     0.259411     0.256206     0.254217     0.255977     0.988911     0.235569     0.230568     0.248648     0.247722     0.250246      0.24709      0.24609     0.244624     0.241714     0.243889    -0.194471    -0.195754    -0.196123    -0.211194    -0.200732    -0.198055    -0.193704    -0.189878    -0.198283    -0.198148    -0.193006    -0.199688    -0.194478    -0.206123    -0.196393    -0.199335    -0.200795    -0.206049    -0.210167    -0.199412    -0.189969
 0.000179598    0.0151767  0.000230037    0.0191113    0.0219557    0.0263298   0.00579572    0.0200472   0.00738438    0.0151937    -0.160227    -0.160358    -0.162781    -0.168229    -0.164051    -0.162398    -0.159355    -0.171566    -0.153077    -0.158852   -0.0266703   -0.0279013    -0.024285   -0.0186728   -0.0234639    -0.020206   -0.0177091   -0.0217211   -0.0221883   -0.0195976     0.242396     0.233035     0.236062     0.234798     0.235133      0.23841     0.232405     0.231814     0.234349     0.235569     0.977594     0.221557     0.234945     0.231719     0.235157     0.231876     0.236786     0.231213     0.231866      0.23895    -0.183909    -0.185848    -0.190864    -0.205159    -0.195747    -0.184034    -0.182742    -0.181087     -0.19075    -0.185569     -0.19032    -0.186118    -0.184435    -0.192299    -0.186648    -0.189883    -0.189498    -0.201049    -0.197212    -0.192738    -0.180376
  -0.0083416    0.0157123  -0.00272567    0.0139242    0.0121849    0.0174359   0.00101472    0.0150256   0.00620589    0.0101763     -0.15567    -0.152537    -0.161575    -0.165124    -0.157736    -0.158254    -0.156998    -0.162479    -0.149798    -0.152622    -0.032553   -0.0328328   -0.0284509    -0.025056   -0.0313926   -0.0284742   -0.0283983   -0.0242402   -0.0322938    -0.025429     0.228868     0.227665     0.227478     0.226196     0.228422     0.227653     0.227851     0.222611     0.227915     0.230568     0.221557     0.968002     0.229003     0.228666     0.223193     0.223813     0.223091     0.227469     0.227392     0.228911    -0.175814    -0.173827    -0.175822    -0.182025    -0.181277    -0.174709    -0.171856    -0.176554    -0.177595    -0.180652    -0.172853    -0.175345    -0.171341    -0.183324     -0.18013    -0.176806     -0.18161    -0.176086    -0.183697    -0.177252    -0.165691
 -0.00354142    0.0142517   0.00394407    0.0191712    0.0173789    0.0226281   0.00486502    0.0212387   0.00828341    0.0132177    -0.171812    -0.166533    -0.163365    -0.174154    -0.169059    -0.167343     -0.16322    -0.175279    -0.158451    -0.167296   -0.0298999    -0.027573   -0.0269924   -0.0212178   -0.0272438   -0.0262453   -0.0202206   -0.0258566   -0.0260521   -0.0186584     0.247965      0.24022     0.245232     0.240072     0.240855     0.248599     0.239178     0.238856     0.241763     0.248648     0.234945     0.229003     0.988516     0.239169     0.241987     0.244013     0.246084     0.243254     0.244511     0.243956    -0.191221    -0.191402    -0.192812     -0.20386    -0.195734    -0.190462    -0.188473    -0.183218    -0.193868    -0.188999    -0.187157    -0.188189    -0.187649    -0.199225    -0.186337    -0.194308    -0.191997    -0.201203    -0.199932    -0.194178    -0.182735
