1.17313e+13     4732.67     3499.65     625.517     1228.97     602.775     619.502     2427.83     2450.87     747.496     84.2842     42.2797     5.66786     3089.52     111.884     9.84276     75.9588     69.3019     3.40522     10.8876     5651.56     564.355     11103.5     1911.38     3186.23     599.606     1256.25     1239.35      394.39     2272.73     116.643        2234     263.546     200.027     545.179     517.717     462.915      834.87     723.546     293.656     85.8502     3430.83     421.594     5605.53     1359.49     4802.14     3849.33      4446.3     1578.73     376.481     9684.19     6652.23     13547.7     9284.63     16735.3     1943.93     3066.57     2268.15     4542.65     3005.65     12078.2     4471.24     21187.1     10046.8     4209.55     7039.73     9014.17     10140.2     3257.22     8375.02     6873.09
    4732.67 1.48864e+13     3122.93     986.183     6230.26      1232.2     1603.48     2287.94     6667.21     7833.57     83.3465     4575.08     6.05802     1602.69     43.0404      13.234     463.242     619.867     15.3164     26.8682     10768.4     2556.55     8215.65     3939.76     1760.86      6139.5     1626.57     1579.98     1618.71     1330.96      237.27     6603.38     4993.41     407.082     3610.52     4556.75     1306.19     6577.17     736.942     756.901     216.744      1106.1      3789.8      7006.7     1450.25     11567.4     10817.7      7528.6     6643.23     1253.73     25465.9     18028.7     14195.6     13098.9     14591.5     4964.71     12258.4     5681.96     6372.64     5936.94     14469.4     10894.8     26191.4       11745     9913.59     15405.9     17666.8     19538.5     8614.07     4822.51     23097.5
    3499.65     3122.93 1.08465e+13     804.508     2730.98     4045.11     1263.08     6013.43     881.455     1055.36     37.1459     11.5122     20.0934     776.782     5.60191     12.7366     68.6207     52.9865     5.91318     11.3666      1821.4      5062.7     3299.99     1150.68     2679.54     889.446      2136.4     1566.71      234.06     2340.93     51.1679     985.466     313.463     266.539     4656.71     513.596     1258.31     1362.23     1231.39     505.181     92.6886     1037.15     334.443     1541.52     728.219     2254.01     2524.76     2954.18     1963.84     1055.29       13448     5745.88      6787.3     7661.31     13708.3     3141.49     5508.54      7210.1     8097.29     3086.71     8373.17     4194.62     14650.5     10445.3     5174.02     6456.84     3700.49     11446.1     7143.67     4010.23     7893.36
    625.517     986.183     804.508  1.7226e+13      1385.2     1519.09     1765.37     605.307     1107.13     744.019      105.59      28.667     39.3149     2930.05     110.461     7.01074     59.6321     108.004     11.4344     16.3813        5600     1090.75     2957.23     3222.97     4440.08     420.135     1070.48     1181.72     306.066     2021.75       84.18     891.835     288.562     221.513     848.383     343.479     364.025     1118.73     459.691     355.516      1605.5     814.726      1314.6     2600.23     684.042     388.292     1787.36     1440.23     1341.76     532.299     9910.44     9956.54     6422.15     25560.2     7917.97     2304.66     5616.35      6527.6      8640.8     4130.81     11825.7     3828.21     16887.4     5084.42     8614.17     3946.72     9159.41       27536     5381.09     4820.99     10687.1
    1228.97     6230.26     2730.98      1385.2 1.40774e+13     1679.28     1345.21     18497.1     1282.78     2081.47     56.9271     13.6022     15.2081     1556.76     18.0883     11.5275     183.563     216.677     263.184     15.9604     4302.03     2673.01     8374.22     2544.07     5001.72      714.88     5312.61     6564.17     420.554     1944.75     120.006     1230.24     5272.47     985.948     1832.97     406.499     1348.47     1871.48      2217.1     736.882     126.385     954.725     379.292     2738.44     2304.84     837.598     8455.06     10345.3      2044.3     1534.01     13850.4     13988.2     19515.9     50076.3     21440.1     3569.09     10871.7     14155.4     14128.2     8823.87     23525.5     16078.4     36134.2     10347.2     12878.6     13545.7     8415.57     49596.6       10497     6370.62     9056.91
    602.775      1232.2     4045.11     1519.09     1679.28 1.56202e+13     1323.11     3935.23     1522.47      899.29     250.198     7.54415     524.697      480330     27.4994     10.6579     83.4715     72.0463     4.97719     54.7964      3230.1     1259.06     13356.9     1606.37     4353.95     359.693        2195     1490.61     528.042     1225.32     400.535     7612.95     810.148     193.563     796.553     763.395     653.091     4346.99     6767.38     586.652     86.7646     609.877     563.482     2168.59      4947.4     940.322     6451.33     2172.14     6285.32     592.329     11721.1     15062.7       33504     13470.8     22598.7     3471.78     11521.4     14727.3     17790.7     11831.1     18908.9     10142.3     36545.4     10005.9     25606.7     8282.27     8896.55     35592.3     9668.45     10964.9     9970.02
    619.502     1603.48     1263.08     1765.37     1345.21     1323.11 1.56252e+13      4796.1      1163.5     2004.08     106.293     80.5354     9.55338     1570.04     6.94543     8.84049     78.8262      210.11     3.42722     38.2813     2253.72     2659.46     3996.53     6938.71     1839.38     431.882     1062.87     1991.88     236.078     6166.38     126.992     803.102     415.152     154.153      559.53      379.04     465.402     942.788     522.614     356.471     84.9244     523.483     911.177     1259.39     733.521      579.49     3139.62     2416.38     1126.37     487.005     6511.66     7566.84     6721.55     17306.4     7311.36     2294.05     6855.49     2592.51     4395.95     2981.02     12093.9     5433.12     10797.4     4614.59     5817.34     2675.75     5073.07     18243.1     5128.95     2869.74     10394.9
    2427.83     2287.94     6013.43     605.307     18497.1     3935.23      4796.1 1.25257e+13     723.965     1748.49     73.8541     239.776     14.5604     24528.1     3363.54     97.3605      6688.6     2691.79     4.81457     14.0068      1811.7     922.207     6665.54     1516.41     1011.86     6198.26     4590.44     1122.94     918.662      1491.3     127.299     1306.01     575.701     322.461     485.412     489.495     292.549     1208.07     366.022     259.245     45.7119     879.743     405.524     2249.59     983.456      804.68     1512.68     2452.16     646.194     653.592     12207.3     7228.27     13949.3       29899     17045.5     2188.76     3242.79      309200     5543.11     6237.02     4511.21     2840.49     11933.9     3715.17     4578.76     8614.07     4791.63     25706.3     3169.89     4100.27     6894.93
    2450.87     6667.21     881.455     1107.13     1282.78     1522.47      1163.5     723.965 1.13115e+13     2245.55     69.5221     42.2016     179.692      356968     32.3695     7.12215     95.4453     186.864     9.34403     29.7048     7621.02     2510.38     4697.29        2498     1431.36     825.977     1670.39     1462.93     12734.7     1119.49     581.452     6392.13     545.069     210.273     1859.34     1474.68     816.809     1399.51     634.292     759.001      220.34     1356.38     460.277      2294.2     2200.61     821.383     4603.73     4035.72     3573.05     5223.68     8575.82     9722.61     7686.34     26841.7     14086.1     1899.62     2913.08     3770.62     11362.4      7324.5     3833.22     4405.28     12645.2     4309.08     8606.07     10284.1     8000.53     20448.8     6128.95     4588.87     13933.7
    747.496     7833.57     1055.36     744.019     2081.47      899.29     2004.08     1748.49     2245.55 7.74935e+12     23.9914     33.6452     33.5733     53.4876     15.4784     7.46162      81.556      570.27     6.40702     21.9428     5588.34     459.575     10326.3     6278.97     6108.48      364.68     1435.49     2551.81     2075.97     1724.45     87.2695     890.631     583.329     802.114     3340.64     5447.04     2108.78     4526.25     726.256      1014.8     129.172     1450.81      851.95     7026.36     1062.53     5241.51     7429.35     10476.5     782.421     2244.45     18058.8     7251.95     5498.15       26664     9523.84     3243.58     1988.48     21377.6     5848.18     10177.3      7749.1     4081.64     12898.4     2920.91     4682.75     2251.94     4198.35     25479.2     5612.48      3457.7     20507.6
    84.2842     83.3465     37.1459      105.59     56.9271     250.198     106.293     73.8541     69.5221     23.9914 4.15002e+11     18.1479    0.754641     194.822    0.322879     1.16096     8.68988     7.55027    0.497763     2.41498      145.96     205.455      215.27     230.093      112.99     16.0853     64.3597      147.17     20.9497     120.767     1.06335     197.876     197.807     17.5251       230.4     222.757     24.4394     137.038     18.1058     25.6268     2.33685     139.395     73.0807     68.1303     147.112     110.185     124.096      199.27     85.1144     10.3123     2192.27     279.176     1003.94     716.163     1318.39     433.936     77.6224     367.246     1988.59     560.568     565.285     337.194     1233.43     1086.66     204.449     424.489     473.791     2379.92     171.141     1877.99     430.538
    42.2797     4575.08     11.5122      28.667     13.6022     7.54415     80.5354     239.776     42.2016     33.6452     18.1479 1.50477e+10     0.10812     415.666     2.34717    0.131826      1.3258     164.271     14.4675    0.413332     26.3691     14.6881     267.795     3.85314     5.20339     2.02274     582.062     3.57888     4.16029     13.2859     8.93679     102.937     1.65618     6.11432     19.0209     47.1529     38.7679     289.132     74.6679     5.06624     38.3837     10.8685     10.5279     73.2213     41.2444     1.75604     21.3807     87.0496     48.1137     13.8274     155.648     212.771     4930.38     102.976     295.738       27.85     843.442     565.871     22.0305     188.846      442.32     15.5636     487.583      156.63     465.469     479.715     33.6438     90.8591     4488.13     440.774      645.08
    5.66786     6.05802     20.0934     39.3149     15.2081     524.697     9.55338     14.5604     179.692     33.5733    0.754641     0.10812 3.26161e+10 1.27846e+06      55.289    0.136705     34.8472     1.76939    0.176323    0.200567     1142.76     3.38637     43.3839     151.119     201.784      33.793     14.7468      21.906    0.942139      13.854     1.16919     24.5808     3.56484    0.857817     7.67334      3.5852     7.68494      9.5097     3.76914     3.00588      1.2765      9.6358     26.9058      10.421     6.17755     8.23193     42.7191      29.346     11.5132     39.8107     172.783     326.663     135.609     106.763     143.325     73.7866     104.803     89.6655     216.362     48.4107      71.753     386.052     2705.63     1225.34     387.225     753.344     1281.24     274.101     67.0318     40.3299     62.1622
    3089.52     1602.69     776.782     2930.05     1556.76      480330     1570.04     24528.1      356968     53.4876     194.822     415.666 1.27846e+06 1.36548e+11      109604     12.4549     912.284     2554.24      17.574     194.681     4225.37      243.23     6505.96     391.034      389021     393.826     3505.22     80.9398     396.382     12294.8     1547.55       24527     781.063     51.6674     1551.83     776.245     6163.21     12303.5     196.865     3094.09     15.1039     12304.9     1549.92     6165.54     3091.31     390.147     3101.48     12297.3     3152.13     6160.02      195167      489346      202287     97683.8     24545.5     97640.6       49358     48978.2      388699     781.972     12216.9      717751 3.08748e+06     90679.5      438448 1.35746e+06      194814      388690     24537.3     24949.2     49001.2
    111.884     43.0404     5.60191     110.461     18.0883     27.4994     6.94543     3363.54     32.3695     15.4784    0.322879     2.34717      55.289      109604 2.71312e+11    0.149996      4.5333     27.2057    0.123651     2.52244     39.5712     9.85358     131.835     37.3469     47.1892     113.098     20.2273      3.2906     1.55992      3.6954     4.49958     115.593     4.49294     5.09722     1.72165     4.84369     2.61517     6.55065     110.863      15.518     0.68961     16.9364     6.74107     52.0158     17.6946     16.5387     18.3021     10.8825     6.09247      1.9162     51.2169     326.932     3491.96     13744.6     3442.12     160.428     210.466      77.117     276.493      256.85     73.0075     311.713     3592.69     579.325     490.031     213.128     324.678     11303.7     202.268      82.027     85.6475
    9.84276      13.234     12.7366     7.01074     11.5275     10.6579     8.84049     97.3605     7.12215     7.46162     1.16096    0.131826    0.136705     12.4549    0.149996 1.92382e+11    0.582998    0.487248    0.163004    0.214401     42.2111     38.1992     18.8049     45.3065     11.6618     94.8857     17.8404      18.041     1.81176     10.5195    0.778711     7.16693     38.7032     1.98674     4.66381     3.02733     6.75503     14.9079     11.7721     18.4401    0.492329     18.8754     1.77254     35.4228     5.91275     9.22048     47.8464     34.3085     13.6298     1.79005     153.171     110.538     148.507     151.171     76.7051     12.3246     35.5382     194.239     51.3627     34.3011     92.7876     18.9743     127.894     74.5325     59.0331     176.898     93.1328     150.662     29.2424     26.0361     66.5557
    75.9588     463.242     68.6207     59.6321     183.563     83.4715     78.8262      6688.6     95.4453      81.556     8.68988      1.3258     34.8472     912.284      4.5333    0.582998 9.88789e+11     13.5716     1.81392     46.6004      168.49     82.5588      211.47     321.147     84.9488     107.155     118.469     131.179     15.6649      203.89     28.3277     60.4441     18.7852     26.5355     135.232     24.8569     84.1562     110.668     30.3345     17.9337      4.6847     62.0692     95.6791     67.7202     55.4507     52.4108     158.856     90.2683     261.317     69.8971     1075.84      140613     627.808      932145      1034.8     1359.17     326.816     429.425     3352.03     406.175     586.118     461.984     3430.64      642.66     1327.77     342.181     429.594      770230     326.967     519.563      242203
    69.3019     619.867     52.9865     108.004     216.677     72.0463      210.11     2691.79     186.864      570.27     7.55027     164.271     1.76939     2554.24     27.2057    0.487248     13.5716 3.20222e+12     1.95675     5.07509     471.909     312.656     3405.39     295.065     202.636     24.0208     2805.94     1493.32     347.392     241.645     10.6274     114.136       96.99     22.3885      52.521     266.369     44.4257     128.006      18.095     22.3914     7.46369     33.5951     16.0683     389.189     52.7449     29.4777     456.334     137.126     188.177     82.7333     656.026     1247.18     810.647     2065.09     1417.11     190.489     254.086     186.999     407.285     3069.76     551.463     331.657     1354.01     173.674     365.869     358.111     514.792     1676.61     136.008     93.8532     559.847
    3.40522     15.3164     5.91318     11.4344     263.184     4.97719     3.42722     4.81457     9.34403     6.40702    0.497763     14.4675    0.176323      17.574    0.123651    0.163004     1.81392     1.95675 6.64128e+10    0.209455     255.125      10.848     113.708     55.2237     16.0205     6.47763     19.4619     23.6398     6.32406     52.6498    0.740055     7.38694     5.16548     245.165     33.5137     9.65942     13.7499     48.8643     3.57213     2.39077     1.07141     12.1534      4.4537     9.37472     51.3226     8.47318     13.4683     26.8901     7.58378     15.6169      82.439     357.935     37.7285     49.0895     162.876     18.7903     198.625     94.1028     67.9633     14.2671     21.3432      20.228     97.8065      21.278     263.605      27.753     108.205     142.698     67.6912     81.1324     121.288
    10.8876     26.8682     11.3666     16.3813     15.9604     54.7964     38.2813     14.0068     29.7048     21.9428     2.41498    0.413332    0.200567     194.681     2.52244    0.214401     46.6004     5.07509    0.209455 8.76885e+11     37.6402     40.9664     108.756     141.985     17.0061      20.879     14.3628      28.881     6.22549     41.8582     10.0026     18.8535     9.33875      4.9815     6.92779     13.3346     21.0206     33.4867     8.84232      147.45     1.81894     43.5369     6.20737     38.7892     174.279     15.1842     116.398     95.7047     36.3961     37.6959     256.033     219.887     295.916      249336     398.732     675.469     62.3875     180.212     981.869     100.874     294.997     130.829     933.295     132.235     88.1017     111.287      156.64      206519      147.45     96.1707     123.186
    5651.56     10768.4      1821.4        5600     4302.03      3230.1     2253.72      1811.7     7621.02     5588.34      145.96     26.3691     1142.76     4225.37     39.5712     42.2111      168.49     471.909     255.125     37.6402 7.91975e+14     14119.6     15184.4       16494     16773.6     4576.97     2311.14     7814.83     1485.62     8153.29     576.494     7779.15     5070.38     1669.06     4799.62     1839.81     1975.58     4895.59      1295.2     1750.09     734.591      9977.3     918.137     8341.78     5702.44     7648.99     18945.1     5152.22     5656.05     5162.45     30927.6     24354.1     24911.4     83889.3     22796.4     7372.59     18020.9     7961.89     12682.3      9590.2     14056.1     19981.5     31298.8     11738.5     13464.9     9018.24     23365.6     86291.6     7753.03     6303.48     23987.2
    564.355     2556.55      5062.7     1090.75     2673.01     1259.06     2659.46     922.207     2510.38     459.575     205.455     14.6881     3.38637      243.23     9.85358     38.1992     82.5588     312.656      10.848     40.9664     14119.6  7.4168e+13     7995.95     9222.23     6651.38     1614.35     5690.95       10206     704.321      1833.1     1765.75     6978.93     4247.52      246.78     5989.34     581.172     731.571     5834.26     812.251     551.686     79.2115     5866.44     739.862     7523.29     4030.71     7817.69     10625.1      8888.7     13987.1     374.017     21323.3     11271.9     6856.03       14282     13036.2      1323.2     5544.27      7364.7     13230.2     8245.39     9980.98     8286.25     11522.3     9462.89     11584.2     1957.95     5746.65     14069.7     8102.29     1635.45     17053.4
    11103.5     8215.65     3299.99     2957.23     8374.22     13356.9     3996.53     6665.54     4697.29     10326.3      215.27     267.795     43.3839     6505.96     131.835     18.8049      211.47     3405.39     113.708     108.756     15184.4     7995.95 6.23073e+13     6649.68     9857.87     1266.42     10779.8     42677.9      1131.5     3852.22     3332.74     20457.4      2988.2     621.063      6420.8        6600      6773.5     6575.49     719.684     1032.01     178.283     14266.7     2022.32     18069.4      8108.9     8699.73     7002.47     19716.2     7831.89     1035.14     65639.6     18965.8     41811.1     61295.6     30597.4     13037.3     14570.5     9092.46     20624.2     16275.4     18880.3       12335     40006.3     27548.1     18494.7     7520.97       20102     71030.1     19328.9     22847.7     34149.2
    1911.38     3939.76     1150.68     3222.97     2544.07     1606.37     6938.71     1516.41        2498     6278.97     230.093     3.85314     151.119     391.034     37.3469     45.3065     321.147     295.065     55.2237     141.985       16494     9222.23     6649.68 3.49577e+13     4130.28     895.155      9522.7     1600.75     476.301       11646     1857.54     1154.89     5857.92      605.02      1336.1      6631.4     1012.13     3079.35     519.666     302.351     672.871     1407.71     524.021     4492.79     5663.56     4969.88     19507.8      7748.4     4972.89     4389.63     30210.2     17689.5     6934.76     7734.25     23264.2     3899.36     6894.62     10279.2       15503     11026.9     12773.2     16896.9     21403.3     15060.4     14926.2     8362.04       17769     22865.1     11594.4     13713.6       14031
    3186.23     1760.86     2679.54     4440.08     5001.72     4353.95     1839.38     1011.86     1431.36     6108.48      112.99     5.20339     201.784      389021     47.1892     11.6618     84.9488     202.636     16.0205     17.0061     16773.6     6651.38     9857.87     4130.28 9.70017e+12     463.054     1132.92     10562.9     430.695     1799.59     105.531     2272.37     828.363     207.052     721.878     357.129      2638.8     2543.32     543.181     1193.22     144.046     3270.74      577.35      4358.9     3581.74     395.336     4942.68      2265.7     6948.06     288.361     25598.7     18512.5     8311.01     13435.7     15453.9     1751.29     1872.54     2808.51     7134.53     6003.53     8455.14     3169.27     25464.8     9558.78     6876.25     2638.75     11107.3       13480     2096.99     11757.1     13784.8
    599.606      6139.5     889.446     420.135      714.88     359.693     431.882     6198.26     825.977      364.68     16.0853     2.02274      33.793     393.826     113.098     94.8857     107.155     24.0208     6.47763      20.879     4576.97     1614.35     1266.42     895.155     463.054 1.36069e+13     1627.39     884.426      787.24     3230.38     111.595     1375.44     200.524     329.622     471.855     84.8803     1746.75     565.404     299.993     170.612     99.8455     518.739     209.399     6203.91     1331.96     5585.29      1172.5     1089.95     866.915     374.146     13833.7     9226.84     8148.65     3416.66     12180.6     5146.22     1543.88     7199.02     2062.54     3556.54     11268.1     10889.8     5121.32        2023     2662.51     8691.06     1825.91     6899.31     2244.38     2429.68     2499.54
    1256.25     1626.57      2136.4     1070.48     5312.61        2195     1062.87     4590.44     1670.39     1435.49     64.3597     582.062     14.7468     3505.22     20.2273     17.8404     118.469     2805.94     19.4619     14.3628     2311.14     5690.95     10779.8      9522.7     1132.92     1627.39 5.38236e+13     2667.18      943.08     1296.37     792.541     1376.52     1134.38     395.137     1053.47     1977.76     2433.81     2410.03     1091.82     332.658     155.226      1232.3     384.431     2170.36     1993.61     1837.46     6680.46     1773.75     5351.83     577.665     14659.2       15347       11772     19107.9     22326.1     5565.54     3543.66     44221.4     21365.6     13710.5       12692     7527.08     24677.7     12219.7     7229.73     5900.82     10616.8     30911.4       11132     12294.8     7832.93
    1239.35     1579.98     1566.71     1181.72     6564.17     1490.61     1991.88     1122.94     1462.93     2551.81      147.17     3.57888      21.906     80.9398      3.2906      18.041     131.179     1493.32     23.6398      28.881     7814.83       10206     42677.9     1600.75     10562.9     884.426     2667.18  4.2825e+14     465.908     2171.29     115.499     5981.61     606.594     1061.02     4204.83      493.81     709.036     5644.45     317.884     6679.41     108.224     5969.99      3581.4     4375.85      4042.5     3260.86     4556.13     7498.97     5493.94     804.431     26066.7     14146.5     8858.71     13257.7     30692.7     6092.21     1576.85     10687.2     10868.3     2355.27     10433.2     9567.22     23426.6     9987.42     4537.57     4172.44     10351.6     15999.3     11440.5     13447.2     29566.1
     394.39     1618.71      234.06     306.066     420.554     528.042     236.078     918.662     12734.7     2075.97     20.9497     4.16029    0.942139     396.382     1.55992     1.81176     15.6649     347.392     6.32406     6.22549     1485.62     704.321      1131.5     476.301     430.695      787.24      943.08     465.908 3.97312e+12     806.656     37.2482     235.789     328.201     102.679     3057.41      190.16     70.9474     1480.01     66.6241     169.445     90.6683     1116.97     2151.09     460.977     964.052     800.332     619.699     3843.28     526.331     1899.99     3257.86     16318.3     2100.19     4084.73     3347.09     703.135     727.152     3262.74     1546.98     2684.17      1251.7     4223.72     4296.81     1164.34     2380.21     1454.26     2324.08     2868.28     3370.21     1767.45     3060.73
    2272.73     1330.96     2340.93     2021.75     1944.75     1225.32     6166.38      1491.3     1119.49     1724.45     120.767     13.2859      13.854     12294.8      3.6954     10.5195      203.89     241.645     52.6498     41.8582     8153.29      1833.1     3852.22       11646     1799.59     3230.38     1296.37     2171.29     806.656 7.38152e+12     160.636     4799.63     783.278     210.026     1303.11     244.084     1020.59     2670.67     1236.86     671.612     117.662     970.647     4823.78     9342.04     2562.74     350.798     12322.2     7656.01     4524.43     4563.49       11072      6942.4     7874.66     29428.1     6053.15     4463.72     3326.92     14678.1     5798.79     4608.98     25820.4     2049.33     9218.95      4537.1     7797.82     1959.42     10236.3     23505.2     9129.59     2104.64     18688.3
    116.643      237.27     51.1679       84.18     120.006     400.535     126.992     127.299     581.452     87.2695     1.06335     8.93679     1.16919     1547.55     4.49958    0.778711     28.3277     10.6274    0.740055     10.0026     576.494     1765.75     3332.74     1857.54     105.531     111.595     792.541     115.499     37.2482     160.636 5.16418e+11     2961.44     110.002     102.405     124.298     42.4414     185.391     83.6804     79.3958     313.444     50.6749     130.202     401.626     3168.07     212.524     259.264     4714.09     323.975     111.911      4659.9      9813.1     3597.21     903.605     4464.23     2596.93     240.694     167.967     492.973      4184.2     5678.13     222.367     557.732     850.039     3031.03     491.246     138.718      612.27     2533.25     250.657     598.138     3753.64
       2234     6603.38     985.466     891.835     1230.24     7612.95     803.102     1306.01     6392.13     890.631     197.876     102.937     24.5808       24527     115.593     7.16693     60.4441     114.136     7.38694     18.8535     7779.15     6978.93     20457.4     1154.89     2272.37     1375.44     1376.52     5981.61     235.789     4799.63     2961.44 2.38164e+13     407.952     441.112     810.392     3468.14      588.27     6141.64     780.518     592.528     63.1197     5490.63     942.066     4333.83     2956.05     6526.19     1460.06     12359.8     5150.74     577.463     17629.8     8144.96     7723.29     25803.9     20542.9      3360.9      5402.5     83330.7     7191.65     7333.59     7402.74     11383.3     25476.5     14669.3     11686.4     6358.38     7520.03     30228.2     14435.3     18608.6     11632.2
    263.546     4993.41     313.463     288.562     5272.47     810.148     415.152     575.701     545.069     583.329     197.807     1.65618     3.56484     781.063     4.49294     38.7032     18.7852       96.99     5.16548     9.33875     5070.38     4247.52      2988.2     5857.92     828.363     200.524     1134.38     606.594     328.201     783.278     110.002     407.952  6.7856e+12     117.625     202.077      1075.6     774.862     360.483     222.321      314.74     30.2335      368.19     71.4343     3427.62     2024.69     1151.93     9545.15     2958.45     551.104     173.312     3606.78     3616.44     2818.82     3590.17     4245.01     2262.73     1478.28     1540.15     4303.64     2616.96     2597.78     1563.79     4960.82     3734.29     2681.11     9143.55     1902.18     4505.47     1876.93     1584.73     3238.39
    200.027     407.082     266.539     221.513     985.948     193.563     154.153     322.461     210.273     802.114     17.5251     6.11432    0.857817     51.6674     5.09722     1.98674     26.5355     22.3885     245.165      4.9815     1669.06      246.78     621.063      605.02     207.052     329.622     395.137     1061.02     102.679     210.026     102.405     441.112     117.625 2.85233e+12     129.232     425.079     187.342     230.651     369.101     130.273     38.3625     262.852     67.5535     679.381     432.598     126.591     227.818     634.328     255.828     140.556     4015.25      3886.2     926.091     21322.5       12140     1039.48      589.98     1932.97     1882.64     1404.49     1359.36     2344.61     14119.7     1350.55        4063     1212.46     2202.85       18721     1460.83     2297.26     4203.34
    545.179     3610.52     4656.71     848.383     1832.97     796.553      559.53     485.412     1859.34     3340.64       230.4     19.0209     7.67334     1551.83     1.72165     4.66381     135.232      52.521     33.5137     6.92779     4799.62     5989.34      6420.8      1336.1     721.878     471.855     1053.47     4204.83     3057.41     1303.11     124.298     810.392     202.077     129.232 8.37697e+12      264.51     272.553     3500.13     160.784     3168.74     73.9042      2263.2     2435.32     879.987     1626.63     1309.25     1844.11     5547.76     1030.99      239.14     13547.8       10178     2418.26     41938.1     12188.2     2575.33     2224.07     1675.42      4416.4     3216.35     2293.33     5707.26     4577.71     6635.04     9683.02     1354.02     8598.44     30187.6     9414.73     1876.38     2857.49
    517.717     4556.75     513.596     343.479     406.499     763.395      379.04     489.495     1474.68     5447.04     222.757     47.1529      3.5852     776.245     4.84369     3.02733     24.8569     266.369     9.65942     13.3346     1839.81     581.172        6600      6631.4     357.129     84.8803     1977.76      493.81      190.16     244.084     42.4414     3468.14      1075.6     425.079      264.51 5.83045e+12     388.277     1012.78     146.585     183.211     61.1114       295.4     123.086     874.862     2705.99      192.36       10950     6620.57     4307.51     191.333       15863     8120.76     4467.06     6178.54       10407      614.45     786.015     809.249     1522.41     1608.24     2661.88     2561.53     4592.97     3416.22     1258.89     2104.29     2064.04     7410.96     3649.94     2782.24     2391.28
    462.915     1306.19     1258.31     364.025     1348.47     653.091     465.402     292.549     816.809     2108.78     24.4394     38.7679     7.68494     6163.21     2.61517     6.75503     84.1562     44.4257     13.7499     21.0206     1975.58     731.571      6773.5     1012.13      2638.8     1746.75     2433.81     709.036     70.9474     1020.59     185.391      588.27     774.862     187.342     272.553     388.277 4.68325e+13     417.828     824.703     182.202      50.719     4384.76     82.0531     3206.92     963.618     339.341     886.488     1133.26     2471.12     287.265     8008.23     5404.17     7079.41     8624.52     8086.51     2782.23      1576.4     3839.91     7290.93     2051.67     6671.61     6942.04     7547.13     1088.77     2206.58     1591.65     2207.42     5425.27     2322.36     2247.89     3368.78
     834.87     6577.17     1362.23     1118.73     1871.48     4346.99     942.788     1208.07     1399.51     4526.25     137.038     289.132      9.5097     12303.5     6.55065     14.9079     110.668     128.006     48.8643     33.4867     4895.59     5834.26     6575.49     3079.35     2543.32     565.404     2410.03     5644.45     1480.01     2670.67     83.6804     6141.64     360.483     230.651     3500.13     1012.78     417.828 3.93107e+14      488.52     1059.23     180.214      2388.3     3791.03     1049.38     6420.08     6068.44     8475.21     7051.51     7360.06     584.885     13544.1     23716.5     8718.39     8702.18     9719.88     1843.46     2534.36     12889.4     4171.57     2707.71     4266.09     7504.63     11569.3     3320.15     3878.96     7468.84     8505.83     7329.77     3645.53     7062.83     27329.1
    723.546     736.942     1231.39     459.691      2217.1     6767.38     522.614     366.022     634.292     726.256     18.1058     74.6679     3.76914     196.865     110.863     11.7721     30.3345      18.095     3.57213     8.84232      1295.2     812.251     719.684     519.666     543.181     299.993     1091.82     317.884     66.6241     1236.86     79.3958     780.518     222.321     369.101     160.784     146.585     824.703      488.52 5.03125e+12     164.483     534.093     391.639     242.668     3355.42     177.266     730.143     1210.04     2904.37     477.344     949.138     3123.01     8177.52     20729.1     11784.9     5110.04     787.819     3096.56     7455.61     9105.99     2713.61     4183.71     17513.5     24710.8     3178.16     5230.23     4214.22     2358.21     35568.6     4006.28     1880.69      4159.1
    293.656     756.901     505.181     355.516     736.882     586.652     356.471     259.245     759.001      1014.8     25.6268     5.06624     3.00588     3094.09      15.518     18.4401     17.9337     22.3914     2.39077      147.45     1750.09     551.686     1032.01     302.351     1193.22     170.612     332.658     6679.41     169.445     671.612     313.444     592.528      314.74     130.273     3168.74     183.211     182.202     1059.23     164.483 4.20339e+12     22.5578     4398.19     270.685     760.125     4524.03     498.903     803.973     5262.66     1190.66     617.341     10201.9      1829.7       10598     6306.84     9025.08     7575.61     1237.44     5088.67     5049.38     2726.48     2740.16     3779.86     3552.37     1744.45     3025.08     1531.39     2393.17     6445.72     1499.35     1868.28     6708.18
    85.8502     216.744     92.6886      1605.5     126.385     86.7646     84.9244     45.7119      220.34     129.172     2.33685     38.3837      1.2765     15.1039     0.68961    0.492329      4.6847     7.46369     1.07141     1.81894     734.591     79.2115     178.283     672.871     144.046     99.8455     155.226     108.224     90.6683     117.662     50.6749     63.1197     30.2335     38.3625     73.9042     61.1114      50.719     180.214     534.093     22.5578 1.34279e+12     48.9122     111.326     102.123     145.475     524.744     443.382      173.31     126.727     518.102     1109.28      2289.5     993.251     1804.32     1083.51     224.331     157.663     2556.93     541.546      317.31     494.883     687.946     2464.76     948.591     500.015      431.74     602.902     3124.22     1881.58     614.642     731.984
    3430.83      1106.1     1037.15     814.726     954.725     609.877     523.483     879.743     1356.38     1450.81     139.395     10.8685      9.6358     12304.9     16.9364     18.8754     62.0692     33.5951     12.1534     43.5369      9977.3     5866.44     14266.7     1407.71     3270.74     518.739      1232.3     5969.99     1116.97     970.647     130.202     5490.63      368.19     262.852      2263.2       295.4     4384.76      2388.3     391.639     4398.19     48.9122 7.69026e+14     777.562     2831.41     3723.16       325.1     8256.56     10123.4     4093.09     141.722     18225.7     7373.92     7035.12     5899.59     11550.1     4606.41     1233.19     1906.18     3832.56     1849.24     5221.49     8586.41     4394.22     2021.61     8289.38     1739.97     8915.22     3458.84     5325.06      7137.8     13808.5
    421.594      3789.8     334.443      1314.6     379.292     563.482     911.177     405.524     460.277      851.95     73.0807     10.5279     26.9058     1549.92     6.74107     1.77254     95.6791     16.0683      4.4537     6.20737     918.137     739.862     2022.32     524.021      577.35     209.399     384.431      3581.4     2151.09     4823.78     401.626     942.066     71.4343     67.5535     2435.32     123.086     82.0531     3791.03     242.668     270.685     111.326     777.562 7.66961e+14     4943.21      356.08     1887.47     946.648     2861.22     1284.88     344.878     2237.38      8941.4     2607.68      2829.2     6155.42     590.896     1130.77     6537.54     1955.83      1558.4     2834.76     1563.95     4469.28     2618.45     5807.14     1488.87     1148.22     4606.29     1465.87     4120.28     6407.15
    5605.53      7006.7     1541.52     2600.23     2738.44     2168.59     1259.39     2249.59      2294.2     7026.36     68.1303     73.2213      10.421     6165.54     52.0158     35.4228     67.7202     389.189     9.37472     38.7892     8341.78     7523.29     18069.4     4492.79      4358.9     6203.91     2170.36     4375.85     460.977     9342.04     3168.07     4333.83     3427.62     679.381     879.987     874.862     3206.92     1049.38     3355.42     760.125     102.123     2831.41     4943.21 5.01145e+13     4874.12     6326.34      7742.9     11984.4     2924.84     1364.27     19204.4     23543.8     13257.1     7307.23     7851.61     4496.86     7150.78     36130.6       18389     10161.5     9878.16     6950.99     24800.5     13652.2     26689.9     12242.9     13410.7     20110.5      8732.9     7525.91     31002.7
    1359.49     1450.25     728.219     684.042     2304.84      4947.4     733.521     983.456     2200.61     1062.53     147.112     41.2444     6.17755     3091.31     17.6946     5.91275     55.4507     52.7449     51.3226     174.279     5702.44     4030.71      8108.9     5663.56     3581.74     1331.96     1993.61      4042.5     964.052     2562.74     212.524     2956.05     2024.69     432.598     1626.63     2705.99     963.618     6420.08     177.266     4524.03     145.475     3723.16      356.08     4874.12 1.84291e+13     1174.29     5545.94     13029.1     2292.65     242.257     14375.1       18102     8568.95     9616.04     10138.4     7804.02     2031.47     4173.53     4795.85     4305.24     7418.38     6306.88     10226.1     3701.34     10368.4      5665.7     8414.53     14218.7      3753.3     3154.37     10009.1
    4802.14     11567.4     2254.01     388.292     837.598     940.322      579.49      804.68     821.383     5241.51     110.185     1.75604     8.23193     390.147     16.5387     9.22048     52.4108     29.4777     8.47318     15.1842     7648.99     7817.69     8699.73     4969.88     395.336     5585.29     1837.46     3260.86     800.332     350.798     259.264     6526.19     1151.93     126.591     1309.25      192.36     339.341     6068.44     730.143     498.903     524.744       325.1     1887.47     6326.34     1174.29 4.02572e+13     1151.73     10180.3     1286.35     1009.82     10488.8     14217.3     10435.3     6775.16     2866.52     1596.13     1765.61     4123.28     4778.94     4448.86     8563.85     5278.99     7757.64      4473.2     10982.4     2411.78     2683.63     9694.48     2062.57     4063.33     5435.68
