0.00000000099999999999 0.00000034643281637163 0.99999965156718351178 0.00000000099999999999 
0.00000000099999999999 0.07174077794178244927 0.92825922005821748240 0.00000000099999999999 
0.00000000100000000000 0.08748577753080216679 0.85410530849083599048 0.05840891297836189183 
0.00000000100000000000 0.09380537093513653668 0.90619462706486353376 0.00000000100000000000 
0.00000000099999999999 0.10141813766253414408 0.89858186033746578758 0.00000000099999999999 
0.00000000099999999999 0.10879006399369553493 0.89120993400630443837 0.00000000099999999999 
0.00000000100000000000 0.04942094992943454196 0.95057904807056547991 0.00000000100000000000 
0.00000000099999999998 0.09657712905089319011 0.90342286894910672768 0.00000000099999999998 
0.02514389413040251167 0.11294527458294074951 0.83269548024626249827 0.02921535104039419198 
0.00221612255848354506 0.11425466211588428123 0.84552558077117645485 0.03800363455445565641 
0.00989073005956141345 0.00000000099999999999 0.18842036609520015911 0.80168890284523841583 
0.00000000100000000000 0.00000000100000000000 0.18223694217360381087 0.81776305582639607916 
0.00000000099999999999 0.00000000099999999999 0.21065750209462330567 0.78934249590537663988 
0.00753429147356153659 0.00000000100000000000 0.16282128507606150047 0.82964442245037683943 
0.01447210383638629708 0.00000000099999999999 0.22571752573196673941 0.75981036943164681485 
0.00000000099999999999 0.00000000099999999999 0.19657137712771305393 0.80342862087228705814 
0.00221304023065839461 0.00000000100000000000 0.19412431510884264885 0.80366264366049877665 
0.01278221294790338539 0.00000000100000000000 0.17354370230248042373 0.81367408374961613937 
0.01883126719754825082 0.00000000100000000000 0.23513119144965441421 0.74603754035279745693 
0.00000000099999999999 0.00000000099999999999 0.20581957689852323212 0.79418042110147668566 
0.02045947255868865722 0.01802801378516753761 0.84021958709313815383 0.12129292656300570685 
0.01755765634983503728 0.02085202334541943342 0.82388760200901878239 0.13770271829572672262 
0.00755817981899738200 0.00000000100000000000 0.90371861990192270397 0.08872319927907981740 
0.02001892768630453984 0.04608680196636871090 0.81971644754748917983 0.11417782279983769433 
0.01836356031086005744 0.00000000100000000000 0.90021071164571797585 0.08142572704342208867 
0.00000000100000000000 0.00000000100000000000 0.89700569236337890366 0.10299430563662097249 
0.01264181382029346337 0.06108344760936097045 0.77986470171394206563 0.14641003685640355259 
0.01440127160245508950 0.01581340515557640505 0.87211888767999867778 0.09766643556196981379 
0.00230822201780056958 0.00000000100000000000 0.90440915392919873916 0.09328262305300069612 
0.01917824230641190786 0.00000000100000000000 0.91170259111486107173 0.06911916557872695155 
0.00000000099999999980 0.99999999699999997382 0.00000000099999999980 0.00000000099999999980 
0.00000000099999999983 0.99999999700000008485 0.00000000099999999983 0.00000000099999999983 
0.00000000099999999981 0.99999999700000008485 0.00000000099999999981 0.00000000099999999981 
0.00000000099999999982 0.99999999700000008485 0.00000000099999999982 0.00000000099999999982 
0.00000000099999999982 0.99999999699999997382 0.00000000099999999982 0.00000000099999999982 
0.00000000099999999980 0.99999999700000008485 0.00000000099999999980 0.00000000099999999980 
0.00000000099999999982 0.99999999700000008485 0.00000000099999999982 0.00000000099999999982 
0.00000000099999999983 0.99999999700000008485 0.00000000099999999983 0.00000000099999999983 
0.00000000099999999982 0.99999999700000008485 0.00000000099999999982 0.00000000099999999982 
0.00000000099999999981 0.99999999700000008485 0.00000000099999999981 0.00000000099999999981 
0.00000000099999999994 0.99999999700000008485 0.00000000099999999994 0.00000000099999999994 
0.00000000099999999998 0.95254746623693886676 0.00000000099999999998 0.04745253176306121062 
0.00000000099999999987 0.99999999699999997382 0.00000000099999999987 0.00000000099999999987 
0.00000000099999999986 0.99999999700000008485 0.00000000099999999986 0.00000000099999999986 
0.00000000099999999986 0.99999999699999997382 0.00000000099999999986 0.00000000099999999986 
0.00000000099999999988 0.99999999699999997382 0.00000000099999999988 0.00000000099999999988 
0.00000000099999999986 0.99999999700000008485 0.00000000099999999986 0.00000000099999999986 
0.00000000099999999985 0.99999999699999997382 0.00000000099999999985 0.00000000099999999985 
0.00000000099999999986 0.99999999699999997382 0.00000000099999999986 0.00000000099999999986 
0.00000000099999999986 0.99999999700000008485 0.00000000099999999986 0.00000000099999999986 
0.01042678965243357819 0.00000000099999999999 0.05922355682910054181 0.93034965251846579726 
0.01778387074824575378 0.00000000099999999999 0.00000000099999999999 0.98221612725175422298 
0.03939878103386944275 0.00000000099999999998 0.00000000099999999998 0.96060121696613054443 
0.00000000099999999996 0.00000000099999999996 0.00000000099999999996 0.99999999699999997382 
0.06232704065624791040 0.00000000099999999997 0.00000000099999999997 0.93767295734375200045 
0.04009399824933462808 0.00384126778568770607 0.00336784030689503064 0.95269689365808263304 
0.04020624658365967025 0.00000000100000000000 0.04779385899184435127 0.91199989342449594432 
0.99999999699999997382 0.00000000099999999963 0.00000000099999999963 0.00000000099999999963 
0.02588875156014664586 0.00000000099999999999 0.00000000099999999999 0.97411124643985336213 
0.03467345878322491276 0.00000000100000000000 0.02416504570652626416 0.94116149451024877504 
0.03432762846329413808 0.00000000099999999998 0.00000000099999999998 0.96567236953670576582 
0.03807933559221811370 0.00000000099999999999 0.00000000099999999999 0.96192066240778184572 
0.01667949105855638312 0.00000000099999999997 0.00000000099999999997 0.98332050694144368386 
0.00000000099999999999 0.00000000099999999999 0.00000000099999999999 0.99999999699999997382 
0.04294352682820918449 0.00000000100000000000 0.00777227973129809499 0.94928419244049266901 
0.02693009575728544727 0.00000000099999999999 0.00000000099999999999 0.97306990224271450174 
0.99999999699999997382 0.00000000099999999963 0.00000000099999999963 0.00000000099999999963 
0.00000000099999999996 0.00000000099999999996 0.00000000099999999996 0.99999999699999997382 
0.03692231807197841192 0.00000000099999999997 0.00000000099999999997 0.96307767992802162382 
0.02611153544445123098 0.00000000100000000000 0.04326266664202180895 0.93062579691352687039 
0.03212363082489495814 0.00000000100000000000 0.04838294033778379327 0.91949342783732113116 
