     1.34843     0.138663      0.11508     0.119371      0.11421     0.106686     0.234865     0.105708     0.114553     0.126856     0.101278     0.100372    0.0913808    0.0931289    0.0950632     0.100794     0.107525     0.110283     0.106691    0.0937271   0.00736514  -0.00046321   -0.0100174    -0.008884   -0.0115123  -0.00981997  -0.00262023  -0.00852329  0.000484318  -0.00466316    -0.184085     -0.18334    -0.184891    -0.184099    -0.184785    -0.184571      -0.1847    -0.184302    -0.183924    -0.184608    -0.177886    -0.177989     -0.17954     -0.17977    -0.180688    -0.178681    -0.179362    -0.181035     -0.18056    -0.180798     0.102001    0.0928148    0.0945844
    0.138663      1.33818     0.136267      0.12145     0.167042     0.160318      0.18715     0.150715     0.170132     0.134925    0.0882439    0.0865257    0.0954878    0.0951608    0.0984173    0.0904991     0.092979    0.0904663    0.0948714    0.0889193   -0.0173374  -0.00397471  -0.00914689  -0.00782428   -0.0101545   -0.0137579  -0.00582544  -0.00992687   -0.0130438   -0.0104522    -0.189982    -0.187999     -0.18905    -0.188345    -0.190173    -0.189845    -0.190335    -0.189697    -0.189621    -0.189855    -0.182163    -0.180994    -0.185961    -0.184182    -0.185439    -0.180536    -0.184459    -0.185141    -0.185796    -0.184291    0.0988741     0.113581     0.100991
     0.11508     0.136267      1.31165     0.195592     0.180801     0.156198     0.166595     0.185721     0.186299     0.212906    0.0857645    0.0838655    0.0916672    0.0935429    0.0944291    0.0934701    0.0960911    0.0936867    0.0837414    0.0841658  -0.00631675   -0.0133493    -0.011719   -0.0174738   -0.0136731   -0.0145991   -0.0115236   -0.0125453   -0.0110748   -0.0182408    -0.194377    -0.192445    -0.193197    -0.192816    -0.193054    -0.193828    -0.191422    -0.193689    -0.193888     -0.19448    -0.186042    -0.185429    -0.190154    -0.185983    -0.188074    -0.184853    -0.187779    -0.185726     -0.18905    -0.188902     0.114632      0.12101     0.116931
    0.119371      0.12145     0.195592      1.28766     0.156281     0.155106     0.168749     0.164727     0.164832     0.188243    0.0878932    0.0839298    0.0889221    0.0887046    0.0902378     0.087956    0.0914576    0.0936161    0.0813465    0.0866198  -0.00336281  -0.00971226  -0.00909305   -0.0115221  -0.00832709   -0.0111827  -0.00780171   -0.0134683  -0.00324641   -0.0140553    -0.187849    -0.186166    -0.187278    -0.187632    -0.186111    -0.187844    -0.187068    -0.188895    -0.187345     -0.18709    -0.181016    -0.179356    -0.185402    -0.181906    -0.184139    -0.180214     -0.18234    -0.183438    -0.183069    -0.183746     0.105536     0.110637     0.116068
     0.11421     0.167042     0.180801     0.156281      1.30505     0.187741      0.18887     0.324676      0.18952     0.188342    0.0825383    0.0846025    0.0810819    0.0820828    0.0942366    0.0841732    0.0903381     0.089094    0.0830096    0.0809249   -0.0157773   -0.0148676   -0.0187049   -0.0259337    -0.013211   -0.0285497   -0.0209429   -0.0189744    -0.017978   -0.0195546     -0.19681    -0.193854    -0.194546    -0.194255    -0.195169    -0.196057    -0.195005    -0.195302     -0.19493    -0.195425    -0.189206    -0.187696    -0.190586    -0.191002    -0.191339    -0.186314    -0.190577    -0.190931     -0.19087    -0.191043    0.0954752    0.0932878    0.0853038
    0.106686     0.160318     0.156198     0.155106     0.187741      1.26833     0.184842      0.18163     0.184944     0.161337    0.0846344    0.0834104    0.0831712    0.0853687    0.0950101    0.0914766    0.0891762    0.0846856    0.0806912    0.0838726   -0.0194158   -0.0152739  -0.00907511   -0.0114888   -0.0153316     -0.02286   -0.0101055   -0.0153836   -0.0173896   -0.0183034    -0.187069    -0.183603    -0.184674    -0.185521    -0.185677    -0.185892    -0.185364    -0.185582    -0.186032    -0.186509    -0.179535    -0.178822    -0.182162    -0.179418    -0.181309    -0.177644    -0.181051    -0.182041     -0.18011     -0.18133    0.0975901     0.112387     0.111582
    0.234865      0.18715     0.166595     0.168749      0.18887     0.184842      1.26665     0.180594     0.191437     0.177912    0.0897639    0.0839705    0.0871846    0.0869225    0.0945492     0.090516     0.103027    0.0956383    0.0919068    0.0852206  -0.00872879   -0.0154313   -0.0166954   -0.0175315   -0.0165979   -0.0229275  -0.00884425   -0.0200893    -0.015204   -0.0154993    -0.196021    -0.194366    -0.195988    -0.194395    -0.194663    -0.195937    -0.194413     -0.19568    -0.194716    -0.195782    -0.186579    -0.187033    -0.192152    -0.190298    -0.190143     -0.18844    -0.190882    -0.189224     -0.19127    -0.189832     0.108839     0.103887     0.107972
    0.105708     0.150715     0.185721     0.164727     0.324676      0.18163     0.180594       1.4029     0.172065     0.182847    0.0757562    0.0786122    0.0762268    0.0817727    0.0843887     0.084343    0.0870093    0.0852219    0.0875478    0.0778305  -0.00816588   -0.0207934   -0.0235197   -0.0269295   -0.0182705   -0.0281537   -0.0227797    -0.021195   -0.0194027   -0.0221415     -0.19711    -0.194586    -0.195626    -0.187833    -0.193424    -0.195244    -0.194681     -0.18924    -0.195262    -0.194884    -0.187291     -0.18751    -0.190944    -0.190874     -0.19052    -0.187959    -0.188949    -0.190374    -0.189672    -0.191883    0.0913254    0.0843598     0.072382
    0.114553     0.170132     0.186299     0.164832      0.18952     0.184944     0.191437     0.172065      1.28748     0.184704    0.0818956    0.0813896    0.0739704    0.0836202    0.0736006    0.0841613    0.0834356    0.0779855    0.0850771    0.0762979   -0.0128117   -0.0216449   -0.0166696    -0.019749     -0.01561   -0.0218985   -0.0125267   -0.0187091   -0.0135373   -0.0212037    -0.186973    -0.183636     -0.18462    -0.184686    -0.184653    -0.185672     -0.18458    -0.184965    -0.184501    -0.186068    -0.180329    -0.177873    -0.182005    -0.178721    -0.181694    -0.175975    -0.180188    -0.179891    -0.180202    -0.180638    0.0905425      0.10107    0.0993804
    0.126856     0.134925     0.212906     0.188243     0.188342     0.161337     0.177912     0.182847     0.184704      1.32023    0.0903237    0.0842539    0.0850986    0.0939578    0.0927091    0.0937779    0.0948792    0.0896416    0.0874211    0.0796335  -0.00118252    -0.014121   -0.0172886   -0.0180884    -0.012922   -0.0227254   -0.0107317   -0.0169527  -0.00897697   -0.0177206    -0.194841    -0.192981    -0.193489    -0.192944    -0.193349    -0.194885    -0.193256    -0.194521    -0.194112    -0.193096     -0.18811    -0.186052    -0.190521    -0.189002    -0.187937     -0.18633    -0.187532    -0.189477    -0.189312    -0.189112     0.115321     0.117657     0.116153
    0.101278    0.0882439    0.0857645    0.0878932    0.0825383    0.0846344    0.0897639    0.0757562    0.0818956    0.0903237      1.26123     0.172999     0.095472     0.104092    0.0969709      0.11768     0.102555     0.102359     0.102241     0.108906  -0.00161733  -0.00634692   0.00200303  -0.00887766  -0.00300103  -0.00858391    0.0106558  -0.00250449   0.00171143    -0.008451    -0.171998    -0.170048     -0.17313    -0.172315    -0.169875    -0.170693    -0.169692    -0.171642    -0.169825    -0.170567    -0.163419    -0.161945    -0.167964    -0.165743    -0.166251    -0.165373    -0.164436    -0.166539    -0.167574    -0.168254    0.0864371    0.0896976     0.101403
    0.100372    0.0865257    0.0838655    0.0839298    0.0846025    0.0834104    0.0839705    0.0786122    0.0813896    0.0842539     0.172999      1.25381     0.108048    0.0992695     0.093593     0.105217     0.100208      0.10765     0.096161     0.110803   0.00133139  -0.00460221   -0.0013136   -0.0132935  -0.00635315  -0.00581488    0.0020523   -0.0066672   0.00204017   -0.0070013    -0.168982    -0.167865    -0.169091    -0.169667     -0.16802    -0.168654     -0.16836    -0.169763    -0.167507    -0.168883     -0.16235    -0.161196    -0.166371    -0.166453    -0.166729    -0.161014     -0.16314    -0.166429    -0.164106    -0.165321    0.0977032      0.09507     0.102051
   0.0913808    0.0954878    0.0916672    0.0889221    0.0810819    0.0831712    0.0871846    0.0762268    0.0739704    0.0850986     0.095472     0.108048      1.23184     0.125829     0.107064    0.0997995     0.107382    0.0983392     0.101247    0.0896319  -0.00356393   0.00292269   -0.0121772  -0.00246937 -0.000759865  -0.00643845  7.89742e-05  -0.00146656  -0.00303699  -0.00699843     -0.16668    -0.164637    -0.166486    -0.165864    -0.166049    -0.167554    -0.165797    -0.166294    -0.164922    -0.167037    -0.158866    -0.160363    -0.162843    -0.162371    -0.163327    -0.157044    -0.162915    -0.163744    -0.161498    -0.163739     0.124701     0.121902     0.109203
   0.0931289    0.0951608    0.0935429    0.0887046    0.0820828    0.0853687    0.0869225    0.0817727    0.0836202    0.0939578     0.104092    0.0992695     0.125829      1.26683     0.102368     0.106603    0.0977914      0.11284    0.0919385     0.101152 -0.000299715 -0.000294682  -0.00587163   -0.0132115 -0.000244015   -0.0105528  -0.00190175 -0.000461212    0.0030595   -0.0032881    -0.171569    -0.168219    -0.169714    -0.168523     -0.16889    -0.170458    -0.168914    -0.169535    -0.168935    -0.169865    -0.162081    -0.161119    -0.165245    -0.164315     -0.16527    -0.163558    -0.166158    -0.166646    -0.166816    -0.164724    0.0877072    0.0953842    0.0930519
   0.0950632    0.0984173    0.0944291    0.0902378    0.0942366    0.0950101    0.0945492    0.0843887    0.0736006    0.0927091    0.0969709     0.093593     0.107064     0.102368      1.21784     0.110919     0.100262     0.107662    0.0949665     0.104211  -0.00889678   0.00102483  -0.00101004  -0.00223752 -0.000829989  -0.00745755    0.0028931  -0.00354953   0.00073092  -0.00706999    -0.168227    -0.167799    -0.167958    -0.169067    -0.166506    -0.168362    -0.166283    -0.167674    -0.167368     -0.16743    -0.161984    -0.161264    -0.164192    -0.164011    -0.165548    -0.161104    -0.166085    -0.162791    -0.163934    -0.163385     0.107478     0.126211     0.113176
    0.100794    0.0904991    0.0934701     0.087956    0.0841732    0.0914766     0.090516     0.084343    0.0841613    0.0937779      0.11768     0.105217    0.0997995     0.106603     0.110919      1.27873    0.0965183    0.0945661     0.117745    0.0953699  -0.00766586  -0.00521548   0.00243947  -0.00779801   0.00281264 -0.000400253   0.00203474  -0.00710194   0.00340723  -0.00269986     -0.17185    -0.169848     -0.17132    -0.171789    -0.170654    -0.171592    -0.171154    -0.172247    -0.170187    -0.171674    -0.163248    -0.164177    -0.167983    -0.166987    -0.166209    -0.165554    -0.165309    -0.166787      -0.1667    -0.167823    0.0963356    0.0962679    0.0977996
    0.107525     0.092979    0.0960911    0.0914576    0.0903381    0.0891762     0.103027    0.0870093    0.0834356    0.0948792     0.102555     0.100208     0.107382    0.0977914     0.100262    0.0965183        1.224     0.104373     0.101217     0.108775   0.00628481  0.000969916  -0.00162168  -0.00130623  -0.00560668  -0.00726389  0.000597307   0.00167314  -0.00370468  -0.00707824    -0.170226    -0.168585    -0.167939    -0.168928    -0.168636    -0.169365    -0.169882    -0.170335     -0.16703    -0.170088    -0.162501    -0.162534    -0.164125    -0.165014    -0.166949    -0.162124    -0.165302    -0.166347    -0.164681    -0.166369       0.1261     0.118305     0.105299
    0.110283    0.0904663    0.0936867    0.0936161     0.089094    0.0846856    0.0956383    0.0852219    0.0779855    0.0896416     0.102359      0.10765    0.0983392      0.11284     0.107662    0.0945661     0.104373      1.27309    0.0944538     0.105072  -0.00137871   0.00720846  -0.00378294  -0.00381556  -0.00534956   -0.0103538   0.00484774  -0.00196891   0.00283981  -0.00382575    -0.171009    -0.168702    -0.170106    -0.169524    -0.170086    -0.170431    -0.169737    -0.172801    -0.170802    -0.170331    -0.164435    -0.165188    -0.168037     -0.16475    -0.167467     -0.16315    -0.165239     -0.16712    -0.166034    -0.167521    0.0927187     0.112776     0.105082
    0.106691    0.0948714    0.0837414    0.0813465    0.0830096    0.0806912    0.0919068    0.0875478    0.0850771    0.0874211     0.102241     0.096161     0.101247    0.0919385    0.0949665     0.117745     0.101217    0.0944538      1.23054    0.0892197   0.00820379   0.00158342  -0.00767245  -0.00231722 -0.000733077  -0.00795388   0.00618159  -0.00404832  -0.00101479   -0.0078772     -0.16832    -0.166567      -0.1661    -0.160911     -0.16705    -0.166502    -0.166608    -0.160691       -0.164    -0.166629    -0.159683    -0.159183    -0.163678    -0.161807    -0.162425    -0.160403    -0.160611    -0.162679    -0.160518    -0.162798     0.129077      0.10936     0.100267
   0.0937271    0.0889193    0.0841658    0.0866198    0.0809249    0.0838726    0.0852206    0.0778305    0.0762979    0.0796335     0.108906     0.110803    0.0896319     0.101152     0.104211    0.0953699     0.108775     0.105072    0.0892197      1.21423  -0.00157511   0.00338014  -0.00113481  -0.00154888  -0.00258728  -0.00667527   0.00636759  -0.00370312   0.00301091  -0.00540579    -0.165194    -0.163123     -0.16352    -0.162641    -0.163233    -0.163779     -0.16259    -0.164541    -0.163594    -0.164402    -0.156682    -0.156109    -0.161844    -0.158185    -0.160302    -0.157439    -0.159351    -0.160203    -0.159789    -0.160982     0.107142     0.112965     0.111548
  0.00736514   -0.0173374  -0.00631675  -0.00336281   -0.0157773   -0.0194158  -0.00872879  -0.00816588   -0.0128117  -0.00118252  -0.00161733   0.00133139  -0.00356393 -0.000299715  -0.00889678  -0.00766586   0.00628481  -0.00137871   0.00820379  -0.00157511      1.05688    0.0168225    0.0134586    0.0188817    0.0159668    0.0130846   0.00857882    0.0206964    0.0169016    0.0213227   -0.0545674   -0.0555857   -0.0550361   -0.0540228   -0.0543146   -0.0538094    -0.054035   -0.0546712   -0.0540748    -0.054855   -0.0519658   -0.0536152   -0.0534935   -0.0546112   -0.0565017    -0.055186   -0.0540376   -0.0520456   -0.0548765   -0.0548247    0.0140241   0.00520305   -0.0039828
 -0.00046321  -0.00397471   -0.0133493  -0.00971226   -0.0148676   -0.0152739   -0.0154313   -0.0207934   -0.0216449    -0.014121  -0.00634692  -0.00460221   0.00292269 -0.000294682   0.00102483  -0.00521548  0.000969916   0.00720846   0.00158342   0.00338014    0.0168225      1.04095    0.0128499   0.00945322    0.0164906    0.0152715     0.019801   0.00652712    0.0151244    0.0213471   -0.0522554   -0.0523882   -0.0522676    -0.051948    -0.051668   -0.0510242   -0.0516516   -0.0527593   -0.0529716   -0.0517192   -0.0501132   -0.0514788   -0.0512794   -0.0511987   -0.0540974   -0.0513996   -0.0514515   -0.0523474   -0.0512098   -0.0549361   0.00136939   0.00232113   0.00584747
  -0.0100174  -0.00914689    -0.011719  -0.00909305   -0.0187049  -0.00907511   -0.0166954   -0.0235197   -0.0166696   -0.0172886   0.00200303   -0.0013136   -0.0121772  -0.00587163  -0.00101004   0.00243947  -0.00162168  -0.00378294  -0.00767245  -0.00113481    0.0134586    0.0128499      1.05677    0.0198284    0.0199448    0.0274641    0.0262228    0.0192858    0.0260282     0.032847   -0.0520517   -0.0510517   -0.0535354   -0.0520605   -0.0525804    -0.052058   -0.0530953   -0.0520018   -0.0518919   -0.0529386   -0.0514854    -0.052742   -0.0523586   -0.0500069   -0.0533613    -0.052989   -0.0527697    -0.052045   -0.0527238   -0.0517789   -0.0154382  0.000838269  0.000940043
   -0.008884  -0.00782428   -0.0174738   -0.0115221   -0.0259337   -0.0114888   -0.0175315   -0.0269295    -0.019749   -0.0180884  -0.00887766   -0.0132935  -0.00246937   -0.0132115  -0.00223752  -0.00779801  -0.00130623  -0.00381556  -0.00231722  -0.00154888    0.0188817   0.00945322    0.0198284      1.03752    0.0202684   0.00991486   0.00536585    0.0205409    0.0161796     0.017184   -0.0467553   -0.0462779    -0.045763    -0.046967    -0.045917   -0.0457802   -0.0465639   -0.0479839   -0.0450464   -0.0477082   -0.0460943   -0.0455827   -0.0469702   -0.0449806   -0.0466226   -0.0466655   -0.0457301   -0.0475134   -0.0465644   -0.0470105    0.0024625   0.00258153   0.00628351
  -0.0115123   -0.0101545   -0.0136731  -0.00832709    -0.013211   -0.0153316   -0.0165979   -0.0182705     -0.01561    -0.012922  -0.00300103  -0.00635315 -0.000759865 -0.000244015 -0.000829989   0.00281264  -0.00560668  -0.00534956 -0.000733077  -0.00258728    0.0159668    0.0164906    0.0199448    0.0202684       1.0425    0.0223527   0.00760042    0.0148165    0.0154332    0.0194184    -0.049884   -0.0502328   -0.0489969    -0.049738   -0.0519435   -0.0508155   -0.0501689   -0.0510869   -0.0512477   -0.0497098   -0.0502246   -0.0507278    -0.052484   -0.0503291   -0.0506082   -0.0497227   -0.0512298   -0.0511328   -0.0498945   -0.0503595  -0.00467497  -0.00502671  -0.00571054
 -0.00981997   -0.0137579   -0.0145991   -0.0111827   -0.0285497     -0.02286   -0.0229275   -0.0281537   -0.0218985   -0.0227254  -0.00858391  -0.00581488  -0.00643845   -0.0105528  -0.00745755 -0.000400253  -0.00726389   -0.0103538  -0.00795388  -0.00667527    0.0130846    0.0152715    0.0274641   0.00991486    0.0223527      1.04279     0.018918    0.0122419    0.0169444    0.0133294   -0.0451486   -0.0458313   -0.0434372   -0.0451226   -0.0455138   -0.0434629   -0.0446767   -0.0450319   -0.0449235    -0.044047   -0.0446893     -0.04468   -0.0450201   -0.0441537   -0.0439793   -0.0458937   -0.0431468   -0.0452003   -0.0459485   -0.0472417  -0.00671822  -0.00588872  -0.00334578
 -0.00262023  -0.00582544   -0.0115236  -0.00780171   -0.0209429   -0.0101055  -0.00884425   -0.0227797   -0.0125267   -0.0107317    0.0106558    0.0020523  7.89742e-05  -0.00190175    0.0028931   0.00203474  0.000597307   0.00484774   0.00618159   0.00636759   0.00857882     0.019801    0.0262228   0.00536585   0.00760042     0.018918      1.04044    0.0113204    0.0149185   0.00965377     -0.05364   -0.0541428   -0.0560836    -0.053729   -0.0538515   -0.0560761   -0.0543365   -0.0534951   -0.0533261   -0.0533212   -0.0542618   -0.0542526   -0.0546798   -0.0529557   -0.0543042   -0.0559719   -0.0533179   -0.0521419   -0.0537339   -0.0536815    0.0142055     0.013093    0.0130959
 -0.00852329  -0.00992687   -0.0125453   -0.0134683   -0.0189744   -0.0153836   -0.0200893    -0.021195   -0.0187091   -0.0169527  -0.00250449   -0.0066672  -0.00146656 -0.000461212  -0.00354953  -0.00710194   0.00167314  -0.00196891  -0.00404832  -0.00370312    0.0206964   0.00652712    0.0192858    0.0205409    0.0148165    0.0122419    0.0113204      1.03539    0.0286272    0.0160458   -0.0495091   -0.0497152   -0.0505768    -0.049677   -0.0502262   -0.0486672   -0.0493691   -0.0496291   -0.0488868   -0.0491955   -0.0486839   -0.0471656   -0.0498087   -0.0483531   -0.0503848   -0.0508925   -0.0512033   -0.0459542   -0.0503345   -0.0506676   0.00145289   0.00178871  -0.00012223
 0.000484318   -0.0130438   -0.0110748  -0.00324641    -0.017978   -0.0173896    -0.015204   -0.0194027   -0.0135373  -0.00897697   0.00171143   0.00204017  -0.00303699    0.0030595   0.00073092   0.00340723  -0.00370468   0.00283981  -0.00101479   0.00301091    0.0169016    0.0151244    0.0260282    0.0161796    0.0154332    0.0169444    0.0149185    0.0286272      1.04076    0.0232594   -0.0552681   -0.0553786    -0.056687   -0.0551425   -0.0551358   -0.0541786   -0.0543378   -0.0546622   -0.0542534   -0.0546662    -0.054002   -0.0543001   -0.0530499    -0.053502   -0.0560123   -0.0551404   -0.0541455   -0.0546535   -0.0555102   -0.0561283  -0.00323781  -0.00340874  -0.00102517
 -0.00466316   -0.0104522   -0.0182408   -0.0140553   -0.0195546   -0.0183034   -0.0154993   -0.0221415   -0.0212037   -0.0177206    -0.008451   -0.0070013  -0.00699843   -0.0032881  -0.00706999  -0.00269986  -0.00707824  -0.00382575   -0.0078772  -0.00540579    0.0213227    0.0213471     0.032847     0.017184    0.0194184    0.0133294   0.00965377    0.0160458    0.0232594      1.03844   -0.0488069   -0.0504782   -0.0489541   -0.0488643   -0.0472343   -0.0485312   -0.0478975   -0.0490592   -0.0481145    -0.048035   -0.0479665   -0.0485196   -0.0466326   -0.0491097   -0.0495627   -0.0474867   -0.0474523    -0.048131   -0.0497156   -0.0490124  -0.00556474  -0.00659719  -0.00274629
   -0.184085    -0.189982    -0.194377    -0.187849     -0.19681    -0.187069    -0.196021     -0.19711    -0.186973    -0.194841    -0.171998    -0.168982     -0.16668    -0.171569    -0.168227     -0.17185    -0.170226    -0.171009     -0.16832    -0.165194   -0.0545674   -0.0522554   -0.0520517   -0.0467553    -0.049884   -0.0451486     -0.05364   -0.0495091   -0.0552681   -0.0488069     0.883137     0.202579     0.201528     0.199628     0.200595     0.202111     0.199495     0.199931     0.200396     0.202298     0.185401     0.185144     0.190377     0.190795     0.192369     0.185177     0.187213     0.191039     0.188969     0.191108    -0.179442    -0.181129    -0.175115
    -0.18334    -0.187999    -0.192445    -0.186166    -0.193854    -0.183603    -0.194366    -0.194586    -0.183636    -0.192981    -0.170048    -0.167865    -0.164637    -0.168219    -0.167799    -0.169848    -0.168585    -0.168702    -0.166567    -0.163123   -0.0555857   -0.0523882   -0.0510517   -0.0462779   -0.0502328   -0.0458313   -0.0541428   -0.0497152   -0.0553786   -0.0504782     0.202579       0.8787     0.201193     0.199763     0.200335     0.200299      0.20077     0.202143     0.201175     0.200369     0.185765     0.185218     0.190498     0.187592     0.189849     0.183898      0.19026     0.190206     0.189834     0.190766    -0.178465    -0.178673    -0.173631
   -0.184891     -0.18905    -0.193197    -0.187278    -0.194546    -0.184674    -0.195988    -0.195626     -0.18462    -0.193489     -0.17313    -0.169091    -0.166486    -0.169714    -0.167958     -0.17132    -0.167939    -0.170106      -0.1661     -0.16352   -0.0550361   -0.0522676   -0.0535354    -0.045763   -0.0489969   -0.0434372   -0.0560836   -0.0505768    -0.056687   -0.0489541     0.201528     0.201193     0.876421      0.20072      0.20019     0.200248      0.19937     0.201155     0.200135     0.200053     0.186408     0.185102     0.191005     0.188205     0.191108     0.185251      0.18995     0.191405     0.189752     0.191868    -0.178393    -0.178394     -0.17184
   -0.184099    -0.188345    -0.192816    -0.187632    -0.194255    -0.185521    -0.194395    -0.187833    -0.184686    -0.192944    -0.172315    -0.169667    -0.165864    -0.168523    -0.169067    -0.171789    -0.168928    -0.169524    -0.160911    -0.162641   -0.0540228    -0.051948   -0.0520605    -0.046967    -0.049738   -0.0451226    -0.053729    -0.049677   -0.0551425   -0.0488643     0.199628     0.199763      0.20072     0.884481     0.198595     0.198569     0.199401     0.207268     0.198075     0.198262     0.182744     0.183081     0.187215     0.186282     0.190241      0.18319     0.185367     0.186708     0.188273      0.18816    -0.179228    -0.179557    -0.174788
   -0.184785    -0.190173    -0.193054    -0.186111    -0.195169    -0.185677    -0.194663    -0.193424    -0.184653    -0.193349    -0.169875     -0.16802    -0.166049     -0.16889    -0.166506    -0.170654    -0.168636    -0.170086     -0.16705    -0.163233   -0.0543146    -0.051668   -0.0525804    -0.045917   -0.0519435   -0.0455138   -0.0538515   -0.0502262   -0.0551358   -0.0472343     0.200595     0.200335      0.20019     0.198595     0.879871      0.20292     0.198971     0.199617       0.1995     0.200317     0.185218     0.183975     0.190161     0.188687     0.189525     0.184502     0.189442     0.189329      0.18837     0.191213    -0.179507    -0.180884    -0.174823
   -0.184571    -0.189845    -0.193828    -0.187844    -0.196057    -0.185892    -0.195937    -0.195244    -0.185672    -0.194885    -0.170693    -0.168654    -0.167554    -0.170458    -0.168362    -0.171592    -0.169365    -0.170431    -0.166502    -0.163779   -0.0538094   -0.0510242    -0.052058   -0.0457802   -0.0508155   -0.0434629   -0.0560761   -0.0486672   -0.0541786   -0.0485312     0.202111     0.200299     0.200248     0.198569      0.20292     0.880364     0.201439     0.200587      0.19988     0.202253     0.185917       0.1849     0.191676     0.187854      0.18855     0.184951     0.187838     0.190714     0.189437     0.190727    -0.178826    -0.180001    -0.174785
     -0.1847    -0.190335    -0.191422    -0.187068    -0.195005    -0.185364    -0.194413    -0.194681     -0.18458    -0.193256    -0.169692     -0.16836    -0.165797    -0.168914    -0.166283    -0.171154    -0.169882    -0.169737    -0.166608     -0.16259    -0.054035   -0.0516516   -0.0530953   -0.0465639   -0.0501689   -0.0446767   -0.0543365   -0.0493691   -0.0543378   -0.0478975     0.199495      0.20077      0.19937     0.199401     0.198971     0.201439     0.878701     0.200863     0.197786     0.199809     0.182892     0.186619     0.187602     0.187887     0.191756     0.184586     0.186204      0.19004     0.188804     0.189821     -0.17727    -0.179046    -0.174679
   -0.184302    -0.189697    -0.193689    -0.188895    -0.195302    -0.185582     -0.19568     -0.18924    -0.184965    -0.194521    -0.171642    -0.169763    -0.166294    -0.169535    -0.167674    -0.172247    -0.170335    -0.172801    -0.160691    -0.164541   -0.0546712   -0.0527593   -0.0520018   -0.0479839   -0.0510869   -0.0450319   -0.0534951   -0.0496291   -0.0546622   -0.0490592     0.199931     0.202143     0.201155     0.207268     0.199617     0.200587     0.200863     0.884735     0.201095      0.20105     0.185426     0.185289     0.187887     0.188301     0.191416      0.18522     0.189972     0.188742     0.187017     0.189261    -0.178781    -0.181596    -0.175122
   -0.183924    -0.189621    -0.193888    -0.187345     -0.19493    -0.186032    -0.194716    -0.195262    -0.184501    -0.194112    -0.169825    -0.167507    -0.164922    -0.168935    -0.167368    -0.170187     -0.16703    -0.170802       -0.164    -0.163594   -0.0540748   -0.0529716   -0.0518919   -0.0450464   -0.0512477   -0.0449235   -0.0533261   -0.0488868   -0.0542534   -0.0481145     0.200396     0.201175     0.200135     0.198075       0.1995      0.19988     0.197786     0.201095     0.875984     0.201176     0.185511     0.185586     0.188852     0.188098     0.191431      0.18436      0.18987     0.189605     0.187574     0.190553    -0.177664    -0.179142    -0.173657
   -0.184608    -0.189855     -0.19448     -0.18709    -0.195425    -0.186509    -0.195782    -0.194884    -0.186068    -0.193096    -0.170567    -0.168883    -0.167037    -0.169865     -0.16743    -0.171674    -0.170088    -0.170331    -0.166629    -0.164402    -0.054855   -0.0517192   -0.0529386   -0.0477082   -0.0497098    -0.044047   -0.0533212   -0.0491955   -0.0546662    -0.048035     0.202298     0.200369     0.200053     0.198262     0.200317     0.202253     0.199809      0.20105     0.201176     0.879318     0.184897     0.186569     0.191715     0.189641     0.191127     0.187005     0.187922     0.188202      0.18985     0.193149    -0.178928    -0.180467    -0.175853
   -0.177886    -0.182163    -0.186042    -0.181016    -0.189206    -0.179535    -0.186579    -0.187291    -0.180329     -0.18811    -0.163419     -0.16235    -0.158866    -0.162081    -0.161984    -0.163248    -0.162501    -0.164435    -0.159683    -0.156682   -0.0519658   -0.0501132   -0.0514854   -0.0460943   -0.0502246   -0.0446893   -0.0542618   -0.0486839    -0.054002   -0.0479665     0.185401     0.185765     0.186408     0.182744     0.185218     0.185917     0.182892     0.185426     0.185511     0.184897     0.882484     0.183488     0.186095     0.185444     0.186482     0.179953     0.190127     0.183373     0.183254     0.186796    -0.171509    -0.173176    -0.169112
   -0.177989    -0.180994    -0.185429    -0.179356    -0.187696    -0.178822    -0.187033     -0.18751    -0.177873    -0.186052    -0.161945    -0.161196    -0.160363    -0.161119    -0.161264    -0.164177    -0.162534    -0.165188    -0.159183    -0.156109   -0.0536152   -0.0514788    -0.052742   -0.0455827   -0.0507278     -0.04468   -0.0542526   -0.0471656   -0.0543001   -0.0485196     0.185144     0.185218     0.185102     0.183081     0.183975       0.1849     0.186619     0.185289     0.185586     0.186569     0.183488     0.883491      0.18315     0.186778     0.183947     0.179855     0.183949     0.188219     0.186655      0.18446    -0.170914    -0.171889    -0.166244
    -0.17954    -0.185961    -0.190154    -0.185402    -0.190586    -0.182162    -0.192152    -0.190944    -0.182005    -0.190521    -0.167964    -0.166371    -0.162843    -0.165245    -0.164192    -0.167983    -0.164125    -0.168037    -0.163678    -0.161844   -0.0534935   -0.0512794   -0.0523586   -0.0469702    -0.052484   -0.0450201   -0.0546798   -0.0498087   -0.0530499   -0.0466326     0.190377     0.190498     0.191005     0.187215     0.190161     0.191676     0.187602     0.187887     0.188852     0.191715     0.186095      0.18315     0.887432       0.1866      0.19076      0.19317     0.192285     0.189207     0.191048     0.192475    -0.176078    -0.176438    -0.171378
    -0.17977    -0.184182    -0.185983    -0.181906    -0.191002    -0.179418    -0.190298    -0.190874    -0.178721    -0.189002    -0.165743    -0.166453    -0.162371    -0.164315    -0.164011    -0.166987    -0.165014     -0.16475    -0.161807    -0.158185   -0.0546112   -0.0511987   -0.0500069   -0.0449806   -0.0503291   -0.0441537   -0.0529557   -0.0483531    -0.053502   -0.0491097     0.190795     0.187592     0.188205     0.186282     0.188687     0.187854     0.187887     0.188301     0.188098     0.189641     0.185444     0.186778       0.1866     0.888497     0.187903     0.185811     0.187908     0.187941     0.189613      0.18815    -0.173832    -0.175007    -0.168788
   -0.180688    -0.185439    -0.188074    -0.184139    -0.191339    -0.181309    -0.190143     -0.19052    -0.181694    -0.187937    -0.166251    -0.166729    -0.163327     -0.16527    -0.165548    -0.166209    -0.166949    -0.167467    -0.162425    -0.160302   -0.0565017   -0.0540974   -0.0533613   -0.0466226   -0.0506082   -0.0439793   -0.0543042   -0.0503848   -0.0560123   -0.0495627     0.192369     0.189849     0.191108     0.190241     0.189525      0.18855     0.191756     0.191416     0.191431     0.191127     0.186482     0.183947      0.19076     0.187903     0.887167     0.186981     0.189266     0.189813      0.19055     0.189367    -0.175328    -0.174865    -0.169797
   -0.178681    -0.180536    -0.184853    -0.180214    -0.186314    -0.177644     -0.18844    -0.187959    -0.175975     -0.18633    -0.165373    -0.161014    -0.157044    -0.163558    -0.161104    -0.165554    -0.162124     -0.16315    -0.160403    -0.157439    -0.055186   -0.0513996    -0.052989   -0.0466655   -0.0497227   -0.0458937   -0.0559719   -0.0508925   -0.0551404   -0.0474867     0.185177     0.183898     0.185251      0.18319     0.184502     0.184951     0.184586      0.18522      0.18436     0.187005     0.179953     0.179855      0.19317     0.185811     0.186981     0.887783     0.183626     0.182847     0.185271     0.190823    -0.172011    -0.171391    -0.166042
   -0.179362    -0.184459    -0.187779     -0.18234    -0.190577    -0.181051    -0.190882    -0.188949    -0.180188    -0.187532    -0.164436     -0.16314    -0.162915    -0.166158    -0.166085    -0.165309    -0.165302    -0.165239    -0.160611    -0.159351   -0.0540376   -0.0514515   -0.0527697   -0.0457301   -0.0512298   -0.0431468   -0.0533179   -0.0512033   -0.0541455   -0.0474523     0.187213      0.19026      0.18995     0.185367     0.189442     0.187838     0.186204     0.189972      0.18987     0.187922     0.190127     0.183949     0.192285     0.187908     0.189266     0.183626     0.885366     0.191346     0.188253     0.187792    -0.174852    -0.175512    -0.170305
   -0.181035    -0.185141    -0.185726    -0.183438    -0.190931    -0.182041    -0.189224    -0.190374    -0.179891    -0.189477    -0.166539    -0.166429    -0.163744    -0.166646    -0.162791    -0.166787    -0.166347     -0.16712    -0.162679    -0.160203   -0.0520456   -0.0523474    -0.052045   -0.0475134   -0.0511328   -0.0452003   -0.0521419   -0.0459542   -0.0546535    -0.048131     0.191039     0.190206     0.191405     0.186708     0.189329     0.190714      0.19004     0.188742     0.189605     0.188202     0.183373     0.188219     0.189207     0.187941     0.189813     0.182847     0.191346     0.888222     0.191683     0.188986    -0.174797    -0.177152    -0.170387
    -0.18056    -0.185796     -0.18905    -0.183069     -0.19087     -0.18011     -0.19127    -0.189672    -0.180202    -0.189312    -0.167574    -0.164106    -0.161498    -0.166816    -0.163934      -0.1667    -0.164681    -0.166034    -0.160518    -0.159789   -0.0548765   -0.0512098   -0.0527238   -0.0465644   -0.0498945   -0.0459485   -0.0537339   -0.0503345   -0.0555102   -0.0497156     0.188969     0.189834     0.189752     0.188273      0.18837     0.189437     0.188804     0.187017     0.187574      0.18985     0.183254     0.186655     0.191048     0.189613      0.19055     0.185271     0.188253     0.191683     0.888546     0.188788    -0.174664     -0.17383    -0.169132
   -0.180798    -0.184291    -0.188902    -0.183746    -0.191043     -0.18133    -0.189832    -0.191883    -0.180638    -0.189112    -0.168254    -0.165321    -0.163739    -0.164724    -0.163385    -0.167823    -0.166369    -0.167521    -0.162798    -0.160982   -0.0548247   -0.0549361   -0.0517789   -0.0470105   -0.0503595   -0.0472417   -0.0536815   -0.0506676   -0.0561283   -0.0490124     0.191108     0.190766     0.191868      0.18816     0.191213     0.190727     0.189821     0.189261     0.190553     0.193149     0.186796      0.18446     0.192475      0.18815     0.189367     0.190823     0.187792     0.188986     0.188788     0.884496    -0.174463    -0.175051    -0.171613
    0.102001    0.0988741     0.114632     0.105536    0.0954752    0.0975901     0.108839    0.0913254    0.0905425     0.115321    0.0864371    0.0977032     0.124701    0.0877072     0.107478    0.0963356       0.1261    0.0927187     0.129077     0.107142    0.0140241   0.00136939   -0.0154382    0.0024625  -0.00467497  -0.00671822    0.0142055   0.00145289  -0.00323781  -0.00556474    -0.179442    -0.178465    -0.178393    -0.179228    -0.179507    -0.178826     -0.17727    -0.178781    -0.177664    -0.178928    -0.171509    -0.170914    -0.176078    -0.173832    -0.175328    -0.172011    -0.174852    -0.174797    -0.174664    -0.174463      1.37861     0.212089     0.177824
   0.0928148     0.113581      0.12101     0.110637    0.0932878     0.112387     0.103887    0.0843598      0.10107     0.117657    0.0896976      0.09507     0.121902    0.0953842     0.126211    0.0962679     0.118305     0.112776      0.10936     0.112965   0.00520305   0.00232113  0.000838269   0.00258153  -0.00502671  -0.00588872     0.013093   0.00178871  -0.00340874  -0.00659719    -0.181129    -0.178673    -0.178394    -0.179557    -0.180884    -0.180001    -0.179046    -0.181596    -0.179142    -0.180467    -0.173176    -0.171889    -0.176438    -0.175007    -0.174865    -0.171391    -0.175512    -0.177152     -0.17383    -0.175051     0.212089      1.33088      0.17311
   0.0945844     0.100991     0.116931     0.116068    0.0853038     0.111582     0.107972     0.072382    0.0993804     0.116153     0.101403     0.102051     0.109203    0.0930519     0.113176    0.0977996     0.105299     0.105082     0.100267     0.111548   -0.0039828   0.00584747  0.000940043   0.00628351  -0.00571054  -0.00334578    0.0130959  -0.00012223  -0.00102517  -0.00274629    -0.175115    -0.173631     -0.17184    -0.174788    -0.174823    -0.174785    -0.174679    -0.175122    -0.173657    -0.175853    -0.169112    -0.166244    -0.171378    -0.168788    -0.169797    -0.166042    -0.170305    -0.170387    -0.169132    -0.171613     0.177824      0.17311      1.28526
